Flow ID, Source IP, Source Port, Destination IP, Destination Port, Protocol, Timestamp, Flow Duration, Total Fwd Packets, Total Backward Packets,Total Length of Fwd Packets, Total Length of Bwd Packets, Fwd Packet Length Max, Fwd Packet Length Min, Fwd Packet Length Mean, Fwd Packet Length Std,Bwd Packet Length Max, Bwd Packet Length Min, Bwd Packet Length Mean, Bwd Packet Length Std,Flow Bytes/s, Flow Packets/s, Flow IAT Mean, Flow IAT Std, Flow IAT Max, Flow IAT Min,Fwd IAT Total, Fwd IAT Mean, Fwd IAT Std, Fwd IAT Max, Fwd IAT Min,Bwd IAT Total, Bwd IAT Mean, Bwd IAT Std, Bwd IAT Max, Bwd IAT Min,Fwd PSH Flags, Bwd PSH Flags, Fwd URG Flags, Bwd URG Flags, Fwd Header Length, Bwd Header Length,Fwd Packets/s, Bwd Packets/s, Min Packet Length, Max Packet Length, Packet Length Mean, Packet Length Std, Packet Length Variance,FIN Flag Count, SYN Flag Count, RST Flag Count, PSH Flag Count, ACK Flag Count, URG Flag Count, CWE Flag Count, ECE Flag Count, Down/Up Ratio, Average Packet Size, Avg Fwd Segment Size, Avg Bwd Segment Size, Fwd Header Length,Fwd Avg Bytes/Bulk, Fwd Avg Packets/Bulk, Fwd Avg Bulk Rate, Bwd Avg Bytes/Bulk, Bwd Avg Packets/Bulk,Bwd Avg Bulk Rate,Subflow Fwd Packets, Subflow Fwd Bytes, Subflow Bwd Packets, Subflow Bwd Bytes,Init_Win_bytes_forward, Init_Win_bytes_backward, act_data_pkt_fwd, min_seg_size_forward,Active Mean, Active Std, Active Max, Active Min,Idle Mean, Idle Std, Idle Max, Idle Min, Label
172.217.10.106-10.42.0.42-443-32911-6,10.42.0.42,32911,172.217.10.106,443,6,08/08/2017 02:57:11,103098,7,5,293.0,3871.0,208.0,0.0,41.85714285714286,79.8173510197471,1418.0,0.0,774.2,723.834373320306,40388.75632892976,116.39411045801083,9372.545454545454,14270.550083046108,36587.0,2.0,103098.0,17183.0,18496.718573844388,40385.0,917.0,42148.0,10537.0,19953.66136828026,40453.0,2.0,0,0,0,0,232,168,67.89656443383966,48.49754602417118,0.0,1418.0,320.3076923076923,563.4270707931631,317450.06410256407,0,0,0,1,0,0,0,0,0.0,347.0,41.857142857142854,774.2,232,0,0,0,0,0,0,7,293,5,3871,65535,170,2,32,0,0,0,0,0,0,0,0,BENIGN
172.217.10.141-10.42.0.42-443-49535-6,10.42.0.42,49535,172.217.10.141,443,6,08/08/2017 02:57:11,102858,6,5,207.0,3816.0,207.0,0.0,34.5,84.50739612601964,1418.0,0.0,763.2,719.2838104670507,39112.174065216124,106.94355324816738,10285.800000000001,15217.741464780142,36619.0,2.0,102858.0,20571.6,19378.50174291088,40821.0,453.0,41817.0,10454.25,19864.81432709604,40238.0,2.0,0,0,0,0,200,168,58.33284722627311,48.61070602189426,0.0,1418.0,335.25,578.0835304537037,334180.56818181823,0,0,0,1,0,0,0,0,0.0,365.72727272727275,34.5,763.2,200,0,0,0,0,0,0,6,207,5,3816,65535,170,1,32,0,0,0,0,0,0,0,0,BENIGN
172.217.10.106-10.42.0.42-443-32911-6,172.217.10.106,443,10.42.0.42,32911,6,08/08/2017 02:57:11,17138,3,2,366.0,0.0,305.0,0.0,122.0,161.39082997494003,0.0,0.0,0.0,0.0,21356.050881082974,291.7493289765433,4284.5,5692.026791925702,12196.0,38.0,17138.0,8569.0,12064.655900604874,17100.0,38.0,232.0,232.0,0.0,232.0,232.0,1,0,0,0,96,40,175.049597385926,116.69973159061733,0.0,305.0,111.83333333333333,151.4799216618053,22946.166666666664,0,1,0,0,1,0,0,0,0.0,134.2,122.0,0.0,96,0,0,0,0,0,0,3,366,2,0,170,0,1,32,0,0,0,0,0,0,0,0,BENIGN
198.105.244.11-10.42.0.42-80-45915-6,10.42.0.42,45915,198.105.244.11,80,6,08/08/2017 02:57:18,67052,3,4,241.0,223.0,241.0,0.0,80.33333333333333,139.1414148746998,223.0,0.0,55.75,111.5,6920.00238620772,104.39658772296129,11175.333333333332,16159.835774743093,32053.0,5.0,34697.0,17348.5,23810.406642894613,34185.0,512.0,35077.0,11692.333333333332,19990.708875208336,34775.0,5.0,0,0,0,0,80,84,44.74139473841198,59.6551929845493,0.0,241.0,58.00000000000001,107.50282388317595,11556.857142857145,0,0,0,1,0,0,0,0,1.0,66.28571428571429,80.33333333333333,55.75,80,0,0,0,0,0,0,3,241,4,223,65535,15544,1,20,0,0,0,0,0,0,0,0,BENIGN
198.105.244.11-10.42.0.42-80-45915-6,10.42.0.42,45915,198.105.244.11,80,6,08/08/2017 02:57:18,2738,2,0,0.0,0.0,0.0,0.0,0.0,0.0,0,0,0,0,0.0,730.4601899196493,2738.0,0.0,2738.0,2738.0,2738.0,2738.0,0.0,2738.0,2738.0,0,0,0,0,0,0,0,0,0,40,0,730.4601899196493,0.0,0.0,0.0,0.0,0.0,0.0,0,0,0,0,1,0,0,0,0.0,0.0,0.0,0.0,40,0,0,0,0,0,0,2,0,0,0,65535,-1,0,20,0,0,0,0,0,0,0,0,BENIGN
198.105.244.11-10.42.0.42-80-45916-6,10.42.0.42,45916,198.105.244.11,80,6,08/08/2017 02:57:18,73485,3,4,244.0,223.0,244.0,0.0,81.33333333333333,140.8734656822687,223.0,0.0,55.75,111.5,6355.038443219705,95.2575355514731,12247.5,15608.119819504205,31978.0,5.0,41215.0,20607.5,28470.240330913963,40739.0,476.0,41507.0,13835.666666666668,23654.680495270557,41149.0,5.0,0,0,0,0,80,84,40.82465809348847,54.432877457984624,0.0,244.0,58.37499999999999,108.23511115028379,11714.839285714286,0,0,0,1,0,0,0,0,1.0,66.71428571428571,81.33333333333333,55.75,80,0,0,0,0,0,0,3,244,4,223,65535,15544,1,20,0,0,0,0,0,0,0,0,BENIGN
198.105.244.11-10.42.0.42-80-45917-6,10.42.0.42,45917,198.105.244.11,80,6,08/08/2017 02:57:18,72827,3,4,242.0,223.0,242.0,0.0,80.66666666666667,139.71876514388944,223.0,0.0,55.75,111.5,6384.994576187402,96.11819792110069,12137.833333333334,15809.797410677553,32270.0,1.0,40553.0,20276.5,28003.549855330843,40078.0,475.0,40767.0,13589.0,23533.374343684758,40763.0,1.0,0,0,0,0,80,84,41.19351339475744,54.92468452634325,0.0,242.0,58.125,107.74631249904962,11609.267857142857,0,0,0,1,0,0,0,0,1.0,66.42857142857143,80.66666666666667,55.75,80,0,0,0,0,0,0,3,242,4,223,65535,15544,1,20,0,0,0,0,0,0,0,0,BENIGN
198.105.244.11-10.42.0.42-80-45916-6,10.42.0.42,45916,198.105.244.11,80,6,08/08/2017 02:57:18,2535,2,0,0.0,0.0,0.0,0.0,0.0,0.0,0,0,0,0,0.0,788.9546351084813,2535.0,0.0,2535.0,2535.0,2535.0,2535.0,0.0,2535.0,2535.0,0,0,0,0,0,0,0,0,0,40,0,788.9546351084813,0.0,0.0,0.0,0.0,0.0,0.0,0,0,0,0,1,0,0,0,0.0,0.0,0.0,0.0,40,0,0,0,0,0,0,2,0,0,0,65535,-1,0,20,0,0,0,0,0,0,0,0,BENIGN
198.105.244.11-10.42.0.42-80-45917-6,10.42.0.42,45917,198.105.244.11,80,6,08/08/2017 02:57:18,8226,2,0,0.0,0.0,0.0,0.0,0.0,0.0,0,0,0,0,0.0,243.13153415998053,8226.0,0.0,8226.0,8226.0,8226.0,8226.0,0.0,8226.0,8226.0,0,0,0,0,0,0,0,0,0,40,0,243.13153415998053,0.0,0.0,0.0,0.0,0.0,0.0,0,0,0,0,1,0,0,0,0.0,0.0,0.0,0.0,40,0,0,0,0,0,0,2,0,0,0,65535,-1,0,20,0,0,0,0,0,0,0,0,BENIGN
10.42.0.42-59.38.112.48-56840-80-6,10.42.0.42,56840,59.38.112.48,80,6,08/08/2017 02:57:18,506938,4,13,364.0,9716.0,364.0,0.0,91.0,181.99999999999997,1340.0,0.0,747.3846153846155,672.0929422906648,19884.088389507197,33.534672879129204,31683.624999999996,71694.94921947664,250631.0,1.0,406736.0,135578.66666666666,127145.920329098,252861.0,454.0,256307.0,21358.91666666667,49466.66130648607,149408.0,1.0,0,0,0,0,112,296,7.89051126567746,25.644161613451743,0.0,1340.0,560.0,649.4247228033711,421752.4705882353,0,0,0,1,0,0,0,0,3.0,592.9411764705883,91.0,747.3846153846154,112,0,0,0,0,0,0,4,364,13,9716,65535,2282,1,20,0,0,0,0,0,0,0,0,BENIGN
10.42.0.42-59.38.112.48-56840-80-6,10.42.0.42,56840,59.38.112.48,80,6,08/08/2017 02:57:19,12745,6,0,0.0,0.0,0.0,0.0,0.0,0.0,0,0,0,0,0.0,470.7728520988623,2549.0,3568.9888624090718,8545.0,2.0,12745.0,2549.0,3568.9888624090718,8545.0,2.0,0,0,0,0,0,0,0,0,0,132,0,470.7728520988623,0.0,0.0,0.0,0.0,0.0,0.0,0,0,0,0,1,0,0,0,0.0,0.0,0.0,0.0,132,0,0,0,0,0,0,6,0,0,0,1369,-1,0,20,0,0,0,0,0,0,0,0,BENIGN
220.181.7.190-10.42.0.42-443-48005-6,10.42.0.42,48005,220.181.7.190,443,6,08/08/2017 02:57:18,11488079,25,32,2758.0,17904.0,930.0,0.0,110.32,270.3002528054065,1460.0,0.0,559.5,641.762542760422,1798.5600551667515,4.961665044260228,205144.26785714287,1329795.4373042425,9965705.0,1.0,1522365.0,63431.87499999999,100657.23963177235,278614.0,1.0,1.1248712E7,362861.67741935485,1790616.814739349,9999993.0,1.0,0,0,0,0,592,660,2.1761688790615037,2.7854961651987247,0.0,1460.0,356.2413793103449,553.8068987153653,306702.0810647308,0,0,0,1,0,0,0,0,1.0,362.49122807017545,110.32,559.5,592,0,0,0,0,0,0,25,2758,32,17904,65535,644,5,20,1522365.0,0.0,1522365.0,1522365.0,9965705.0,0.0,9965705.0,9965705.0,BENIGN
220.181.7.190-10.42.0.42-443-48007-6,10.42.0.42,48007,220.181.7.190,443,6,08/08/2017 02:57:18,13783558,12,15,3695.0,1129.0,1101.0,0.0,307.9166666666667,467.62348069463934,285.0,0.0,75.26666666666667,113.43750114784204,349.9822034339755,1.9588556162349373,530136.8461538461,1956361.9448908872,9997884.0,1.0,3785666.0,344151.45454545453,418435.010926993,1461960.0,244.0,1.3541409E7,967243.5,2647788.1821841053,1.0E7,1.0,0,0,0,0,272,320,0.8706024961044166,1.0882531201305208,0.0,1101.0,172.28571428571425,332.06222722755257,110265.32275132275,0,0,0,1,0,0,0,0,1.0,178.66666666666666,307.9166666666667,75.26666666666667,272,0,0,0,0,0,0,12,3695,15,1129,65535,688,5,20,3785666.0,0.0,3785666.0,3785666.0,9997884.0,0.0,9997884.0,9997884.0,BENIGN
10.42.0.42-104.193.88.109-40141-80-6,10.42.0.42,40141,104.193.88.109,80,6,08/08/2017 02:57:14,20180490,6,11,727.0,10518.0,727.0,0.0,121.16666666666667,296.7965071672284,1448.0,0.0,956.1818181818181,690.3427870531882,557.2213558739159,0.84239778122335,1261280.625,4993779.975506568,1.9987629E7,1.0,192861.0,38572.2,50435.46749262864,97531.0,2.0,2.0092652E7,2009265.2000000002,6320131.075622418,1.999648E7,1.0,0,0,0,0,200,360,0.29731686396118234,0.5450809172621676,0.0,1448.0,624.7222222222223,699.84786628789,489787.0359477124,0,0,0,1,0,0,0,0,1.0,661.4705882352941,121.16666666666667,956.1818181818181,200,0,0,0,0,0,0,6,727,11,10518,65535,3984,1,32,0,0,0,0,0,0,0,0,BENIGN
10.42.0.42-104.193.88.109-40142-80-6,10.42.0.42,40142,104.193.88.109,80,6,08/08/2017 02:57:14,20182772,8,14,728.0,15888.0,728.0,0.0,91.0,257.3868683519033,1448.0,0.0,1134.8571428571427,615.123109271989,823.2764062339901,1.0900385734922835,961084.3809523808,4338869.1023263475,1.989697E7,1.0,285802.0,40828.857142857145,49713.2159236977,100238.0,120.0,2.0094367E7,1545720.5384615385,5515101.784391965,1.9900702E7,1.0,0,0,0,0,264,456,0.39637766308810307,0.6936609104041803,0.0,1448.0,722.4347826086955,722.228610626791,521614.1660079049,0,0,0,1,0,0,0,0,1.0,755.2727272727273,91.0,1134.857142857143,264,0,0,0,0,0,0,8,728,14,15888,65535,3984,1,32,0,0,0,0,0,0,0,0,BENIGN
10.42.0.42-31.13.80.5-41389-443-6,10.42.0.42,41389,31.13.80.5,443,6,08/08/2017 02:57:34,131520,1,3,0.0,31.0,0.0,0.0,0.0,0.0,31.0,0.0,10.333333333333332,17.8978583448784,235.70559610705595,30.413625304136254,43840.0,38218.97857086189,70194.0,7.0,0,0,0,0,0,70201.0,35100.5,49629.70365114021,70194.0,7.0,0,0,0,0,32,96,7.603406326034063,22.81021897810219,0.0,31.0,6.2,13.863621460498695,192.2,0,0,0,0,1,1,0,0,3.0,7.75,0.0,10.333333333333334,32,0,0,0,0,0,0,1,0,3,31,1550,122,0,32,0,0,0,0,0,0,0,0,BENIGN
157.240.2.20-10.42.0.42-443-38288-6,10.42.0.42,38288,157.240.2.20,443,6,08/08/2017 02:57:34,483719,2,0,0.0,0.0,0.0,0.0,0.0,0.0,0,0,0,0,0.0,4.1346318833868425,483719.0,0.0,483719.0,483719.0,483719.0,483719.0,0.0,483719.0,483719.0,0,0,0,0,0,0,0,0,0,64,0,4.1346318833868425,0.0,0.0,0.0,0.0,0.0,0.0,0,0,0,0,1,1,0,0,0.0,0.0,0.0,0.0,64,0,0,0,0,0,0,2,0,0,0,1547,-1,0,32,0,0,0,0,0,0,0,0,BENIGN
10.42.0.42-104.193.88.109-40147-80-6,10.42.0.42,40147,104.193.88.109,80,6,08/08/2017 02:57:15,20179572,8,12,726.0,13003.0,726.0,0.0,90.74999999999999,256.6797615707168,1448.0,0.0,1083.5833333333333,653.4773360935166,680.3414859343894,0.9911012978867936,1062082.7368421052,4584402.115331324,1.9992955E7,0.0,186617.0,26659.571428571428,43541.02214715506,90629.0,1.0,2.009174E7,1826521.8181818181,6027132.769938353,1.9998825E7,0.0,0,0,0,0,264,392,0.39644051915471745,0.5946607787320761,0.0,1448.0,653.7619047619049,718.9844160176148,516938.59047619055,0,0,0,1,0,0,0,0,1.0,686.45,90.75,1083.5833333333333,264,0,0,0,0,0,0,8,726,12,13003,65535,3983,1,32,0,0,0,0,0,0,0,0,BENIGN
10.42.0.42-104.193.88.109-40140-80-6,10.42.0.42,40140,104.193.88.109,80,6,08/08/2017 02:57:14,21398729,16,30,1475.0,35231.0,748.0,0.0,92.18750000000001,251.93338239833693,1448.0,0.0,1174.3666666666668,530.1330010955503,1715.3355229649387,2.1496603840349584,475527.3111111111,2966578.193724439,1.9902705E7,0.0,1496024.0,99734.93333333333,285018.64641996083,1119516.0,2.0,2.1311029E7,734863.0689655172,3693995.185085006,1.9905859E7,0.0,0,0,0,0,520,968,0.7477079596643333,1.401952424370625,0.0,1448.0,780.9787234042552,690.7105506323591,477081.0647548566,0,0,0,1,0,0,0,0,1.0,797.9565217391304,92.1875,1174.3666666666666,520,0,0,0,0,0,0,16,1475,30,35231,65535,4358,2,32,0,0,0,0,0,0,0,0,BENIGN
10.42.0.42-104.193.88.109-40148-80-6,10.42.0.42,40148,104.193.88.109,80,6,08/08/2017 02:57:15,20542069,15,30,1477.0,36804.0,749.0,0.0,98.46666666666665,259.8831788836412,1448.0,0.0,1226.8000000000004,511.2817834315687,1863.5415935950755,2.190626465133575,466865.20454545453,2998769.3639438516,1.9904933E7,1.0,637136.0,45509.71428571428,56772.3567435753,169859.0,610.0,2.0454242E7,705318.6896551725,3693676.1142653683,1.9908369E7,1.0,0,0,0,0,488,968,0.7302088217111917,1.4604176434223834,0.0,1448.0,832.1956521739131,698.6608339312896,488126.9608695651,0,0,0,1,0,0,0,0,2.0,850.6888888888889,98.46666666666667,1226.8,488,0,0,0,0,0,0,15,1477,30,36804,65535,4359,2,32,0,0,0,0,0,0,0,0,BENIGN
10.42.0.42-104.193.88.109-40149-80-6,10.42.0.42,40149,104.193.88.109,80,6,08/08/2017 02:57:15,20556892,14,32,1476.0,38142.0,748.0,0.0,105.42857142857142,268.023453131571,1448.0,0.0,1191.9375,546.5425012248921,1927.236860513739,2.237692351548084,456819.8222222222,2965186.5445900112,1.9904257E7,0.0,652635.0,50202.6923076923,61194.662300433556,191366.0,2.0,2.0469195E7,660296.6129032259,3572553.6752788164,1.9907418E7,0.0,0,0,0,0,456,1032,0.681036802645069,1.556655548903015,0.0,1448.0,842.9361702127658,698.0857803355923,487323.7567067529,0,0,0,1,0,0,0,0,2.0,861.2608695652174,105.42857142857143,1191.9375,456,0,0,0,0,0,0,14,1476,32,38142,65535,4358,2,32,0,0,0,0,0,0,0,0,BENIGN
10.42.0.42-119.146.74.49-51576-80-6,10.42.0.42,51576,119.146.74.49,80,6,08/08/2017 02:57:16,20495731,63,67,604.0,81236.0,604.0,0.0,9.587301587301589,76.09684723252441,1340.0,0.0,1212.4776119402982,382.51691815264684,3993.0266454024013,6.342784260780941,158881.63565891472,1687645.0992977053,1.9173819E7,1.0,1321912.0,21321.161290322583,51816.22444857119,243154.0,1.0,2.025478E7,306890.6060606061,2358946.0306676263,1.9177685E7,1.0,0,0,0,0,2552,1376,3.0738108340707635,3.268973426710177,0.0,1340.0,624.732824427481,664.4290761991713,441465.9972988842,0,0,0,1,0,0,0,0,1.0,629.5384615384615,9.587301587301587,1212.4776119402984,2552,0,0,0,0,0,0,63,604,67,81236,65535,4380,1,20,0,0,0,0,0,0,0,0,BENIGN
157.240.2.20-10.42.0.42-443-38288-6,10.42.0.42,38288,157.240.2.20,443,6,08/08/2017 02:57:36,1919809,2,0,0.0,0.0,0.0,0.0,0.0,0.0,0,0,0,0,0.0,1.041770301108079,1919809.0,0.0,1919809.0,1919809.0,1919809.0,1919809.0,0.0,1919809.0,1919809.0,0,0,0,0,0,0,0,0,0,64,0,1.041770301108079,0.0,0.0,0.0,0.0,0.0,0.0,0,0,0,0,1,1,0,0,0.0,0.0,0.0,0.0,64,0,0,0,0,0,0,2,0,0,0,1547,-1,0,32,0,0,0,0,0,0,0,0,BENIGN
163.177.151.166-10.42.0.42-80-51905-6,10.42.0.42,51905,163.177.151.166,80,6,08/08/2017 02:57:14,31931031,6,5,1560.0,466.0,780.0,0.0,260.0,402.79026800557136,233.0,0.0,93.2,127.6193558987037,63.44925098096582,0.3444924781789852,3193103.0999999996,9353594.780097904,2.9796887E7,2158.0,2134144.0,426828.8,416927.2709846407,1104362.0,3689.0,3.1570528E7,7892632.0,1.461652696407472E7,2.9799045E7,134639.0,0,0,0,0,152,120,0.1879049880976283,0.15658749008135692,0.0,780.0,168.83333333333334,298.9864190692928,89392.87878787877,0,0,0,1,0,0,0,0,0.0,184.1818181818182,260.0,93.2,152,0,0,0,0,0,0,6,1560,5,466,65535,508,2,20,0,0,0,0,0,0,0,0,BENIGN
10.42.0.42-61.135.185.139-52676-80-6,10.42.0.42,52676,61.135.185.139,80,6,08/08/2017 02:57:15,30657898,18,24,406.0,29478.0,406.0,0.0,22.55555555555556,95.69511772057942,1460.0,0.0,1228.25,531.7293566238864,974.7569777941071,1.3699569357299055,747753.6097560975,4579901.288071343,2.9352043E7,0.0,1305855.0,76815.0,140203.30714983153,329488.0,1.0,3.0340064E7,1319133.2173913044,6112801.554460583,2.9355775E7,0.0,0,0,0,0,380,500,0.5871244010271024,0.7828325347028032,0.0,1460.0,694.9767441860464,725.479069580006,526319.8803986711,0,0,0,1,0,0,0,0,1.0,711.5238095238095,22.555555555555557,1228.25,380,0,0,0,0,0,0,18,406,24,29478,65535,496,1,20,0,0,0,0,0,0,0,0,BENIGN
163.177.151.166-10.42.0.42-80-51905-6,10.42.0.42,51905,163.177.151.166,80,6,08/08/2017 02:57:46,261656,1,1,0.0,0.0,0.0,0.0,0.0,0.0,0.0,0.0,0.0,0.0,0.0,7.643623689118537,261656.0,0.0,261656.0,261656.0,0,0,0,0,0,0,0,0,0,0,0,0,0,0,20,20,3.8218118445592686,3.8218118445592686,0.0,0.0,0.0,0.0,0.0,0,0,0,0,1,0,0,0,1.0,0.0,0.0,0.0,20,0,0,0,0,0,0,1,0,1,0,1386,508,0,20,0,0,0,0,0,0,0,0,BENIGN
163.177.151.166-10.42.0.42-443-58297-6,10.42.0.42,58297,163.177.151.166,443,6,08/08/2017 02:57:14,32592570,21,25,2286.0,8842.0,1108.0,0.0,108.85714285714286,296.58848354484127,1460.0,0.0,353.68000000000006,527.8684905668583,341.42750939861446,1.411364614695926,724279.3333333334,4465326.480958532,2.9998136E7,1.0,2594424.0,129721.20000000001,195877.70662506425,721511.0,1.0,3.2237038E7,1343209.9166666667,6108299.317869489,3.0000232E7,2.0,0,0,0,0,536,520,0.6443186284481401,0.7670459862477859,0.0,1460.0,236.76595744680856,446.9250599940597,199742.00925069387,0,0,0,1,0,0,0,0,1.0,241.91304347826087,108.85714285714286,353.68,536,0,0,0,0,0,0,21,2286,25,8842,65535,616,4,20,2594424.0,0.0,2594424.0,2594424.0,2.9998136E7,0.0,2.9998136E7,2.9998136E7,BENIGN
157.240.2.20-10.42.0.42-443-38288-6,10.42.0.42,38288,157.240.2.20,443,6,08/08/2017 02:57:41,7702137,2,0,0.0,0.0,0.0,0.0,0.0,0.0,0,0,0,0,0.0,0.2596681933858097,7702137.0,0.0,7702137.0,7702137.0,7702137.0,7702137.0,0.0,7702137.0,7702137.0,0,0,0,0,0,0,0,0,0,64,0,0.2596681933858097,0.0,0.0,0.0,0.0,0.0,0.0,0,0,0,0,1,1,0,0,0.0,0.0,0.0,0.0,64,0,0,0,0,0,0,2,0,0,0,1547,-1,0,32,0,0,0,0,0,0,0,0,BENIGN
163.177.151.166-10.42.0.42-80-51909-6,10.42.0.42,51909,163.177.151.166,80,6,08/08/2017 02:57:14,35293773,9,9,5344.0,699.0,1452.0,0.0,593.7777777777778,713.5078446972005,233.0,0.0,77.66666666666667,116.5,171.22000529668506,0.5100049801986316,2076104.294117647,7229436.630680073,2.9997615E7,274.0,5296158.0,662019.75,938317.0196533107,2776262.0,274.0,3.492874E7,4366092.5,1.0419063124802003E7,2.9999874E7,306.0,0,0,0,0,212,200,0.2550024900993158,0.2550024900993158,0.0,1452.0,318.0526315789474,552.1056132545064,304820.6081871345,0,0,0,1,0,0,0,0,1.0,335.72222222222223,593.7777777777778,77.66666666666667,212,0,0,0,0,0,0,9,5344,9,699,65535,796,4,20,0,0,0,0,0,0,0,0,BENIGN
10.42.0.42-61.135.185.139-52661-80-6,10.42.0.42,52661,61.135.185.139,80,6,08/08/2017 02:57:13,38318866,18,32,1183.0,37693.0,403.0,0.0,65.72222222222223,151.2422309353464,1460.0,0.0,1177.9062499999995,554.7659988752596,1014.5394177374665,1.3048402841566344,782017.6734693878,4339616.039156452,2.99926E7,1.0,8326266.0,489780.35294117645,1376282.9642442693,5799584.0,3.0,3.8003027E7,1225904.0967741935,5451407.523228207,2.9999185E7,1.0,0,0,0,0,392,660,0.4697425022963884,0.8350977818602461,0.0,1460.0,762.2745098039213,703.8745933312658,495439.4431372548,0,0,0,1,0,0,0,0,1.0,777.52,65.72222222222223,1177.90625,392,0,0,0,0,0,0,18,1183,32,37693,65535,560,3,20,2203531.0,0.0,2203531.0,2203531.0,5799584.0,0.0,5799584.0,5799584.0,BENIGN
10.42.0.42-61.135.185.139-52662-80-6,10.42.0.42,52662,61.135.185.139,80,6,08/08/2017 02:57:13,38166972,20,23,1140.0,24002.0,385.0,0.0,57.0,139.24042062864544,1460.0,0.0,1043.5652173913045,632.5463566258464,658.7370881818971,1.1266285415568202,908737.4285714286,4585693.172094052,2.9668915E7,1.0,8498057.0,447266.15789473685,844292.7488305927,2993048.0,1.0,3.7845776E7,1720262.5454545454,6311001.468363712,2.9675544E7,2.0,0,0,0,0,456,480,0.5240132751427071,0.6026152664141132,0.0,1460.0,571.409090909091,680.5805086487878,463189.8287526428,0,0,0,1,0,0,0,0,1.0,584.6976744186046,57.0,1043.5652173913043,456,0,0,0,0,0,0,20,1140,23,24002,65535,560,3,20,0,0,0,0,0,0,0,0,BENIGN
172.217.10.46-10.42.0.42-443-54560-6,172.217.10.46,443,10.42.0.42,54560,6,08/08/2017 02:57:59,240580,2,1,0.0,0.0,0.0,0.0,0.0,0.0,0.0,0.0,0.0,0.0,0.0,12.469864494139165,120290.0,153527.0243312232,228850.0,11730.0,240580.0,240580.0,0.0,240580.0,240580.0,0,0,0,0,0,0,0,0,0,64,32,8.313242996092777,4.1566214980463885,0.0,0.0,0.0,0.0,0.0,0,0,0,0,1,1,0,0,0.0,0.0,0.0,0.0,64,0,0,0,0,0,0,2,0,1,0,181,1549,0,32,0,0,0,0,0,0,0,0,BENIGN
183.232.231.172-10.42.0.42-80-45912-6,10.42.0.42,45912,183.232.231.172,80,6,08/08/2017 02:57:11,61115998,5,5,398.0,1750.0,398.0,0.0,79.6,177.99101100898324,875.0,0.0,350.0,479.2572378170203,35.14628035690426,0.163623279128977,6790666.444444444,1.987628927706456E7,5.9792126E7,2584.0,1323872.0,330968.0,171144.23127876673,521215.0,117787.0,6.0830773E7,1.520769325E7,2.972999644936824E7,5.9799825E7,22263.0,0,0,0,0,132,120,0.0818116395644885,0.0818116395644885,0.0,875.0,195.27272727272722,356.3998010406546,127020.81818181819,0,0,0,1,0,0,0,0,1.0,214.8,79.6,350.0,132,0,0,0,0,0,0,5,398,5,1750,65535,812,1,20,0,0,0,0,0,0,0,0,BENIGN
183.232.231.172-10.42.0.42-80-45912-6,10.42.0.42,45912,183.232.231.172,80,6,08/08/2017 02:58:12,271781,1,1,0.0,0.0,0.0,0.0,0.0,0.0,0.0,0.0,0.0,0.0,0.0,7.358866145904239,271781.0,0.0,271781.0,271781.0,0,0,0,0,0,0,0,0,0,0,0,0,0,0,20,20,3.6794330729521194,3.6794330729521194,0.0,0.0,0.0,0.0,0.0,0,0,0,0,1,0,0,0,1.0,0.0,0.0,0.0,20,0,0,0,0,0,0,1,0,1,0,1397,812,0,20,0,0,0,0,0,0,0,0,BENIGN
10.42.0.42-104.193.88.109-40150-80-6,10.42.0.42,40150,104.193.88.109,80,6,08/08/2017 02:57:15,60177673,2,2,0.0,0.0,0.0,0.0,0.0,0.0,0.0,0.0,0.0,0.0,0.0,0.06646983508318775,2.0059224333333332E7,3.4665742749923274E7,6.0087746E7,2416.0,89927.0,89927.0,0.0,89927.0,89927.0,6.0090162E7,6.0090162E7,0.0,6.0090162E7,6.0090162E7,0,0,0,0,72,72,0.03323491754159388,0.03323491754159388,0.0,0.0,0.0,0.0,0.0,0,0,0,1,0,0,0,0,1.0,0.0,0.0,0.0,72,0,0,0,0,0,0,2,0,2,0,65535,3620,0,32,0,0,0,0,0,0,0,0,BENIGN
10.42.0.42-119.146.74.49-51577-80-6,10.42.0.42,51577,119.146.74.49,80,6,08/08/2017 02:57:16,59411384,5,3,0.0,0.0,0.0,0.0,0.0,0.0,0.0,0.0,0.0,0.0,0.0,0.13465432820080409,8487340.57142857,2.2235156933112644E7,5.8911504E7,2335.0,5.9411384E7,1.4852846E7,2.9372515909062505E7,5.8911504E7,102798.0,240666.0,120333.0,28352.15349845581,140381.0,100285.0,0,0,0,0,144,96,0.08415895512550255,0.05049537307530153,0.0,0.0,0.0,0.0,0.0,0,0,0,1,0,0,0,0,0.0,0.0,0.0,0.0,144,0,0,0,0,0,0,5,0,3,0,65535,65535,0,20,0,0,0,0,0,0,0,0,BENIGN
10.42.0.42-119.146.74.49-51576-80-6,10.42.0.42,51576,119.146.74.49,80,6,08/08/2017 02:57:37,38860360,2,0,0.0,0.0,0.0,0.0,0.0,0.0,0,0,0,0,0.0,0.05146632712615117,3.886036E7,0.0,3.886036E7,3.886036E7,3.886036E7,3.886036E7,0.0,3.886036E7,3.886036E7,0,0,0,0,0,0,0,0,0,40,0,0.05146632712615117,0.0,0.0,0.0,0.0,0.0,0.0,0,0,0,0,1,0,0,0,0.0,0.0,0.0,0.0,40,0,0,0,0,0,0,2,0,0,0,2327,-1,0,20,0,0,0,0,0,0,0,0,BENIGN
163.177.151.166-10.42.0.42-80-51905-6,10.42.0.42,51905,163.177.151.166,80,6,08/08/2017 02:57:46,29472077,2,0,0.0,0.0,0.0,0.0,0.0,0.0,0,0,0,0,0.0,0.06786084333316583,2.9472077E7,0.0,2.9472077E7,2.9472077E7,2.9472077E7,2.9472077E7,0.0,2.9472077E7,2.9472077E7,0,0,0,0,0,0,0,0,0,52,0,0.06786084333316583,0.0,0.0,0.0,0.0,0.0,0.0,0,0,0,0,1,0,0,0,0.0,0.0,0.0,0.0,52,0,0,0,0,0,0,2,0,0,0,1386,-1,0,20,0,0,0,0,0,0,0,0,BENIGN
163.177.151.166-10.42.0.42-80-51909-6,10.42.0.42,51909,163.177.151.166,80,6,08/08/2017 02:57:49,26418849,2,0,0.0,0.0,0.0,0.0,0.0,0.0,0,0,0,0,0.0,0.07570352516114535,2.6418849E7,0.0,2.6418849E7,2.6418849E7,2.6418849E7,2.6418849E7,0.0,2.6418849E7,2.6418849E7,0,0,0,0,0,0,0,0,0,40,0,0.07570352516114535,0.0,0.0,0.0,0.0,0.0,0.0,0,0,0,0,1,0,0,0,0.0,0.0,0.0,0.0,40,0,0,0,0,0,0,2,0,0,0,1403,-1,0,20,0,0,0,0,0,0,0,0,BENIGN
183.232.231.30-10.42.0.42-80-32944-6,10.42.0.42,32944,183.232.231.30,80,6,08/08/2017 02:57:14,61671170,3,1,0.0,0.0,0.0,0.0,0.0,0.0,0.0,0.0,0.0,0.0,0.0,0.06486012832252089,2.0557056666666668E7,3.537336175631015E7,6.1402412E7,2346.0,6.167117E7,3.0835585E7,4.32280213021121E7,6.1402412E7,268758.0,0,0,0,0,0,0,0,0,0,80,40,0.048645096241890666,0.016215032080630222,0.0,0.0,0.0,0.0,0.0,0,0,0,1,0,0,0,0,0.0,0.0,0.0,0.0,80,0,0,0,0,0,0,3,0,1,0,65535,8192,0,20,0,0,0,0,0,0,0,0,BENIGN
10.42.0.42-61.135.185.139-52686-80-6,10.42.0.42,52686,61.135.185.139,80,6,08/08/2017 02:57:15,60243567,3,1,0.0,0.0,0.0,0.0,0.0,0.0,0.0,0.0,0.0,0.0,0.0,0.06639713083390299,2.0081189E7,3.450161986983511E7,5.9919805E7,2884.0,6.0243567E7,3.01217835E7,4.2140766137185074E7,5.9919805E7,323762.0,0,0,0,0,0,0,0,0,0,80,40,0.04979784812542724,0.016599282708475747,0.0,0.0,0.0,0.0,0.0,0,0,0,1,0,0,0,0,0.0,0.0,0.0,0.0,80,0,0,0,0,0,0,3,0,1,0,65535,8192,0,20,0,0,0,0,0,0,0,0,BENIGN
10.42.0.42-61.135.185.139-52676-80-6,10.42.0.42,52676,61.135.185.139,80,6,08/08/2017 02:57:46,29800515,2,0,0.0,0.0,0.0,0.0,0.0,0.0,0,0,0,0,0.0,0.06711293412211165,2.9800515E7,0.0,2.9800515E7,2.9800515E7,2.9800515E7,2.9800515E7,0.0,2.9800515E7,2.9800515E7,0,0,0,0,0,0,0,0,0,40,0,0.06711293412211165,0.0,0.0,0.0,0.0,0.0,0.0,0,0,0,0,1,0,0,0,0.0,0.0,0.0,0.0,40,0,0,0,0,0,0,2,0,0,0,2327,-1,0,20,0,0,0,0,0,0,0,0,BENIGN
220.170.182.31-10.42.0.42-443-41863-6,10.42.0.42,41863,220.170.182.31,443,6,08/08/2017 02:57:16,60041206,4,2,0.0,0.0,0.0,0.0,0.0,0.0,0.0,0.0,0.0,0.0,0.0,0.09993137046580976,1.20082412E7,2.6606316288372252E7,5.9602668E7,2072.0,6.0041206E7,2.0013735333333332E7,3.428503565627757E7,5.9602668E7,188001.0,185809.0,185809.0,0.0,185809.0,185809.0,0,0,0,0,112,64,0.06662091364387317,0.033310456821936583,0.0,0.0,0.0,0.0,0.0,0,0,0,1,0,0,0,0,0.0,0.0,0.0,0.0,112,0,0,0,0,0,0,4,0,2,0,65535,65535,0,20,0,0,0,0,0,0,0,0,BENIGN
10.42.0.42-59.38.112.48-56841-80-6,10.42.0.42,56841,59.38.112.48,80,6,08/08/2017 02:57:19,57103117,4,2,0.0,0.0,0.0,0.0,0.0,0.0,0.0,0.0,0.0,0.0,0.0,0.1050730733315311,1.14206234E7,2.527840264922532E7,5.663954E7,2156.0,5.7103117E7,1.9034372333333332E7,3.256703717661934E7,5.663954E7,210955.0,210774.0,210774.0,0.0,210774.0,210774.0,0,0,0,0,112,64,0.07004871555435407,0.03502435777717704,0.0,0.0,0.0,0.0,0.0,0,0,0,1,0,0,0,0,0.0,0.0,0.0,0.0,112,0,0,0,0,0,0,4,0,2,0,65535,65535,0,20,0,0,0,0,0,0,0,0,BENIGN
10.42.0.42-61.135.185.139-52661-80-6,10.42.0.42,52661,61.135.185.139,80,6,08/08/2017 02:57:52,23910505,2,0,0.0,0.0,0.0,0.0,0.0,0.0,0,0,0,0,0.0,0.0836452429591094,2.3910505E7,0.0,2.3910505E7,2.3910505E7,2.3910505E7,2.3910505E7,0.0,2.3910505E7,2.3910505E7,0,0,0,0,0,0,0,0,0,40,0,0.0836452429591094,0.0,0.0,0.0,0.0,0.0,0.0,0,0,0,0,1,0,0,0,0.0,0.0,0.0,0.0,40,0,0,0,0,0,0,2,0,0,0,2555,-1,0,20,0,0,0,0,0,0,0,0,BENIGN
10.42.0.42-61.135.185.139-52662-80-6,10.42.0.42,52662,61.135.185.139,80,6,08/08/2017 02:57:52,23910423,2,0,0.0,0.0,0.0,0.0,0.0,0.0,0,0,0,0,0.0,0.08364552981768662,2.3910423E7,0.0,2.3910423E7,2.3910423E7,2.3910423E7,2.3910423E7,0.0,2.3910423E7,2.3910423E7,0,0,0,0,0,0,0,0,0,40,0,0.08364552981768662,0.0,0.0,0.0,0.0,0.0,0.0,0,0,0,0,1,0,0,0,0.0,0.0,0.0,0.0,40,0,0,0,0,0,0,2,0,0,0,2054,-1,0,20,0,0,0,0,0,0,0,0,BENIGN
220.170.182.31-10.42.0.42-443-41870-6,10.42.0.42,41870,220.170.182.31,443,6,08/08/2017 02:57:17,58819499,5,3,0.0,0.0,0.0,0.0,0.0,0.0,0.0,0.0,0.0,0.0,0.0,0.13600931895050652,8402785.57142857,2.2003668954068266E7,5.830194E7,1996.0,5.8819499E7,1.470487475E7,2.906479163846768E7,5.830194E7,100154.0,254850.0,127425.0,38814.505432891965,154871.0,99979.0,0,0,0,0,144,96,0.08500582434406659,0.05100349460643995,0.0,0.0,0.0,0.0,0.0,0,0,0,1,0,0,0,0,0.0,0.0,0.0,0.0,144,0,0,0,0,0,0,5,0,3,0,65535,65535,0,20,0,0,0,0,0,0,0,0,BENIGN
163.177.151.166-10.42.0.42-443-58298-6,10.42.0.42,58298,163.177.151.166,443,6,08/08/2017 02:57:15,61030653,3,1,0.0,0.0,0.0,0.0,0.0,0.0,0.0,0.0,0.0,0.0,0.0,0.06554083568465177,2.0343551E7,3.490817856274137E7,6.0651467E7,2881.0,6.1030653E7,3.05153265E7,4.2618938612681106E7,6.0651467E7,379186.0,0,0,0,0,0,0,0,0,0,80,40,0.04915562676348883,0.016385208921162943,0.0,0.0,0.0,0.0,0.0,0,0,0,1,0,0,0,0,0.0,0.0,0.0,0.0,80,0,0,0,0,0,0,3,0,1,0,65535,8192,0,20,0,0,0,0,0,0,0,0,BENIGN
10.42.0.42-59.38.112.48-53857-443-6,10.42.0.42,53857,59.38.112.48,443,6,08/08/2017 02:57:19,56236720,4,2,0.0,0.0,0.0,0.0,0.0,0.0,0.0,0.0,0.0,0.0,0.0,0.10669185542826823,1.1247344E7,2.4898919180422913E7,5.5787434E7,2046.0,5.623672E7,1.8745573333333332E7,3.2079204808795515E7,5.5787434E7,196360.0,196478.0,196478.0,0.0,196478.0,196478.0,0,0,0,0,112,64,0.07112790361884548,0.03556395180942274,0.0,0.0,0.0,0.0,0.0,0,0,0,1,0,0,0,0,0.0,0.0,0.0,0.0,112,0,0,0,0,0,0,4,0,2,0,65535,65535,0,20,0,0,0,0,0,0,0,0,BENIGN
10.42.0.42-119.146.74.33-48034-443-6,10.42.0.42,48034,119.146.74.33,443,6,08/08/2017 02:57:16,60043128,4,2,0.0,0.0,0.0,0.0,0.0,0.0,0.0,0.0,0.0,0.0,0.0,0.09992817163023218,1.20086256E7,2.6632619538682807E7,5.9650159E7,2309.0,6.0043128E7,2.0014376E7,3.4325626568626344E7,5.9650159E7,149914.0,149613.0,149613.0,0.0,149613.0,149613.0,0,0,0,0,112,64,0.06661878108682145,0.03330939054341073,0.0,0.0,0.0,0.0,0.0,0,0,0,1,0,0,0,0,0.0,0.0,0.0,0.0,112,0,0,0,0,0,0,4,0,2,0,65535,65535,0,20,0,0,0,0,0,0,0,0,BENIGN
10.42.0.42-119.146.74.33-48029-443-6,10.42.0.42,48029,119.146.74.33,443,6,08/08/2017 02:57:15,60236384,4,2,0.0,0.0,0.0,0.0,0.0,0.0,0.0,0.0,0.0,0.0,0.0,0.099607572725481,1.20472768E7,2.667918094095921E7,5.9772006E7,2084.0,6.0236384E7,2.0078794666666668E7,3.437533430280232E7,5.9772006E7,213778.0,214002.0,214002.0,0.0,214002.0,214002.0,0,0,0,0,112,64,0.066405048483654,0.033202524241827,0.0,0.0,0.0,0.0,0.0,0,0,0,1,0,0,0,0,0.0,0.0,0.0,0.0,112,0,0,0,0,0,0,4,0,2,0,65535,65535,0,20,0,0,0,0,0,0,0,0,BENIGN
10.42.0.42-104.193.88.109-40140-80-6,10.42.0.42,40140,104.193.88.109,80,6,08/08/2017 02:57:35,40410932,2,0,0.0,0.0,0.0,0.0,0.0,0.0,0,0,0,0,0.0,0.04949155837336293,4.0410932E7,0.0,4.0410932E7,4.0410932E7,4.0410932E7,4.0410932E7,0.0,4.0410932E7,4.0410932E7,0,0,0,0,0,0,0,0,0,64,0,0.04949155837336293,0.0,0.0,0.0,0.0,0.0,0.0,0,0,0,0,1,0,0,0,0.0,0.0,0.0,0.0,64,0,0,0,0,0,0,2,0,0,0,2546,-1,0,32,0,0,0,0,0,0,0,0,BENIGN
10.42.0.42-104.193.88.109-40141-80-6,10.42.0.42,40141,104.193.88.109,80,6,08/08/2017 02:57:34,41521174,2,0,0.0,0.0,0.0,0.0,0.0,0.0,0,0,0,0,0.0,0.04816819485884479,4.1521174E7,0.0,4.1521174E7,4.1521174E7,4.1521174E7,4.1521174E7,0.0,4.1521174E7,4.1521174E7,0,0,0,0,0,0,0,0,0,64,0,0.04816819485884479,0.0,0.0,0.0,0.0,0.0,0.0,0,0,0,0,1,0,0,0,0.0,0.0,0.0,0.0,64,0,0,0,0,0,0,2,0,0,0,1731,-1,0,32,0,0,0,0,0,0,0,0,BENIGN
10.42.0.42-104.193.88.109-40142-80-6,10.42.0.42,40142,104.193.88.109,80,6,08/08/2017 02:57:34,41521334,2,0,0.0,0.0,0.0,0.0,0.0,0.0,0,0,0,0,0.0,0.04816800924556036,4.1521334E7,0.0,4.1521334E7,4.1521334E7,4.1521334E7,4.1521334E7,0.0,4.1521334E7,4.1521334E7,0,0,0,0,0,0,0,0,0,64,0,0.04816800924556036,0.0,0.0,0.0,0.0,0.0,0.0,0,0,0,0,1,0,0,0,0.0,0.0,0.0,0.0,64,0,0,0,0,0,0,2,0,0,0,1867,-1,0,32,0,0,0,0,0,0,0,0,BENIGN
10.42.0.42-104.193.88.109-40150-80-6,10.42.0.42,40150,104.193.88.109,80,6,08/08/2017 02:58:15,590997,2,0,0.0,0.0,0.0,0.0,0.0,0.0,0,0,0,0,0.0,3.384111932886292,590997.0,0.0,590997.0,590997.0,590997.0,590997.0,0.0,590997.0,590997.0,0,0,0,0,0,0,0,0,0,64,0,3.384111932886292,0.0,0.0,0.0,0.0,0.0,0.0,0,0,0,0,1,0,0,0,0.0,0.0,0.0,0.0,64,0,0,0,0,0,0,2,0,0,0,1369,-1,0,32,0,0,0,0,0,0,0,0,BENIGN
10.42.0.42-104.193.88.109-40147-80-6,10.42.0.42,40147,104.193.88.109,80,6,08/08/2017 02:57:35,40771491,2,0,0.0,0.0,0.0,0.0,0.0,0.0,0,0,0,0,0.0,0.04905388424475328,4.0771491E7,0.0,4.0771491E7,4.0771491E7,4.0771491E7,4.0771491E7,0.0,4.0771491E7,4.0771491E7,0,0,0,0,0,0,0,0,0,64,0,0.04905388424475328,0.0,0.0,0.0,0.0,0.0,0.0,0,0,0,0,1,0,0,0,0.0,0.0,0.0,0.0,64,0,0,0,0,0,0,2,0,0,0,1776,-1,0,32,0,0,0,0,0,0,0,0,BENIGN
10.42.0.42-104.193.88.109-40148-80-6,10.42.0.42,40148,104.193.88.109,80,6,08/08/2017 02:57:35,40411429,2,0,0.0,0.0,0.0,0.0,0.0,0.0,0,0,0,0,0.0,0.04949094970138275,4.0411429E7,0.0,4.0411429E7,4.0411429E7,4.0411429E7,4.0411429E7,0.0,4.0411429E7,4.0411429E7,0,0,0,0,0,0,0,0,0,64,0,0.04949094970138275,0.0,0.0,0.0,0.0,0.0,0.0,0,0,0,0,1,0,0,0,0.0,0.0,0.0,0.0,64,0,0,0,0,0,0,2,0,0,0,2546,-1,0,32,0,0,0,0,0,0,0,0,BENIGN
10.42.0.42-104.193.88.109-40149-80-6,10.42.0.42,40149,104.193.88.109,80,6,08/08/2017 02:57:35,40400421,2,0,0.0,0.0,0.0,0.0,0.0,0.0,0,0,0,0,0.0,0.049504434619629334,4.0400421E7,0.0,4.0400421E7,4.0400421E7,4.0400421E7,4.0400421E7,0.0,4.0400421E7,4.0400421E7,0,0,0,0,0,0,0,0,0,64,0,0.049504434619629334,0.0,0.0,0.0,0.0,0.0,0.0,0,0,0,0,1,0,0,0,0.0,0.0,0.0,0.0,64,0,0,0,0,0,0,2,0,0,0,2591,-1,0,32,0,0,0,0,0,0,0,0,BENIGN
183.232.231.172-10.42.0.42-80-45912-6,10.42.0.42,45912,183.232.231.172,80,6,08/08/2017 02:58:13,3062564,2,0,0.0,0.0,0.0,0.0,0.0,0.0,0,0,0,0,0.0,0.6530475771281841,3062564.0,0.0,3062564.0,3062564.0,3062564.0,3062564.0,0.0,3062564.0,3062564.0,0,0,0,0,0,0,0,0,0,52,0,0.6530475771281841,0.0,0.0,0.0,0.0,0.0,0.0,0,0,0,0,1,0,0,0,0.0,0.0,0.0,0.0,52,0,0,0,0,0,0,2,0,0,0,1397,-1,0,20,0,0,0,0,0,0,0,0,BENIGN
10.42.0.42-119.146.74.33-48020-443-6,10.42.0.42,48020,119.146.74.33,443,6,08/08/2017 02:57:15,60514168,9,9,327.0,4289.0,201.0,0.0,36.333333333333336,74.49496627289659,1340.0,0.0,476.55555555555554,651.1215537653301,76.27965735230798,0.29745100354019577,3559656.9411764704,1.4096012802685825E7,5.8242752E7,5.0,2271411.0,283926.37499999994,498141.6849551764,1483983.0,1043.0,6.0272285E7,7534035.625,2.0511639372491963E7,5.8282669E7,5.0,0,0,0,0,212,204,0.14872550177009788,0.14872550177009788,0.0,1340.0,242.94736842105266,492.7503845969761,242802.94152046787,0,0,0,1,0,0,0,0,1.0,256.44444444444446,36.333333333333336,476.55555555555554,212,0,0,0,0,0,0,9,327,9,4289,65535,4380,2,20,2271411.0,0.0,2271411.0,2271411.0,5.8242752E7,0.0,5.8242752E7,5.8242752E7,BENIGN
10.42.0.42-119.146.74.33-48018-443-6,10.42.0.42,48018,119.146.74.33,443,6,08/08/2017 02:57:15,60563908,9,9,327.0,4258.0,201.0,0.0,36.333333333333336,74.49496627289659,1340.0,0.0,473.1111111111111,653.8494559997057,75.7051542975067,0.2972067126183469,3562582.8235294116,1.4040242601253472E7,5.8024334E7,3.0,2539574.0,317446.75,564669.1398526473,1680186.0,664.0,6.0298129E7,7537266.125,2.0423150163129196E7,5.8062654E7,3.0,0,0,0,0,212,204,0.14860335630917346,0.14860335630917346,0.0,1340.0,241.3157894736842,493.54185375052924,243583.56140350882,0,0,0,1,0,0,0,0,1.0,254.72222222222223,36.333333333333336,473.1111111111111,212,0,0,0,0,0,0,9,327,9,4258,65535,4380,2,20,0,0,0,0,0,0,0,0,BENIGN
220.170.182.31-10.42.0.42-443-41863-6,220.170.182.31,443,10.42.0.42,41863,6,08/08/2017 02:58:16,5,2,0,0.0,0.0,0.0,0.0,0.0,0.0,0,0,0,0,0.0,399999.99999999994,5.0,0.0,5.0,5.0,5.0,5.0,0.0,5.0,5.0,0,0,0,0,0,0,0,0,0,40,0,399999.99999999994,0.0,0.0,0.0,0.0,0.0,0.0,0,0,0,0,1,0,0,0,0.0,0.0,0.0,0.0,40,0,0,0,0,0,0,2,0,0,0,4745,-1,0,20,0,0,0,0,0,0,0,0,BENIGN
10.42.0.42-59.38.112.48-56841-80-6,59.38.112.48,80,10.42.0.42,56841,6,08/08/2017 02:58:16,4,2,0,0.0,0.0,0.0,0.0,0.0,0.0,0,0,0,0,0.0,500000.0,4.0,0.0,4.0,4.0,4.0,4.0,0.0,4.0,4.0,0,0,0,0,0,0,0,0,0,40,0,500000.0,0.0,0.0,0.0,0.0,0.0,0.0,0,0,0,0,1,0,0,0,0.0,0.0,0.0,0.0,40,0,0,0,0,0,0,2,0,0,0,2282,-1,0,20,0,0,0,0,0,0,0,0,BENIGN
10.42.0.42-59.38.112.48-53857-443-6,59.38.112.48,443,10.42.0.42,53857,6,08/08/2017 02:58:16,2,2,0,0.0,0.0,0.0,0.0,0.0,0.0,0,0,0,0,0.0,1000000.0,2.0,0.0,2.0,2.0,2.0,2.0,0.0,2.0,2.0,0,0,0,0,0,0,0,0,0,40,0,1000000.0,0.0,0.0,0.0,0.0,0.0,0.0,0,0,0,0,1,0,0,0,0.0,0.0,0.0,0.0,40,0,0,0,0,0,0,2,0,0,0,2282,-1,0,20,0,0,0,0,0,0,0,0,BENIGN
10.42.0.42-119.146.74.49-51577-80-6,119.146.74.49,80,10.42.0.42,51577,6,08/08/2017 02:58:16,5,2,0,0.0,0.0,0.0,0.0,0.0,0.0,0,0,0,0,0.0,399999.99999999994,5.0,0.0,5.0,5.0,5.0,5.0,0.0,5.0,5.0,0,0,0,0,0,0,0,0,0,40,0,399999.99999999994,0.0,0.0,0.0,0.0,0.0,0.0,0,0,0,0,1,0,0,0,0.0,0.0,0.0,0.0,40,0,0,0,0,0,0,2,0,0,0,4380,-1,0,20,0,0,0,0,0,0,0,0,BENIGN
220.170.182.31-10.42.0.42-443-41870-6,220.170.182.31,443,10.42.0.42,41870,6,08/08/2017 02:58:16,1142,2,0,0.0,0.0,0.0,0.0,0.0,0.0,0,0,0,0,0.0,1751.3134851138354,1142.0,0.0,1142.0,1142.0,1142.0,1142.0,0.0,1142.0,1142.0,0,0,0,0,0,0,0,0,0,40,0,1751.3134851138354,0.0,0.0,0.0,0.0,0.0,0.0,0,0,0,0,1,0,0,0,0.0,0.0,0.0,0.0,40,0,0,0,0,0,0,2,0,0,0,4745,-1,0,20,0,0,0,0,0,0,0,0,BENIGN
10.42.0.42-119.146.74.33-48028-443-6,10.42.0.42,48028,119.146.74.33,443,6,08/08/2017 02:57:15,60513592,7,8,568.0,183.0,517.0,0.0,81.14285714285715,193.13244900104917,152.0,0.0,22.875,53.29014248164745,12.410434997810079,0.24787819569527453,4322399.428571428,1.5702353127898762E7,5.8874696E7,16.0,1396354.0,232725.6666666667,240057.85298187323,683737.0,1763.0,6.0272081E7,8610297.285714287,2.2166855951753568E7,5.8874696E7,16.0,0,0,0,0,184,196,0.11567649132446145,0.13220170437081308,0.0,517.0,46.9375,131.3278182006133,17246.995833333338,0,0,0,1,0,0,0,0,1.0,50.06666666666667,81.14285714285714,22.875,184,0,0,0,0,0,0,7,568,8,183,65535,2315,2,20,1638880.0,0.0,1638880.0,1638880.0,5.8874696E7,0.0,5.8874696E7,5.8874696E7,BENIGN
220.170.182.31-10.42.0.42-443-41858-6,10.42.0.42,41858,220.170.182.31,443,6,08/08/2017 02:57:15,61051526,24,35,804.0,34687.0,477.0,0.0,33.5,105.68040417261355,1340.0,0.0,991.0571428571429,578.0315451832112,581.3286305079417,0.9663968104581038,1052612.5172413792,7865019.488884109,5.9916431E7,1.0,1135090.0,49351.73913043478,89124.22034809687,257158.0,1.0,6.0804597E7,1788370.5,1.0272705044059517E7,5.9924894E7,1.0,0,0,0,0,512,724,0.3931105669660083,0.5732862434920954,0.0,1340.0,591.5166666666668,651.2983510576358,424189.5420903955,0,0,0,1,0,0,0,0,1.0,601.542372881356,33.5,991.0571428571428,512,0,0,0,0,0,0,24,804,35,34687,65535,4745,3,20,1135090.0,0.0,1135090.0,1135090.0,5.9916431E7,0.0,5.9916431E7,5.9916431E7,BENIGN
10.42.0.42-119.146.74.33-48026-443-6,10.42.0.42,48026,119.146.74.33,443,6,08/08/2017 02:57:15,61212407,21,24,1144.0,19493.0,817.0,0.0,54.476190476190474,181.857806829297,1340.0,0.0,812.2083333333333,644.3125746410508,337.1375348791627,0.7351450825973891,1391191.0681818184,9004742.52305709,5.9762462E7,1.0,1449940.0,72496.99999999999,103660.31446076778,280824.0,1.0,6.0972184E7,2650964.5217391304,1.2450869794605063E7,5.9764747E7,1.0,0,0,0,0,592,504,0.34306770521211494,0.3920773773852742,0.0,1340.0,448.63043478260875,611.8450551386229,374354.37149758457,0,0,0,1,0,0,0,0,1.0,458.6,54.476190476190474,812.2083333333334,592,0,0,0,0,0,0,21,1144,24,19493,65535,4483,3,20,1449940.0,0.0,1449940.0,1449940.0,5.9762462E7,0.0,5.9762462E7,5.9762462E7,BENIGN
10.42.0.42-119.146.74.33-48025-443-6,10.42.0.42,48025,119.146.74.33,443,6,08/08/2017 02:57:15,61223893,19,31,1144.0,26672.0,817.0,0.0,60.21052631578947,190.74199530237127,1340.0,0.0,860.3870967741937,626.1251566803213,454.33242868107067,0.8166746273387091,1249467.2040816324,8563054.960335653,5.9965945E7,1.0,1257943.0,69885.72222222223,93061.11179207524,254570.0,1.0,6.0976291E7,2032543.0333333337,1.0942793876893872E7,5.9968895E7,1.0,0,0,0,0,436,656,0.3103363583887095,0.5063382689499997,0.0,1340.0,545.4117647058823,636.5817834801933,405236.36705882364,0,0,0,1,0,0,0,0,1.0,556.32,60.21052631578947,860.3870967741935,436,0,0,0,0,0,0,19,1144,31,26672,65535,4483,3,20,1257943.0,0.0,1257943.0,1257943.0,5.9965945E7,0.0,5.9965945E7,5.9965945E7,BENIGN
10.42.0.42-119.146.74.33-48031-443-6,10.42.0.42,48031,119.146.74.33,443,6,08/08/2017 02:57:15,61066674,15,22,1145.0,13676.0,818.0,0.0,76.33333333333334,213.47454403834885,1340.0,0.0,621.6363636363636,653.7817129122901,242.7019359200732,0.6058951237462188,1696296.5,9997732.264676873,6.0015076E7,0.0,1051593.0,75113.78571428571,98098.98526580853,254483.0,1.0,6.0818049E7,2896097.571428572,1.309089826612164E7,6.0028352E7,0.0,0,0,0,0,368,476,0.2456331582754941,0.3602619654707247,0.0,1340.0,390.02631578947364,579.4303114053051,335739.4857752489,0,0,0,1,0,0,0,0,1.0,400.56756756756755,76.33333333333333,621.6363636363636,368,0,0,0,0,0,0,15,1145,22,13676,65535,4483,3,20,1051593.0,0.0,1051593.0,1051593.0,6.0015076E7,0.0,6.0015076E7,6.0015076E7,BENIGN
10.42.0.42-119.146.74.33-48023-443-6,10.42.0.42,48023,119.146.74.33,443,6,08/08/2017 02:57:15,61238137,20,23,1144.0,16452.0,817.0,0.0,57.199999999999996,186.14216411968002,1340.0,0.0,715.304347826087,646.8567661309017,287.3372846074661,0.7021768150784862,1458050.880952381,9216352.166714918,5.976254E7,1.0,1475592.0,77662.73684210525,109019.33254542113,264365.0,1.0,6.0988814E7,2772218.8181818184,1.2730541930703087E7,5.9767154E7,2.0,0,0,0,0,564,484,0.32659386747836566,0.3755829476001205,0.0,1340.0,399.9090909090909,583.9017446088801,340941.24735729385,0,0,0,1,0,0,0,0,1.0,409.2093023255814,57.2,715.304347826087,564,0,0,0,0,0,0,20,1144,23,16452,65535,4483,3,20,1475592.0,0.0,1475592.0,1475592.0,5.976254E7,0.0,5.976254E7,5.976254E7,BENIGN
10.42.0.42-119.146.74.33-48019-443-6,10.42.0.42,48019,119.146.74.33,443,6,08/08/2017 02:57:15,61600804,32,40,1961.0,39215.0,818.0,0.0,61.28124999999999,202.49129561140916,1340.0,0.0,980.3749999999999,583.370959409235,668.4328340909317,1.1688159135065834,867616.9577464788,7083149.652688773,5.9708165E7,1.0,1892633.0,61052.67741935484,94258.68579018312,281365.0,1.0,6.1359051E7,1573309.0,9555129.491494982,5.9711618E7,2.0,0,0,0,0,856,824,0.5194737393362593,0.6493421741703241,0.0,1340.0,564.0547945205482,644.2446889017264,415051.2191780822,0,0,0,1,0,0,0,0,1.0,571.8888888888889,61.28125,980.375,856,0,0,0,0,0,0,32,1961,40,39215,65535,4585,4,20,1892633.0,0.0,1892633.0,1892633.0,5.9708165E7,0.0,5.9708165E7,5.9708165E7,BENIGN
180.149.138.197-10.42.0.42-80-37579-6,10.42.0.42,37579,180.149.138.197,80,6,08/08/2017 02:58:16,514415,3,4,370.0,438.0,370.0,0.0,123.33333333333333,213.61959960016154,438.0,0.0,109.5,219.0,1570.7162504981388,13.607690288969025,85735.83333333333,128072.60416875525,251936.0,5.0,263882.0,131941.0,186076.56368280234,263517.0,365.0,262479.0,87493.0,151099.12477575772,261967.0,5.0,0,0,0,0,80,92,5.8318672667010105,7.775823022268014,0.0,438.0,100.99999999999999,187.89662811541578,35305.142857142855,0,0,0,1,0,0,0,0,1.0,115.42857142857143,123.33333333333333,109.5,80,0,0,0,0,0,0,3,370,4,438,65535,123,1,20,0,0,0,0,0,0,0,0,BENIGN
10.42.0.42-119.146.74.33-48021-443-6,10.42.0.42,48021,119.146.74.33,443,6,08/08/2017 02:57:15,61614488,27,38,1942.0,32450.0,818.0,0.0,71.92592592592594,216.6998856848809,1340.0,0.0,853.9473684210527,633.069610935626,558.1804071795582,1.0549466872142148,962726.375,7496276.590847635,5.9993722E7,0.0,1620761.0,62336.961538461546,93525.25008252297,268854.0,3.0,6.1359005E7,1658351.4864864866,9857648.302620238,5.9996813E7,0.0,0,0,0,0,596,796,0.4382086239197508,0.6167380632944641,0.0,1340.0,521.0909090909092,632.195167705298,399670.7300699299,0,0,0,1,0,0,0,0,1.0,529.1076923076923,71.92592592592592,853.9473684210526,596,0,0,0,0,0,0,27,1942,38,32450,65535,4585,4,20,1620761.0,0.0,1620761.0,1620761.0,5.9993722E7,0.0,5.9993722E7,5.9993722E7,BENIGN
180.149.138.197-10.42.0.42-80-37579-6,10.42.0.42,37579,180.149.138.197,80,6,08/08/2017 02:58:17,3527,2,0,0.0,0.0,0.0,0.0,0.0,0.0,0,0,0,0,0.0,567.0541536716756,3527.0,0.0,3527.0,3527.0,3527.0,3527.0,0.0,3527.0,3527.0,0,0,0,0,0,0,0,0,0,40,0,567.0541536716756,0.0,0.0,0.0,0.0,0.0,0.0,0,0,0,0,1,0,0,0,0.0,0.0,0.0,0.0,40,0,0,0,0,0,0,2,0,0,0,1386,-1,0,20,0,0,0,0,0,0,0,0,BENIGN
10.42.0.42-119.146.74.33-48022-443-6,10.42.0.42,48022,119.146.74.33,443,6,08/08/2017 02:57:15,61649771,35,46,1962.0,43563.0,818.0,0.0,56.057142857142864,194.24861917249288,1340.0,0.0,947.0217391304348,587.9408696319512,738.4455653533571,1.313873493544688,770622.1375000001,6701454.044706109,5.99587E7,0.0,1691066.0,49737.235294117636,88328.49624505478,284526.0,1.0,6.1402191E7,1364493.1333333333,8934094.209431887,5.9961327E7,0.0,0,0,0,0,780,944,0.5677231144946183,0.7461503790500698,0.0,1340.0,555.1829268292685,637.5943043886596,406526.4969888587,0,0,0,1,0,0,0,0,1.0,562.0370370370371,56.05714285714286,947.0217391304348,780,0,0,0,0,0,0,35,1962,46,43563,65535,4585,4,20,1691066.0,0.0,1691066.0,1691066.0,5.99587E7,0.0,5.99587E7,5.99587E7,BENIGN
220.170.182.31-10.42.0.42-443-41867-6,10.42.0.42,41867,220.170.182.31,443,6,08/08/2017 02:57:17,60820491,10,12,794.0,5605.0,463.0,0.0,79.4,152.47090797190714,1340.0,0.0,467.0833333333333,643.1085668748931,105.21125191179401,0.36172019722760873,2896213.8571428573,1.3084143873400489E7,5.9999188E7,3.0,821299.0,91255.44444444444,105188.33501880225,258193.0,1560.0,6.0564687E7,5505880.636363635,1.807440711789612E7,6.0001657E7,3.0,0,0,0,0,232,264,0.16441827146709487,0.19730192576051384,0.0,1340.0,278.2173913043478,507.19522478768556,257246.99604743088,0,0,0,1,0,0,0,0,1.0,290.8636363636364,79.4,467.0833333333333,232,0,0,0,0,0,0,10,794,12,5605,65535,4745,3,20,821299.0,0.0,821299.0,821299.0,5.9999188E7,0.0,5.9999188E7,5.9999188E7,BENIGN
183.232.231.172-10.42.0.42-80-45911-6,10.42.0.42,45911,183.232.231.172,80,6,08/08/2017 02:57:11,66812214,66,145,2946.0,189646.0,1452.0,0.0,44.636363636363626,223.60388302419193,1460.0,0.0,1307.903448275862,385.97731878055583,2882.5867078735037,3.1581051931612385,318153.39999999997,4139574.2776249023,5.9994415E7,0.0,6817799.0,104889.21538461531,214280.37861682905,1116103.0,1.0,6.6521936E7,461957.8888888889,4998968.247588047,6.000021E7,0.0,0,0,0,0,1388,2920,0.9878433305622831,2.1702618625989554,0.0,1460.0,908.4528301886792,681.2040724230815,464038.9882857909,0,0,0,1,0,0,0,0,2.0,912.7582938388625,44.63636363636363,1307.903448275862,1388,0,0,0,0,0,0,66,2946,145,189646,65535,992,4,20,0,0,0,0,0,0,0,0,BENIGN
10.42.0.42-119.146.74.49-51576-80-6,10.42.0.42,51576,119.146.74.49,80,6,08/08/2017 02:58:16,1438057,2,0,0.0,0.0,0.0,0.0,0.0,0.0,0,0,0,0,0.0,1.390765456445746,1438057.0,0.0,1438057.0,1438057.0,1438057.0,1438057.0,0.0,1438057.0,1438057.0,0,0,0,0,0,0,0,0,0,40,0,1.390765456445746,0.0,0.0,0.0,0.0,0.0,0.0,0,0,0,0,1,1,0,0,0.0,0.0,0.0,0.0,40,0,0,0,0,0,0,2,0,0,0,2327,-1,0,20,0,0,0,0,0,0,0,0,BENIGN
183.232.231.30-10.42.0.42-80-32944-6,10.42.0.42,32944,183.232.231.30,80,6,08/08/2017 02:58:16,1620164,2,0,0.0,0.0,0.0,0.0,0.0,0.0,0,0,0,0,0.0,1.2344429329376532,1620164.0,0.0,1620164.0,1620164.0,1620164.0,1620164.0,0.0,1620164.0,1620164.0,0,0,0,0,0,0,0,0,0,40,0,1.2344429329376532,0.0,0.0,0.0,0.0,0.0,0.0,0,0,0,0,1,1,0,0,0.0,0.0,0.0,0.0,40,0,0,0,0,0,0,2,0,0,0,1369,-1,0,20,0,0,0,0,0,0,0,0,BENIGN
10.42.0.42-61.135.185.139-52661-80-6,10.42.0.42,52661,61.135.185.139,80,6,08/08/2017 02:58:16,1640189,2,0,0.0,0.0,0.0,0.0,0.0,0.0,0,0,0,0,0.0,1.2193716699721802,1640189.0,0.0,1640189.0,1640189.0,1640189.0,1640189.0,0.0,1640189.0,1640189.0,0,0,0,0,0,0,0,0,0,40,0,1.2193716699721802,0.0,0.0,0.0,0.0,0.0,0.0,0,0,0,0,1,1,0,0,0.0,0.0,0.0,0.0,40,0,0,0,0,0,0,2,0,0,0,2555,-1,0,20,0,0,0,0,0,0,0,0,BENIGN
10.42.0.42-61.135.185.139-52662-80-6,10.42.0.42,52662,61.135.185.139,80,6,08/08/2017 02:58:17,1729543,2,0,0.0,0.0,0.0,0.0,0.0,0.0,0,0,0,0,0.0,1.1563748342770315,1729543.0,0.0,1729543.0,1729543.0,1729543.0,1729543.0,0.0,1729543.0,1729543.0,0,0,0,0,0,0,0,0,0,40,0,1.1563748342770315,0.0,0.0,0.0,0.0,0.0,0.0,0,0,0,0,1,1,0,0,0.0,0.0,0.0,0.0,40,0,0,0,0,0,0,2,0,0,0,2054,-1,0,20,0,0,0,0,0,0,0,0,BENIGN
10.42.0.42-119.146.74.33-48024-443-6,10.42.0.42,48024,119.146.74.33,443,6,08/08/2017 02:57:15,62977752,31,38,1942.0,33573.0,818.0,0.0,62.6451612903226,203.2201676978439,1340.0,0.0,883.5000000000002,613.209974619602,563.929306336625,1.0956250073835598,926143.411764706,7241566.242222921,5.9746448E7,0.0,6.16285E7,2054283.3333333333,1.0900868497593962E7,5.9768328E7,1.0,6.2728801E7,1695373.0,9813137.040146803,5.9755534E7,0.0,0,0,0,0,792,784,0.4922373221578312,0.6033876852257286,0.0,1340.0,507.3571428571429,624.5757524915724,390094.870600414,0,0,0,1,0,0,0,0,1.0,514.7101449275362,62.645161290322584,883.5,792,0,0,0,0,0,0,31,1942,38,33573,65535,4585,4,20,1860172.0,0.0,1860172.0,1860172.0,5.9746448E7,0.0,5.9746448E7,5.9746448E7,BENIGN
183.232.231.172-10.42.0.42-80-45912-6,10.42.0.42,45912,183.232.231.172,80,6,08/08/2017 02:58:17,1760655,2,0,0.0,0.0,0.0,0.0,0.0,0.0,0,0,0,0,0.0,1.1359408856363113,1760655.0,0.0,1760655.0,1760655.0,1760655.0,1760655.0,0.0,1760655.0,1760655.0,0,0,0,0,0,0,0,0,0,40,0,1.1359408856363113,0.0,0.0,0.0,0.0,0.0,0.0,0,0,0,0,1,1,0,0,0.0,0.0,0.0,0.0,40,0,0,0,0,0,0,2,0,0,0,1397,-1,0,20,0,0,0,0,0,0,0,0,BENIGN
10.42.0.42-61.135.185.139-52676-80-6,10.42.0.42,52676,61.135.185.139,80,6,08/08/2017 02:58:17,1927757,2,0,0.0,0.0,0.0,0.0,0.0,0.0,0,0,0,0,0.0,1.0374751589541629,1927757.0,0.0,1927757.0,1927757.0,1927757.0,1927757.0,0.0,1927757.0,1927757.0,0,0,0,0,0,0,0,0,0,40,0,1.0374751589541629,0.0,0.0,0.0,0.0,0.0,0.0,0,0,0,0,1,1,0,0,0.0,0.0,0.0,0.0,40,0,0,0,0,0,0,2,0,0,0,2327,-1,0,20,0,0,0,0,0,0,0,0,BENIGN
10.42.0.42-61.135.185.139-52686-80-6,10.42.0.42,52686,61.135.185.139,80,6,08/08/2017 02:58:17,1980426,2,0,0.0,0.0,0.0,0.0,0.0,0.0,0,0,0,0,0.0,1.0098837320859249,1980426.0,0.0,1980426.0,1980426.0,1980426.0,1980426.0,0.0,1980426.0,1980426.0,0,0,0,0,0,0,0,0,0,40,0,1.0098837320859249,0.0,0.0,0.0,0.0,0.0,0.0,0,0,0,0,1,1,0,0,0.0,0.0,0.0,0.0,40,0,0,0,0,0,0,2,0,0,0,1369,-1,0,20,0,0,0,0,0,0,0,0,BENIGN
163.177.151.166-10.42.0.42-80-51909-6,10.42.0.42,51909,163.177.151.166,80,6,08/08/2017 02:58:17,2065375,2,0,0.0,0.0,0.0,0.0,0.0,0.0,0,0,0,0,0.0,0.9683471524541548,2065375.0,0.0,2065375.0,2065375.0,2065375.0,2065375.0,0.0,2065375.0,2065375.0,0,0,0,0,0,0,0,0,0,40,0,0.9683471524541548,0.0,0.0,0.0,0.0,0.0,0.0,0,0,0,0,1,1,0,0,0.0,0.0,0.0,0.0,40,0,0,0,0,0,0,2,0,0,0,1403,-1,0,20,0,0,0,0,0,0,0,0,BENIGN
163.177.151.166-10.42.0.42-443-58298-6,10.42.0.42,58298,163.177.151.166,443,6,08/08/2017 02:58:17,2223345,2,0,0.0,0.0,0.0,0.0,0.0,0.0,0,0,0,0,0.0,0.8995455046337837,2223345.0,0.0,2223345.0,2223345.0,2223345.0,2223345.0,0.0,2223345.0,2223345.0,0,0,0,0,0,0,0,0,0,40,0,0.8995455046337837,0.0,0.0,0.0,0.0,0.0,0.0,0,0,0,0,1,1,0,0,0.0,0.0,0.0,0.0,40,0,0,0,0,0,0,2,0,0,0,1369,-1,0,20,0,0,0,0,0,0,0,0,BENIGN
183.232.231.172-10.42.0.42-80-45911-6,10.42.0.42,45911,183.232.231.172,80,6,08/08/2017 02:58:18,1638419,2,0,0.0,0.0,0.0,0.0,0.0,0.0,0,0,0,0,0.0,1.2206889690610276,1638419.0,0.0,1638419.0,1638419.0,1638419.0,1638419.0,0.0,1638419.0,1638419.0,0,0,0,0,0,0,0,0,0,40,0,1.2206889690610276,0.0,0.0,0.0,0.0,0.0,0.0,0,0,0,0,1,0,0,0,0.0,0.0,0.0,0.0,40,0,0,0,0,0,0,2,0,0,0,7406,-1,0,20,0,0,0,0,0,0,0,0,BENIGN
10.42.0.42-59.38.112.48-53856-443-6,10.42.0.42,53856,59.38.112.48,443,6,08/08/2017 02:57:19,60805972,17,29,742.0,14588.0,414.0,0.0,43.64705882352941,110.59212289787563,1340.0,0.0,503.0344827586207,590.482519564576,252.1133943883012,0.7565046406954896,1351243.822222222,8935119.981160855,5.9956746E7,1.0,849221.0,53076.3125,91748.89568579287,255996.0,121.0,6.0554265E7,2162652.3214285714,1.133464379759061E7,5.9997078E7,1.0,0,0,0,0,372,604,0.2795778019961592,0.4769268386993304,0.0,1340.0,326.17021276595744,517.7061160269336,268019.6225716928,0,0,0,1,0,0,0,0,1.0,333.2608695652174,43.64705882352941,503.0344827586207,372,0,0,0,0,0,0,17,742,29,14588,65535,2315,3,20,849221.0,0.0,849221.0,849221.0,5.9956746E7,0.0,5.9956746E7,5.9956746E7,BENIGN
220.170.182.31-10.42.0.42-443-41868-6,10.42.0.42,41868,220.170.182.31,443,6,08/08/2017 02:57:17,63946519,30,42,1267.0,40445.0,475.0,0.0,42.233333333333334,123.53100499632592,1340.0,0.0,962.9761904761905,588.0890710741367,652.2950842719054,1.1259408819422994,900655.1971830985,7117145.972733873,5.9961049E7,0.0,3985465.0,137429.8275862069,518255.8784475421,2795996.0,2.0,6.3690793E7,1553433.9756097563,9368102.026968494,5.999991E7,0.0,0,0,0,0,632,864,0.4691420341426247,0.6567988477996746,0.0,1340.0,571.3972602739727,643.2264103660466,413740.2149923898,0,0,0,1,0,0,0,0,1.0,579.3333333333334,42.233333333333334,962.9761904761905,632,0,0,0,0,0,0,30,1267,42,40445,65535,4745,4,20,3985465.0,0.0,3985465.0,3985465.0,5.9961049E7,0.0,5.9961049E7,5.9961049E7,BENIGN
220.170.182.31-10.42.0.42-443-41869-6,10.42.0.42,41869,220.170.182.31,443,6,08/08/2017 02:57:17,63812717,26,37,1687.0,27717.0,457.0,0.0,64.88461538461539,149.8669615153592,1340.0,0.0,749.1081081081081,638.1804770762901,460.7858963284701,0.9872640276388795,1029237.3709677419,7606860.590354901,5.9933624E7,1.0,3878860.0,155154.40000000002,341315.70559991326,1428043.0,2.0,6.3557569E7,1765488.0277777778,9978405.699160906,5.9936886E7,1.0,0,0,0,0,552,764,0.40744229712080743,0.5798217305180722,0.0,1340.0,459.4375,598.7628482234836,358516.9484126985,0,0,0,1,0,0,0,0,1.0,466.73015873015873,64.88461538461539,749.1081081081081,552,0,0,0,0,0,0,26,1687,37,27717,65535,4745,5,20,3878860.0,0.0,3878860.0,3878860.0,5.9933624E7,0.0,5.9933624E7,5.9933624E7,BENIGN
10.42.0.42-123.59.190.237-33198-80-6,10.42.0.42,33198,123.59.190.237,80,6,08/08/2017 02:58:21,547621,3,7,386.0,7073.0,386.0,0.0,128.66666666666666,222.85720390719553,1460.0,0.0,1010.4285714285714,695.2131225130073,13620.734047817741,18.260804461479744,60846.77777777779,113830.34665872034,261534.0,3.0,269004.0,134502.0,189234.50256758148,268311.0,693.0,286087.0,47681.16666666667,108490.68075630584,268714.0,3.0,0,0,0,0,80,144,5.478241338443923,12.782563123035821,0.0,1460.0,678.0909090909091,716.7848288776004,513780.4909090909,0,0,0,1,0,0,0,0,2.0,745.9,128.66666666666666,1010.4285714285714,80,0,0,0,0,0,0,3,386,7,7073,65535,8190,1,20,0,0,0,0,0,0,0,0,BENIGN
10.42.0.42-123.59.190.237-33198-80-6,10.42.0.42,33198,123.59.190.237,80,6,08/08/2017 02:58:22,2981,3,0,0.0,0.0,0.0,0.0,0.0,0.0,0,0,0,0,0.0,1006.3737001006373,1490.5,682.3580438450184,1973.0,1008.0,2981.0,1490.5,682.3580438450184,1973.0,1008.0,0,0,0,0,0,0,0,0,0,60,0,1006.3737001006373,0.0,0.0,0.0,0.0,0.0,0.0,0,0,0,0,1,0,0,0,0.0,0.0,0.0,0.0,60,0,0,0,0,0,0,3,0,0,0,65535,-1,0,20,0,0,0,0,0,0,0,0,BENIGN
220.170.182.31-10.42.0.42-443-41858-6,10.42.0.42,41858,220.170.182.31,443,6,08/08/2017 02:58:17,5573857,3,0,0.0,0.0,0.0,0.0,0.0,0.0,0,0,0,0,0.0,0.5382269405189261,2786928.5,3884206.1384154805,5533477.0,40380.0,5573857.0,2786928.5,3884206.1384154805,5533477.0,40380.0,0,0,0,0,0,0,0,0,0,60,0,0.5382269405189261,0.0,0.0,0.0,0.0,0.0,0.0,0,0,0,0,1,0,0,0,0.0,0.0,0.0,0.0,60,0,0,0,0,0,0,3,0,0,0,2590,-1,0,20,0,0,0,0,0,0,0,0,BENIGN
220.170.182.31-10.42.0.42-443-41867-6,10.42.0.42,41867,220.170.182.31,443,6,08/08/2017 02:58:18,4539585,3,0,0.0,0.0,0.0,0.0,0.0,0.0,0,0,0,0,0.0,0.6608533599436953,2269792.5,3157443.2029255093,4502442.0,37143.0,4539585.0,2269792.5,3157443.2029255093,4502442.0,37143.0,0,0,0,0,0,0,0,0,0,60,0,0.6608533599436953,0.0,0.0,0.0,0.0,0.0,0.0,0,0,0,0,1,0,0,0,0.0,0.0,0.0,0.0,60,0,0,0,0,0,0,3,0,0,0,1594,-1,0,20,0,0,0,0,0,0,0,0,BENIGN
220.170.182.31-10.42.0.42-443-41868-6,10.42.0.42,41868,220.170.182.31,443,6,08/08/2017 02:58:21,1514540,3,0,0.0,0.0,0.0,0.0,0.0,0.0,0,0,0,0,0.0,1.9807994506582858,757270.0,1022347.7121615717,1480179.0,34361.0,1514540.0,757270.0,1022347.7121615717,1480179.0,34361.0,0,0,0,0,0,0,0,0,0,60,0,1.9807994506582858,0.0,0.0,0.0,0.0,0.0,0.0,0,0,0,0,1,0,0,0,0.0,0.0,0.0,0.0,60,0,0,0,0,0,0,3,0,0,0,2814,-1,0,20,0,0,0,0,0,0,0,0,BENIGN
220.170.182.31-10.42.0.42-443-41869-6,10.42.0.42,41869,220.170.182.31,443,6,08/08/2017 02:58:21,1503047,3,0,0.0,0.0,0.0,0.0,0.0,0.0,0,0,0,0,0.0,1.9959455692336965,751523.5,1019067.4438036474,1472113.0,30934.0,1503047.0,751523.5,1019067.4438036474,1472113.0,30934.0,0,0,0,0,0,0,0,0,0,60,0,1.9959455692336965,0.0,0.0,0.0,0.0,0.0,0.0,0,0,0,0,1,0,0,0,0.0,0.0,0.0,0.0,60,0,0,0,0,0,0,3,0,0,0,2445,-1,0,20,0,0,0,0,0,0,0,0,BENIGN
220.181.7.190-10.42.0.42-443-48005-6,10.42.0.42,48005,220.181.7.190,443,6,08/08/2017 02:57:30,52463488,3,0,0.0,0.0,0.0,0.0,0.0,0.0,0,0,0,0,0.0,0.05718262575298082,2.6231744E7,3.705397218229713E7,5.2432859E7,30629.0,5.2463488E7,2.6231744E7,3.705397218229713E7,5.2432859E7,30629.0,0,0,0,0,0,0,0,0,0,60,0,0.05718262575298082,0.0,0.0,0.0,0.0,0.0,0.0,0,0,0,0,1,0,0,0,0.0,0.0,0.0,0.0,60,0,0,0,0,0,0,3,0,0,0,1962,-1,0,20,0,0,0,0,0,0,0,0,BENIGN
220.181.7.190-10.42.0.42-443-48007-6,10.42.0.42,48007,220.181.7.190,443,6,08/08/2017 02:57:32,50059280,3,0,0.0,0.0,0.0,0.0,0.0,0.0,0,0,0,0,0.0,0.059928948238967876,2.502964E7,3.5345793117781356E7,5.002289E7,36390.0,5.005928E7,2.502964E7,3.5345793117781356E7,5.002289E7,36390.0,0,0,0,0,0,0,0,0,0,60,0,0.059928948238967876,0.0,0.0,0.0,0.0,0.0,0.0,0,0,0,0,1,0,0,0,0.0,0.0,0.0,0.0,60,0,0,0,0,0,0,3,0,0,0,1419,-1,0,20,0,0,0,0,0,0,0,0,BENIGN
163.177.151.166-10.42.0.42-443-58297-6,10.42.0.42,58297,163.177.151.166,443,6,08/08/2017 02:57:47,35085042,3,0,0.0,0.0,0.0,0.0,0.0,0.0,0,0,0,0,0.0,0.08550652440433162,1.7542521E7,2.476325848638761E7,3.5052789E7,32253.0,3.5085042E7,1.7542521E7,2.476325848638761E7,3.5052789E7,32253.0,0,0,0,0,0,0,0,0,0,60,0,0.08550652440433162,0.0,0.0,0.0,0.0,0.0,0.0,0,0,0,0,1,0,0,0,0.0,0.0,0.0,0.0,60,0,0,0,0,0,0,3,0,0,0,1643,-1,0,20,0,0,0,0,0,0,0,0,BENIGN
183.232.231.30-10.42.0.42-443-46002-6,10.42.0.42,46002,183.232.231.30,443,6,08/08/2017 02:57:18,63833295,8,7,603.0,235.0,517.0,0.0,75.375,179.49766214156028,96.0,0.0,33.57142857142858,44.62382451432995,13.127945220437077,0.2349870862846732,4559521.071428572,1.6595745266826438E7,6.221639E7,1.0,6.3833295E7,9119042.142857142,2.3532176426890425E7,6.2483009E7,313.0,1349074.0,224845.6666666667,340630.133950986,877528.0,1.0,0,0,0,0,192,160,0.12532644601849238,0.10966064026618084,0.0,517.0,52.375,128.30529996847363,16462.25,0,0,0,1,0,0,0,0,0.0,55.86666666666667,75.375,33.57142857142857,192,0,0,0,0,0,0,8,603,7,235,65535,812,3,20,0,0,0,0,0,0,0,0,BENIGN
183.232.231.30-10.42.0.42-443-46003-6,10.42.0.42,46003,183.232.231.30,443,6,08/08/2017 02:57:18,63830138,6,6,560.0,139.0,517.0,0.0,93.33333333333333,208.2648954256734,96.0,0.0,23.166666666666668,38.47293420921605,10.950939820935371,0.18799896688301065,5802739.818181818,1.8971262688135892E7,6.3002074E7,2.0,6.3830138E7,1.27660276E7,2.8233362161630668E7,6.3270848E7,443.0,560251.0,112050.2,153445.87089003078,288832.0,2.0,0,0,0,0,140,140,0.09399948344150533,0.09399948344150533,0.0,517.0,53.76923076923076,142.06052339651683,20181.19230769231,0,0,0,1,0,0,0,0,1.0,58.25,93.33333333333333,23.166666666666668,140,0,0,0,0,0,0,6,560,6,139,65535,496,2,20,0,0,0,0,0,0,0,0,BENIGN
10.42.0.42-59.38.112.48-53856-443-6,10.42.0.42,53856,59.38.112.48,443,6,08/08/2017 02:58:20,2082437,3,0,0.0,0.0,0.0,0.0,0.0,0.0,0,0,0,0,0.0,1.44061981226803,1041218.5,1430121.343629449,2052467.0,29970.0,2082437.0,1041218.5,1430121.343629449,2052467.0,29970.0,0,0,0,0,0,0,0,0,0,60,0,1.44061981226803,0.0,0.0,0.0,0.0,0.0,0.0,0,0,0,0,1,0,0,0,0.0,0.0,0.0,0.0,60,0,0,0,0,0,0,3,0,0,0,1985,-1,0,20,0,0,0,0,0,0,0,0,BENIGN
10.42.0.42-119.146.74.33-48031-443-6,10.42.0.42,48031,119.146.74.33,443,6,08/08/2017 02:58:17,5551187,3,0,0.0,0.0,0.0,0.0,0.0,0.0,0,0,0,0,0.0,0.5404249577612861,2775593.5,3870796.5654170588,5512660.0,38527.0,5551187.0,2775593.5,3870796.5654170588,5512660.0,38527.0,0,0,0,0,0,0,0,0,0,60,0,0.5404249577612861,0.0,0.0,0.0,0.0,0.0,0.0,0,0,0,0,1,0,0,0,0.0,0.0,0.0,0.0,60,0,0,0,0,0,0,3,0,0,0,1860,-1,0,20,0,0,0,0,0,0,0,0,BENIGN
10.42.0.42-119.146.74.33-48025-443-6,10.42.0.42,48025,119.146.74.33,443,6,08/08/2017 02:58:17,5551310,3,0,0.0,0.0,0.0,0.0,0.0,0.0,0,0,0,0,0.0,0.5404129836020687,2775655.0,3870848.184212086,5512758.0,38552.0,5551310.0,2775655.0,3870848.184212086,5512758.0,38552.0,0,0,0,0,0,0,0,0,0,60,0,0.5404129836020687,0.0,0.0,0.0,0.0,0.0,0.0,0,0,0,0,1,0,0,0,0.0,0.0,0.0,0.0,60,0,0,0,0,0,0,3,0,0,0,2358,-1,0,20,0,0,0,0,0,0,0,0,BENIGN
10.42.0.42-119.146.74.33-48026-443-6,10.42.0.42,48026,119.146.74.33,443,6,08/08/2017 02:58:17,5559506,3,0,0.0,0.0,0.0,0.0,0.0,0.0,0,0,0,0,0.0,0.5396162896487566,2779753.0,3879330.6371591995,5522854.0,36652.0,5559506.0,2779753.0,3879330.6371591995,5522854.0,36652.0,0,0,0,0,0,0,0,0,0,60,0,0.5396162896487566,0.0,0.0,0.0,0.0,0.0,0.0,0,0,0,0,1,0,0,0,0.0,0.0,0.0,0.0,60,0,0,0,0,0,0,3,0,0,0,1594,-1,0,20,0,0,0,0,0,0,0,0,BENIGN
10.42.0.42-119.146.74.33-48023-443-6,10.42.0.42,48023,119.146.74.33,443,6,08/08/2017 02:58:17,5548705,3,0,0.0,0.0,0.0,0.0,0.0,0.0,0,0,0,0,0.0,0.5406666961029646,2774352.5,3872555.8470886513,5512663.0,36042.0,5548705.0,2774352.5,3872555.8470886513,5512663.0,36042.0,0,0,0,0,0,0,0,0,0,60,0,0.5406666961029646,0.0,0.0,0.0,0.0,0.0,0.0,0,0,0,0,1,0,0,0,0.0,0.0,0.0,0.0,60,0,0,0,0,0,0,3,0,0,0,1681,-1,0,20,0,0,0,0,0,0,0,0,BENIGN
10.42.0.42-119.146.74.33-48024-443-6,10.42.0.42,48024,119.146.74.33,443,6,08/08/2017 02:58:18,3772183,2,0,0.0,0.0,0.0,0.0,0.0,0.0,0,0,0,0,0.0,0.5301969708256465,3772183.0,0.0,3772183.0,3772183.0,3772183.0,3772183.0,0.0,3772183.0,3772183.0,0,0,0,0,0,0,0,0,0,40,0,0.5301969708256465,0.0,0.0,0.0,0.0,0.0,0.0,0,0,0,0,1,0,0,0,0.0,0.0,0.0,0.0,40,0,0,0,0,0,0,2,0,0,0,2221,-1,0,20,0,0,0,0,0,0,0,0,BENIGN
10.42.0.42-119.146.74.33-48021-443-6,10.42.0.42,48021,119.146.74.33,443,6,08/08/2017 02:58:17,5157972,3,0,0.0,0.0,0.0,0.0,0.0,0.0,0,0,0,0,0.0,0.5816239405719923,2578986.0,3597477.8741782415,5122787.0,35185.0,5157972.0,2578986.0,3597477.8741782415,5122787.0,35185.0,0,0,0,0,0,0,0,0,0,60,0,0.5816239405719923,0.0,0.0,0.0,0.0,0.0,0.0,0,0,0,0,1,0,0,0,0.0,0.0,0.0,0.0,60,0,0,0,0,0,0,3,0,0,0,2540,-1,0,20,0,0,0,0,0,0,0,0,BENIGN
10.42.0.42-119.146.74.33-48022-443-6,10.42.0.42,48022,119.146.74.33,443,6,08/08/2017 02:58:17,5125162,3,0,0.0,0.0,0.0,0.0,0.0,0.0,0,0,0,0,0.0,0.58534735097154,2562581.0,3592970.7755549587,5103195.0,21967.0,5125162.0,2562581.0,3592970.7755549587,5103195.0,21967.0,0,0,0,0,0,0,0,0,0,60,0,0.58534735097154,0.0,0.0,0.0,0.0,0.0,0.0,0,0,0,0,1,0,0,0,0.0,0.0,0.0,0.0,60,0,0,0,0,0,0,3,0,0,0,2902,-1,0,20,0,0,0,0,0,0,0,0,BENIGN
10.42.0.42-119.146.74.33-48019-443-6,10.42.0.42,48019,119.146.74.33,443,6,08/08/2017 02:58:17,5159259,3,0,0.0,0.0,0.0,0.0,0.0,0.0,0,0,0,0,0.0,0.5814788519048957,2579629.5,3597248.064474356,5123268.0,35991.0,5159259.0,2579629.5,3597248.064474356,5123268.0,35991.0,0,0,0,0,0,0,0,0,0,60,0,0.5814788519048957,0.0,0.0,0.0,0.0,0.0,0.0,0,0,0,0,1,0,0,0,0.0,0.0,0.0,0.0,60,0,0,0,0,0,0,3,0,0,0,2316,-1,0,20,0,0,0,0,0,0,0,0,BENIGN
163.177.151.166-10.42.0.42-80-51905-6,10.42.0.42,51905,163.177.151.166,80,6,08/08/2017 02:58:18,4449547,2,0,0.0,0.0,0.0,0.0,0.0,0.0,0,0,0,0,0.0,0.4494839587041108,4449547.0,0.0,4449547.0,4449547.0,4449547.0,4449547.0,0.0,4449547.0,4449547.0,0,0,0,0,0,0,0,0,0,40,0,0.4494839587041108,0.0,0.0,0.0,0.0,0.0,0.0,0,0,0,0,1,1,0,0,0.0,0.0,0.0,0.0,40,0,0,0,0,0,0,2,0,0,0,1386,-1,0,20,0,0,0,0,0,0,0,0,BENIGN
183.232.231.30-10.42.0.42-443-46002-6,183.232.231.30,443,10.42.0.42,46002,6,08/08/2017 02:58:22,9,2,0,0.0,0.0,0.0,0.0,0.0,0.0,0,0,0,0,0.0,222222.22222222222,9.0,0.0,9.0,9.0,9.0,9.0,0.0,9.0,9.0,0,0,0,0,0,0,0,0,0,40,0,222222.22222222222,0.0,0.0,0.0,0.0,0.0,0.0,0,0,0,0,1,0,0,0,0.0,0.0,0.0,0.0,40,0,0,0,0,0,0,2,0,0,0,812,-1,0,20,0,0,0,0,0,0,0,0,BENIGN
183.232.231.30-10.42.0.42-443-46003-6,10.42.0.42,46003,183.232.231.30,443,6,08/08/2017 02:58:23,268005,1,3,0.0,23.0,0.0,0.0,0.0,0.0,23.0,0.0,7.666666666666666,13.279056191361393,85.81929441614895,14.925094681069384,89335.0,154726.69672361005,267998.0,2.0,0,0,0,0,0,7.0,3.5,2.1213203435596424,5.0,2.0,0,0,0,0,20,60,3.731273670267346,11.193821010802038,0.0,23.0,4.6,10.285912696499032,105.8,0,0,0,0,1,1,0,0,3.0,5.75,0.0,7.666666666666667,20,0,0,0,0,0,0,1,0,3,23,1369,496,0,20,0,0,0,0,0,0,0,0,BENIGN
174.35.73.99-10.42.0.42-80-60285-6,10.42.0.42,60285,174.35.73.99,80,6,08/08/2017 02:58:17,6267970,5,7,370.0,4202.0,370.0,0.0,74.0,165.46903033498444,1448.0,0.0,600.2857142857142,662.6053914373961,729.4227636698963,1.91449544270314,569815.4545454546,1870475.028036053,6209449.0,3.0,58521.0,14630.25,13954.198636372257,27917.0,1393.0,6244759.0,1040793.1666666666,2533610.2184074344,6212452.0,3.0,0,0,0,0,168,232,0.7977064344596416,1.1167890082434984,0.0,1448.0,351.69230769230774,554.1990293230078,307136.5641025641,0,0,0,1,0,0,0,0,1.0,381.0,74.0,600.2857142857143,168,0,0,0,0,0,0,5,370,7,4202,65535,676,1,32,0,0,0,0,0,0,0,0,BENIGN
174.35.73.99-10.42.0.42-80-60285-6,10.42.0.42,60285,174.35.73.99,80,6,08/08/2017 02:58:23,28800,2,0,0.0,0.0,0.0,0.0,0.0,0.0,0,0,0,0,0.0,69.44444444444444,28800.0,0.0,28800.0,28800.0,28800.0,28800.0,0.0,28800.0,28800.0,0,0,0,0,0,0,0,0,0,64,0,69.44444444444444,0.0,0.0,0.0,0.0,0.0,0.0,0,0,0,0,1,0,0,0,0.0,0.0,0.0,0.0,64,0,0,0,0,0,0,2,0,0,0,1522,-1,0,32,0,0,0,0,0,0,0,0,BENIGN
10.42.0.42-119.146.74.33-48019-443-6,10.42.0.42,48019,119.146.74.33,443,6,08/08/2017 02:58:23,1179629,2,0,0.0,0.0,0.0,0.0,0.0,0.0,0,0,0,0,0.0,1.695448314681989,1179629.0,0.0,1179629.0,1179629.0,1179629.0,1179629.0,0.0,1179629.0,1179629.0,0,0,0,0,0,0,0,0,0,40,0,1.695448314681989,0.0,0.0,0.0,0.0,0.0,0.0,0,0,0,0,1,1,0,0,0.0,0.0,0.0,0.0,40,0,0,0,0,0,0,2,0,0,0,2316,-1,0,20,0,0,0,0,0,0,0,0,BENIGN
220.181.7.190-10.42.0.42-443-48005-6,10.42.0.42,48005,220.181.7.190,443,6,08/08/2017 02:58:23,1200030,2,0,0.0,0.0,0.0,0.0,0.0,0.0,0,0,0,0,0.0,1.6666250010416408,1200030.0,0.0,1200030.0,1200030.0,1200030.0,1200030.0,0.0,1200030.0,1200030.0,0,0,0,0,0,0,0,0,0,40,0,1.6666250010416408,0.0,0.0,0.0,0.0,0.0,0.0,0,0,0,0,1,1,0,0,0.0,0.0,0.0,0.0,40,0,0,0,0,0,0,2,0,0,0,1962,-1,0,20,0,0,0,0,0,0,0,0,BENIGN
220.181.7.190-10.42.0.42-443-48007-6,10.42.0.42,48007,220.181.7.190,443,6,08/08/2017 02:58:23,1200010,2,0,0.0,0.0,0.0,0.0,0.0,0.0,0,0,0,0,0.0,1.6666527778935176,1200010.0,0.0,1200010.0,1200010.0,1200010.0,1200010.0,0.0,1200010.0,1200010.0,0,0,0,0,0,0,0,0,0,40,0,1.6666527778935176,0.0,0.0,0.0,0.0,0.0,0.0,0,0,0,0,1,1,0,0,0.0,0.0,0.0,0.0,40,0,0,0,0,0,0,2,0,0,0,1419,-1,0,20,0,0,0,0,0,0,0,0,BENIGN
10.42.0.42-119.146.74.33-48024-443-6,10.42.0.42,48024,119.146.74.33,443,6,08/08/2017 02:58:23,1198772,2,0,0.0,0.0,0.0,0.0,0.0,0.0,0,0,0,0,0.0,1.6683739693619806,1198772.0,0.0,1198772.0,1198772.0,1198772.0,1198772.0,0.0,1198772.0,1198772.0,0,0,0,0,0,0,0,0,0,40,0,1.6683739693619806,0.0,0.0,0.0,0.0,0.0,0.0,0,0,0,0,1,1,0,0,0.0,0.0,0.0,0.0,40,0,0,0,0,0,0,2,0,0,0,2221,-1,0,20,0,0,0,0,0,0,0,0,BENIGN
10.42.0.42-119.146.74.33-48022-443-6,10.42.0.42,48022,119.146.74.33,443,6,08/08/2017 02:58:23,1198960,2,0,0.0,0.0,0.0,0.0,0.0,0.0,0,0,0,0,0.0,1.6681123640488422,1198960.0,0.0,1198960.0,1198960.0,1198960.0,1198960.0,0.0,1198960.0,1198960.0,0,0,0,0,0,0,0,0,0,40,0,1.6681123640488422,0.0,0.0,0.0,0.0,0.0,0.0,0,0,0,0,1,1,0,0,0.0,0.0,0.0,0.0,40,0,0,0,0,0,0,2,0,0,0,2902,-1,0,20,0,0,0,0,0,0,0,0,BENIGN
10.42.0.42-119.146.74.33-48021-443-6,10.42.0.42,48021,119.146.74.33,443,6,08/08/2017 02:58:23,1260133,2,0,0.0,0.0,0.0,0.0,0.0,0.0,0,0,0,0,0.0,1.587134056484514,1260133.0,0.0,1260133.0,1260133.0,1260133.0,1260133.0,0.0,1260133.0,1260133.0,0,0,0,0,0,0,0,0,0,40,0,1.587134056484514,0.0,0.0,0.0,0.0,0.0,0.0,0,0,0,0,1,1,0,0,0.0,0.0,0.0,0.0,40,0,0,0,0,0,0,2,0,0,0,2540,-1,0,20,0,0,0,0,0,0,0,0,BENIGN
10.42.0.42-119.146.74.33-48025-443-6,10.42.0.42,48025,119.146.74.33,443,6,08/08/2017 02:58:23,1299759,2,0,0.0,0.0,0.0,0.0,0.0,0.0,0,0,0,0,0.0,1.5387467984449423,1299759.0,0.0,1299759.0,1299759.0,1299759.0,1299759.0,0.0,1299759.0,1299759.0,0,0,0,0,0,0,0,0,0,40,0,1.5387467984449423,0.0,0.0,0.0,0.0,0.0,0.0,0,0,0,0,1,1,0,0,0.0,0.0,0.0,0.0,40,0,0,0,0,0,0,2,0,0,0,2358,-1,0,20,0,0,0,0,0,0,0,0,BENIGN
10.42.0.42-119.146.74.33-48023-443-6,10.42.0.42,48023,119.146.74.33,443,6,08/08/2017 02:58:23,1299813,2,0,0.0,0.0,0.0,0.0,0.0,0.0,0,0,0,0,0.0,1.5386828720746752,1299813.0,0.0,1299813.0,1299813.0,1299813.0,1299813.0,0.0,1299813.0,1299813.0,0,0,0,0,0,0,0,0,0,40,0,1.5386828720746752,0.0,0.0,0.0,0.0,0.0,0.0,0,0,0,0,1,1,0,0,0.0,0.0,0.0,0.0,40,0,0,0,0,0,0,2,0,0,0,1681,-1,0,20,0,0,0,0,0,0,0,0,BENIGN
10.42.0.42-119.146.74.33-48026-443-6,10.42.0.42,48026,119.146.74.33,443,6,08/08/2017 02:58:23,1318423,2,0,0.0,0.0,0.0,0.0,0.0,0.0,0,0,0,0,0.0,1.5169638272390578,1318423.0,0.0,1318423.0,1318423.0,1318423.0,1318423.0,0.0,1318423.0,1318423.0,0,0,0,0,0,0,0,0,0,40,0,1.5169638272390578,0.0,0.0,0.0,0.0,0.0,0.0,0,0,0,0,1,1,0,0,0.0,0.0,0.0,0.0,40,0,0,0,0,0,0,2,0,0,0,1594,-1,0,20,0,0,0,0,0,0,0,0,BENIGN
220.170.182.31-10.42.0.42-443-41858-6,10.42.0.42,41858,220.170.182.31,443,6,08/08/2017 02:58:23,1399914,2,0,0.0,0.0,0.0,0.0,0.0,0.0,0,0,0,0,0.0,1.428659189064471,1399914.0,0.0,1399914.0,1399914.0,1399914.0,1399914.0,0.0,1399914.0,1399914.0,0,0,0,0,0,0,0,0,0,40,0,1.428659189064471,0.0,0.0,0.0,0.0,0.0,0.0,0,0,0,0,1,1,0,0,0.0,0.0,0.0,0.0,40,0,0,0,0,0,0,2,0,0,0,2590,-1,0,20,0,0,0,0,0,0,0,0,BENIGN
10.42.0.42-119.146.74.33-48031-443-6,10.42.0.42,48031,119.146.74.33,443,6,08/08/2017 02:58:23,1398900,2,0,0.0,0.0,0.0,0.0,0.0,0.0,0,0,0,0,0.0,1.429694760168704,1398900.0,0.0,1398900.0,1398900.0,1398900.0,1398900.0,0.0,1398900.0,1398900.0,0,0,0,0,0,0,0,0,0,40,0,1.429694760168704,0.0,0.0,0.0,0.0,0.0,0.0,0,0,0,0,1,1,0,0,0.0,0.0,0.0,0.0,40,0,0,0,0,0,0,2,0,0,0,1860,-1,0,20,0,0,0,0,0,0,0,0,BENIGN
10.42.0.42-123.59.190.251-54528-80-6,10.42.0.42,54528,123.59.190.251,80,6,08/08/2017 02:58:24,532300,5,3,395.0,514.0,395.0,0.0,79.0,176.64937022248338,514.0,0.0,171.33333333333334,296.7580383634677,1707.6836370467781,15.029118917903437,76042.85714285713,125818.97562825274,261122.0,519.0,532300.0,133075.0,152519.8530487097,266223.0,519.0,267046.0,133523.0,187985.75199200603,266449.0,597.0,0,0,0,0,120,64,9.393199323689648,5.63591959421379,0.0,514.0,101.0,202.6116975892557,41051.5,0,0,0,1,0,0,0,0,0.0,113.625,79.0,171.33333333333334,120,0,0,0,0,0,0,5,395,3,514,65535,8190,1,20,0,0,0,0,0,0,0,0,BENIGN
220.170.182.31-10.42.0.42-443-41867-6,10.42.0.42,41867,220.170.182.31,443,6,08/08/2017 02:58:23,1435166,2,0,0.0,0.0,0.0,0.0,0.0,0.0,0,0,0,0,0.0,1.3935670159410132,1435166.0,0.0,1435166.0,1435166.0,1435166.0,1435166.0,0.0,1435166.0,1435166.0,0,0,0,0,0,0,0,0,0,40,0,1.3935670159410132,0.0,0.0,0.0,0.0,0.0,0.0,0,0,0,0,1,1,0,0,0.0,0.0,0.0,0.0,40,0,0,0,0,0,0,2,0,0,0,1594,-1,0,20,0,0,0,0,0,0,0,0,BENIGN
180.149.135.239-10.42.0.42-80-55686-6,10.42.0.42,55686,180.149.135.239,80,6,08/08/2017 02:58:23,1298974,4,3,842.0,0.0,421.0,0.0,210.5,243.06446332883246,0.0,0.0,0.0,0.0,648.2038901471469,5.388868445403833,216495.6666666667,295441.11158853077,766895.0,3.0,1032251.0,344083.6666666666,389460.8110212545,766895.0,3.0,1044890.0,522445.0,721318.2132748348,1032494.0,12396.0,0,0,0,0,100,72,3.079353397373619,2.3095150480302147,0.0,421.0,105.25,194.88513100212208,37980.21428571428,0,0,0,1,0,0,0,0,0.0,120.28571428571429,210.5,0.0,100,0,0,0,0,0,0,4,842,3,0,65535,123,2,20,0,0,0,0,0,0,0,0,BENIGN
180.149.135.239-10.42.0.42-80-55686-6,180.149.135.239,80,10.42.0.42,55686,6,08/08/2017 02:58:24,5196,1,3,1374.0,0.0,1374.0,1374.0,1374.0,0.0,0.0,0.0,0.0,0.0,264434.1801385681,769.8229407236336,1732.0,312.84660778087397,1924.0,1371.0,0,0,0,0,0,3295.0,1647.5,391.03004999616076,1924.0,1371.0,1,0,0,0,20,72,192.4557351809084,577.3672055427252,0.0,1374.0,549.6,752.5707940120983,566362.8,0,1,0,0,1,0,0,0,3.0,687.0,1374.0,0.0,20,0,0,0,0,0,0,1,1374,3,0,123,1415,0,20,0,0,0,0,0,0,0,0,BENIGN
180.149.138.210-10.42.0.42-80-40665-6,10.42.0.42,40665,180.149.138.210,80,6,08/08/2017 02:58:24,601340,3,7,665.0,6104.0,665.0,0.0,221.66666666666666,383.9379290111011,1460.0,0.0,872.0,738.6257509727101,11256.527089500116,16.629527388831608,66815.55555555555,113915.22341538806,263885.0,2.0,266707.0,133353.5,187911.50577998144,266227.0,480.0,337455.0,56242.5,106645.2578237776,266132.0,2.0,0,0,0,0,80,152,4.988858216649483,11.640669172182127,0.0,1460.0,615.3636363636364,698.0633599792031,487292.4545454546,0,0,0,1,0,0,0,0,2.0,676.9,221.66666666666666,872.0,80,0,0,0,0,0,0,3,665,7,6104,65535,125,1,20,0,0,0,0,0,0,0,0,BENIGN
174.35.73.99-10.42.0.42-80-60291-6,10.42.0.42,60291,174.35.73.99,80,6,08/08/2017 02:58:18,6649790,6,10,360.0,8350.0,360.0,0.0,60.0,146.9693845669907,1448.0,0.0,835.0,678.4059748164566,1309.8157986943947,2.4060910194156504,443319.3333333334,1699264.8613385172,6585727.0,1.0,64063.0,12812.6,16995.018117083608,36692.0,2.0,6626893.0,736321.4444444445,2196999.7993019433,6594937.0,1.0,0,0,0,0,200,328,0.902284132280869,1.5038068871347816,0.0,1448.0,512.3529411764707,651.0264915094153,423835.4926470589,0,0,0,1,0,0,0,0,1.0,544.375,60.0,835.0,200,0,0,0,0,0,0,6,360,10,8350,65535,676,1,32,0,0,0,0,0,0,0,0,BENIGN
174.35.73.99-10.42.0.42-80-60289-6,10.42.0.42,60289,174.35.73.99,80,6,08/08/2017 02:58:18,6650688,8,14,349.0,13477.0,349.0,0.0,43.625,123.39013331705253,1448.0,0.0,962.6428571428573,608.5730607985128,2078.882665973806,3.3079284428919236,316699.4285714286,1437368.4902449884,6589821.0,1.0,60867.0,8695.285714285714,11736.018344030848,26180.0,1.0,6627762.0,509827.8461538462,1829626.7809956418,6599144.0,2.0,0,0,0,0,276,456,1.2028830701425177,2.105045372749406,0.0,1448.0,601.1304347826086,660.5371302169598,436309.30039525684,0,0,0,1,0,0,0,0,1.0,628.4545454545455,43.625,962.6428571428571,276,0,0,0,0,0,0,8,349,14,13477,65535,677,1,32,0,0,0,0,0,0,0,0,BENIGN
174.35.73.99-10.42.0.42-80-60290-6,10.42.0.42,60290,174.35.73.99,80,6,08/08/2017 02:58:18,6650300,10,26,355.0,32266.0,355.0,0.0,35.49999999999999,112.26085693597746,1448.0,0.0,1241.0,495.72161542543205,4905.192246966302,5.413289626031909,190008.57142857142,1113008.612186153,6586444.0,1.0,63856.0,7095.111111111111,12778.072227887551,33464.0,2.0,6627136.0,265085.44,1318924.7806634665,6595868.0,1.0,0,0,0,0,328,840,1.5036915627866412,3.909598063245267,0.0,1448.0,881.6486486486488,698.2392226250341,487538.012012012,0,0,0,1,0,0,0,0,2.0,906.1388888888889,35.5,1241.0,328,0,0,0,0,0,0,10,355,26,32266,65535,676,1,32,0,0,0,0,0,0,0,0,BENIGN
174.35.73.99-10.42.0.42-80-60289-6,10.42.0.42,60289,174.35.73.99,80,6,08/08/2017 02:58:24,12595,2,0,0.0,0.0,0.0,0.0,0.0,0.0,0,0,0,0,0.0,158.79317189360856,12595.0,0.0,12595.0,12595.0,12595.0,12595.0,0.0,12595.0,12595.0,0,0,0,0,0,0,0,0,0,64,0,158.79317189360856,0.0,0.0,0.0,0.0,0.0,0.0,0,0,0,0,1,0,0,0,0.0,0.0,0.0,0.0,64,0,0,0,0,0,0,2,0,0,0,1748,-1,0,32,0,0,0,0,0,0,0,0,BENIGN
174.35.73.99-10.42.0.42-80-60291-6,10.42.0.42,60291,174.35.73.99,80,6,08/08/2017 02:58:24,12602,2,0,0.0,0.0,0.0,0.0,0.0,0.0,0,0,0,0,0.0,158.70496746548167,12602.0,0.0,12602.0,12602.0,12602.0,12602.0,0.0,12602.0,12602.0,0,0,0,0,0,0,0,0,0,64,0,158.70496746548167,0.0,0.0,0.0,0.0,0.0,0.0,0,0,0,0,1,0,0,0,0.0,0.0,0.0,0.0,64,0,0,0,0,0,0,2,0,0,0,1657,-1,0,32,0,0,0,0,0,0,0,0,BENIGN
174.35.73.99-10.42.0.42-80-60290-6,10.42.0.42,60290,174.35.73.99,80,6,08/08/2017 02:58:24,12846,2,0,0.0,0.0,0.0,0.0,0.0,0.0,0,0,0,0,0.0,155.6904873112253,12846.0,0.0,12846.0,12846.0,12846.0,12846.0,0.0,12846.0,12846.0,0,0,0,0,0,0,0,0,0,64,0,155.6904873112253,0.0,0.0,0.0,0.0,0.0,0.0,0,0,0,0,1,0,0,0,0.0,0.0,0.0,0.0,64,0,0,0,0,0,0,2,0,0,0,2381,-1,0,32,0,0,0,0,0,0,0,0,BENIGN
180.149.138.210-10.42.0.42-80-40665-6,180.149.138.210,80,10.42.0.42,40665,6,08/08/2017 02:58:24,131887,1,5,1460.0,0.0,1460.0,1460.0,1460.0,0.0,0.0,0.0,0.0,0.0,11070.082722330479,45.4934906397143,26377.4,56987.57360425166,128313.0,125.0,0,0,0,0,0,129936.0,32484.0,63886.67808445409,128313.0,125.0,0,0,0,0,20,112,7.582248439952383,37.911242199761915,0.0,1460.0,417.14285714285717,712.4070532524293,507523.8095238095,0,0,0,0,1,0,0,0,5.0,486.6666666666667,1460.0,0.0,20,0,0,0,0,0,0,1,1460,5,0,125,1597,0,20,0,0,0,0,0,0,0,0,BENIGN
10.42.0.42-123.125.29.138-57520-80-6,10.42.0.42,57520,123.125.29.138,80,6,08/08/2017 02:58:24,754342,3,4,566.0,1073.0,566.0,0.0,188.66666666666666,326.78025236132817,1073.0,0.0,268.25,536.5,2172.7545330897656,9.279610574513947,125723.66666666666,152112.2422945197,311895.0,5.0,441253.0,220626.5,132283.41530403576,314165.0,127088.0,442747.0,147582.3333333333,254586.75360146555,441553.0,5.0,0,0,0,0,80,84,3.976975960505978,5.30263461400797,0.0,1073.0,204.875,402.8283709330457,162270.69642857145,0,0,0,1,0,0,0,0,1.0,234.14285714285714,188.66666666666666,268.25,80,0,0,0,0,0,0,3,566,4,1073,65535,15282,1,20,0,0,0,0,0,0,0,0,BENIGN
10.42.0.42-123.125.29.138-57520-80-6,10.42.0.42,57520,123.125.29.138,80,6,08/08/2017 02:58:25,9434,2,0,0.0,0.0,0.0,0.0,0.0,0.0,0,0,0,0,0.0,211.999152003392,9434.0,0.0,9434.0,9434.0,9434.0,9434.0,0.0,9434.0,9434.0,0,0,0,0,0,0,0,0,0,40,0,211.999152003392,0.0,0.0,0.0,0.0,0.0,0.0,0,0,0,0,1,0,0,0,0.0,0.0,0.0,0.0,40,0,0,0,0,0,0,2,0,0,0,65535,-1,0,20,0,0,0,0,0,0,0,0,BENIGN
163.177.151.166-10.42.0.42-443-58297-6,10.42.0.42,58297,163.177.151.166,443,6,08/08/2017 02:58:23,1859402,2,0,0.0,0.0,0.0,0.0,0.0,0.0,0,0,0,0,0.0,1.0756146330917145,1859402.0,0.0,1859402.0,1859402.0,1859402.0,1859402.0,0.0,1859402.0,1859402.0,0,0,0,0,0,0,0,0,0,40,0,1.0756146330917145,0.0,0.0,0.0,0.0,0.0,0.0,0,0,0,0,1,1,0,0,0.0,0.0,0.0,0.0,40,0,0,0,0,0,0,2,0,0,0,1643,-1,0,20,0,0,0,0,0,0,0,0,BENIGN
219.142.78.162-10.42.0.42-80-49366-6,10.42.0.42,49366,219.142.78.162,80,6,08/08/2017 02:58:24,514288,3,3,656.0,317.0,656.0,0.0,218.66666666666666,378.7417765883945,317.0,0.0,105.66666666666667,183.02003533311137,1891.9360358398408,11.666614815045268,102857.6,138352.5716540896,254938.0,617.0,256768.0,128384.0,180689.82422372323,256151.0,617.0,260401.0,130200.5,180479.81350971083,257819.0,2582.0,0,0,0,0,80,72,5.833307407522634,5.833307407522634,0.0,656.0,139.0,256.76772902112657,65929.66666666667,0,0,0,1,0,0,0,0,1.0,162.16666666666666,218.66666666666666,105.66666666666667,80,0,0,0,0,0,0,3,656,3,317,65535,125,1,20,0,0,0,0,0,0,0,0,BENIGN
219.142.78.162-10.42.0.42-80-49367-6,10.42.0.42,49367,219.142.78.162,80,6,08/08/2017 02:58:25,522307,3,3,546.0,282.0,546.0,0.0,182.0,315.23324697753566,282.0,0.0,94.0,162.81277591147446,1585.2745607468405,11.487496817006091,104461.4,138065.67485910465,256999.0,2519.0,262789.0,131394.5,179635.5280129741,258416.0,4373.0,267907.0,133953.5,185876.45246372657,265388.0,2519.0,0,0,0,0,80,72,5.743748408503046,5.743748408503046,0.0,546.0,118.28571428571428,215.90871086774482,46616.57142857143,0,0,0,1,0,0,0,0,1.0,138.0,182.0,94.0,80,0,0,0,0,0,0,3,546,3,282,65535,123,1,20,0,0,0,0,0,0,0,0,BENIGN
219.142.78.162-10.42.0.42-80-49368-6,10.42.0.42,49368,219.142.78.162,80,6,08/08/2017 02:58:25,538743,3,3,656.0,317.0,656.0,0.0,218.66666666666666,378.7417765883945,317.0,0.0,105.66666666666667,183.02003533311137,1806.0559487547866,11.13703565521965,107748.6,134470.39591969675,255004.0,2204.0,281496.0,140748.0,164699.31147397065,257208.0,24288.0,283739.0,141869.5,196688.11514806887,280949.0,2790.0,0,0,0,0,80,72,5.568517827609825,5.568517827609825,0.0,656.0,139.0,256.76772902112657,65929.66666666667,0,0,0,1,0,0,0,0,1.0,162.16666666666666,218.66666666666666,105.66666666666667,80,0,0,0,0,0,0,3,656,3,317,65535,125,1,20,0,0,0,0,0,0,0,0,BENIGN
219.142.78.162-10.42.0.42-80-49373-6,10.42.0.42,49373,219.142.78.162,80,6,08/08/2017 02:58:25,531005,3,3,739.0,317.0,739.0,0.0,246.33333333333334,426.6618489311335,317.0,0.0,105.66666666666667,183.02003533311137,1988.6818391540571,11.299328631557144,106201.0,137065.78836274208,258104.0,2137.0,274472.0,137236.0,174269.2946505494,260463.0,14009.0,272901.0,136450.5,189947.9733097987,270764.0,2137.0,0,0,0,0,80,72,5.649664315778572,5.649664315778572,0.0,739.0,150.85714285714286,284.9868000284859,81217.4761904762,0,0,0,1,0,0,0,0,1.0,176.0,246.33333333333334,105.66666666666667,80,0,0,0,0,0,0,3,739,3,317,65535,126,1,20,0,0,0,0,0,0,0,0,BENIGN
10.42.0.42-123.125.29.220-44836-80-6,10.42.0.42,44836,123.125.29.220,80,6,08/08/2017 02:58:25,629356,3,3,1391.0,193.0,1391.0,0.0,463.6666666666667,803.0942244427695,193.0,0.0,64.33333333333333,111.42860195359776,2516.858502977647,9.533554935521389,125871.2,169764.63427846212,312157.0,586.0,315547.0,157773.5,222296.69433552088,314961.0,586.0,317842.0,158921.0,222411.9527408543,316190.0,1652.0,0,0,0,0,80,72,4.766777467760694,4.766777467760694,0.0,1391.0,226.28571428571428,518.6028391379137,268948.9047619048,0,0,0,1,0,0,0,0,1.0,264.0,463.6666666666667,64.33333333333333,80,0,0,0,0,0,0,3,1391,3,193,65535,136,1,20,0,0,0,0,0,0,0,0,BENIGN
10.42.0.42-123.125.29.220-44834-80-6,10.42.0.42,44834,123.125.29.220,80,6,08/08/2017 02:58:25,633775,3,3,1425.0,193.0,1425.0,0.0,475.0,822.7241335952167,193.0,0.0,64.33333333333333,111.42860195359776,2552.9564908682105,9.46708216638397,126755.0,170575.4912099039,313637.0,404.0,318005.0,159002.5,224292.1496720293,317601.0,404.0,320138.0,160069.0,223267.55194609,317943.0,2195.0,0,0,0,0,80,72,4.733541083191985,4.733541083191985,0.0,1425.0,231.14285714285714,531.3324221776259,282314.14285714284,0,0,0,1,0,0,0,0,1.0,269.6666666666667,475.0,64.33333333333333,80,0,0,0,0,0,0,3,1425,3,193,65535,137,1,20,0,0,0,0,0,0,0,0,BENIGN
10.42.0.42-123.125.29.220-44835-80-6,10.42.0.42,44835,123.125.29.220,80,6,08/08/2017 02:58:25,634280,3,3,1407.0,193.0,1407.0,0.0,469.0,812.3318287498034,193.0,0.0,64.33333333333333,111.42860195359776,2522.545248155389,9.45954468058271,126856.0,170496.91928595075,313941.0,558.0,317796.0,158898.0,223926.57546615586,317238.0,558.0,320339.0,160169.5,222015.26583660863,317158.0,3181.0,0,0,0,0,80,72,4.729772340291355,4.729772340291355,0.0,1407.0,228.57142857142856,524.592494908463,275197.28571428574,0,0,0,1,0,0,0,0,1.0,266.6666666666667,469.0,64.33333333333333,80,0,0,0,0,0,0,3,1407,3,193,65535,137,1,20,0,0,0,0,0,0,0,0,BENIGN
219.142.78.162-10.42.0.42-80-49367-6,10.42.0.42,49367,219.142.78.162,80,6,08/08/2017 02:58:25,412240,2,0,0.0,0.0,0.0,0.0,0.0,0.0,0,0,0,0,0.0,4.851542790607414,412240.0,0.0,412240.0,412240.0,412240.0,412240.0,0.0,412240.0,412240.0,0,0,0,0,0,0,0,0,0,40,0,4.851542790607414,0.0,0.0,0.0,0.0,0.0,0.0,0,0,0,0,1,0,0,0,0.0,0.0,0.0,0.0,40,0,0,0,0,0,0,2,0,0,0,1386,-1,0,20,0,0,0,0,0,0,0,0,BENIGN
10.42.0.42-123.125.29.220-44841-80-6,10.42.0.42,44841,123.125.29.220,80,6,08/08/2017 02:58:25,628663,3,3,1435.0,193.0,1435.0,0.0,478.3333333333333,828.4976362871129,193.0,0.0,64.33333333333333,111.42860195359776,2589.6227390509703,9.5440641488365,125732.6,169284.96600200504,311173.0,276.0,316030.0,158015.0,223076.63311516965,315754.0,276.0,317490.0,158745.0,222417.60959510377,316018.0,1472.0,0,0,0,0,80,72,4.77203207441825,4.77203207441825,0.0,1435.0,232.57142857142856,535.0775199734636,286307.95238095237,0,0,0,1,0,0,0,0,1.0,271.3333333333333,478.3333333333333,64.33333333333333,80,0,0,0,0,0,0,3,1435,3,193,65535,137,1,20,0,0,0,0,0,0,0,0,BENIGN
10.42.0.42-123.125.29.220-44840-80-6,10.42.0.42,44840,123.125.29.220,80,6,08/08/2017 02:58:25,634202,3,3,1435.0,193.0,1435.0,0.0,478.3333333333333,828.4976362871129,193.0,0.0,64.33333333333333,111.42860195359776,2567.0054651357136,9.460708102465775,126840.4,168713.23966808294,311871.0,2892.0,317291.0,158645.5,220169.71713771173,314329.0,2962.0,322765.0,161382.5,221101.68387531562,317725.0,5040.0,0,0,0,0,80,72,4.730354051232887,4.730354051232887,0.0,1435.0,232.57142857142856,535.0775199734636,286307.95238095237,0,0,0,1,0,0,0,0,1.0,271.3333333333333,478.3333333333333,64.33333333333333,80,0,0,0,0,0,0,3,1435,3,193,65535,137,1,20,0,0,0,0,0,0,0,0,BENIGN
174.35.73.99-10.42.0.42-80-60282-6,10.42.0.42,60282,174.35.73.99,80,6,08/08/2017 02:58:16,10069257,3,1,0.0,0.0,0.0,0.0,0.0,0.0,0.0,0.0,0.0,0.0,0.0,0.39724877416476706,3356419.0,5785275.428354211,1.0036674E7,8766.0,1.0069257E7,5034628.5,7073960.58570731,1.0036674E7,32583.0,0,0,0,0,0,0,0,0,0,104,40,0.2979365806235753,0.09931219354119177,0.0,0.0,0.0,0.0,0.0,0,0,0,1,0,0,0,0,0.0,0.0,0.0,0.0,104,0,0,0,0,0,0,3,0,1,0,65535,65535,0,32,0,0,0,0,0,0,0,0,BENIGN
174.35.73.99-10.42.0.42-80-60282-6,174.35.73.99,80,10.42.0.42,60282,6,08/08/2017 02:58:26,270,2,0,0.0,0.0,0.0,0.0,0.0,0.0,0,0,0,0,0.0,7407.407407407407,270.0,0.0,270.0,270.0,270.0,270.0,0.0,270.0,270.0,0,0,0,0,0,0,0,0,0,64,0,7407.407407407407,0.0,0.0,0.0,0.0,0.0,0.0,0,0,0,0,1,0,0,0,0.0,0.0,0.0,0.0,64,0,0,0,0,0,0,2,0,0,0,679,-1,0,32,0,0,0,0,0,0,0,0,BENIGN
172.217.10.74-10.42.0.42-443-33319-6,172.217.10.74,443,10.42.0.42,33319,6,08/08/2017 02:58:26,5,2,0,55.0,0.0,55.0,0.0,27.5,38.890872965260115,0,0,0,0,1.1E7,399999.99999999994,5.0,0.0,5.0,5.0,5.0,5.0,0.0,5.0,5.0,0,0,0,0,0,1,0,0,0,64,0,399999.99999999994,0.0,0.0,55.0,36.66666666666667,31.754264805429415,1008.3333333333333,0,1,0,0,1,0,0,0,0.0,55.0,27.5,0.0,64,0,0,0,0,0,0,2,55,0,0,192,-1,0,32,0,0,0,0,0,0,0,0,BENIGN
219.142.78.162-10.42.0.42-80-49379-6,10.42.0.42,49379,219.142.78.162,80,6,08/08/2017 02:58:25,712513,3,3,571.0,317.0,571.0,0.0,190.33333333333334,329.6670037072763,317.0,0.0,105.66666666666667,183.02003533311137,1246.2930500917178,8.4208989871062,142502.6,130084.47395750193,256579.0,2199.0,453367.0,226683.5,41584.24269479967,256088.0,197279.0,458624.0,229312.0,320665.85420028743,456057.0,2567.0,0,0,0,0,80,72,4.2104494935531,4.2104494935531,0.0,571.0,126.85714285714286,228.7213942561478,52313.47619047619,0,0,0,1,0,0,0,0,1.0,148.0,190.33333333333334,105.66666666666667,80,0,0,0,0,0,0,3,571,3,317,65535,123,1,20,0,0,0,0,0,0,0,0,BENIGN
172.217.10.74-10.42.0.42-443-33319-6,10.42.0.42,33319,172.217.10.74,443,6,08/08/2017 02:58:26,20450,4,0,61.0,0.0,38.0,0.0,15.25,18.64358692240668,0,0,0,0,2982.8850855745723,195.59902200488997,6816.666666666666,10149.127072479354,18523.0,488.0,20450.0,6816.666666666666,10149.127072479354,18523.0,488.0,0,0,0,0,0,0,0,0,0,128,0,195.59902200488997,0.0,0.0,38.0,12.2,17.527121840165314,307.2,0,0,0,0,1,0,0,0,0.0,15.25,15.25,0.0,128,0,0,0,0,0,0,4,61,0,0,2363,-1,2,32,0,0,0,0,0,0,0,0,BENIGN
180.149.138.210-10.42.0.42-80-40666-6,10.42.0.42,40666,180.149.138.210,80,6,08/08/2017 02:58:24,2149030,4,12,706.0,11913.0,706.0,0.0,176.5,353.0,1460.0,0.0,992.75,692.8503872344369,5871.951531621243,7.445219471110221,143268.66666666663,333533.92266576056,1275413.0,5.0,1870519.0,623506.3333333334,566798.5404959449,1277338.0,271318.0,1884123.0,171283.90909090912,406712.3130623056,1281824.0,5.0,0,0,0,0,112,264,1.8613048677775552,5.583914603332666,0.0,1460.0,742.2941176470588,717.5703593294774,514907.2205882353,0,0,0,1,0,0,0,0,3.0,788.6875,176.5,992.75,112,0,0,0,0,0,0,4,706,12,11913,65535,126,1,20,0,0,0,0,0,0,0,0,BENIGN
180.149.138.210-10.42.0.42-80-40666-6,10.42.0.42,40666,180.149.138.210,80,6,08/08/2017 02:58:26,4526,8,0,0.0,0.0,0.0,0.0,0.0,0.0,0,0,0,0,0.0,1767.5651789659746,646.5714285714286,1036.9951554279085,2904.0,1.0,4526.0,646.5714285714286,1036.9951554279085,2904.0,1.0,0,0,0,0,0,0,0,0,0,208,0,1767.5651789659746,0.0,0.0,0.0,0.0,0.0,0.0,0,0,0,0,1,0,0,0,0.0,0.0,0.0,0.0,208,0,0,0,0,0,0,8,0,0,0,1415,-1,0,20,0,0,0,0,0,0,0,0,BENIGN
10.42.0.42-123.125.29.220-44843-80-6,10.42.0.42,44843,123.125.29.220,80,6,08/08/2017 02:58:25,1146783,3,3,1407.0,193.0,1407.0,0.0,469.0,812.3318287498034,193.0,0.0,64.33333333333333,111.42860195359776,1395.2072885628754,5.232027332110783,229356.6,223286.39953947038,517067.0,2450.0,831848.0,415924.0,143037.80233910197,517067.0,314781.0,834643.0,417321.5,586716.9019420695,832193.0,2450.0,0,0,0,0,80,72,2.6160136660553914,2.6160136660553914,0.0,1407.0,228.57142857142856,524.592494908463,275197.28571428574,0,0,0,1,0,0,0,0,1.0,266.6666666666667,469.0,64.33333333333333,80,0,0,0,0,0,0,3,1407,3,193,65535,137,1,20,0,0,0,0,0,0,0,0,BENIGN
10.42.0.42-123.125.29.138-57521-80-6,10.42.0.42,57521,123.125.29.138,80,6,08/08/2017 02:58:24,2165606,3,4,573.0,689.0,573.0,0.0,191.0,330.82170424565555,689.0,0.0,172.25,344.5,582.7468154410359,3.2323515911943357,360934.3333333334,589650.5029889033,1522409.0,5.0,1846716.0,923358.0,847186.0487531649,1522409.0,324307.0,1847627.0,615875.6666666667,1066060.3081300482,1846856.0,5.0,0,0,0,0,80,92,1.3852935390832866,1.847058052111049,0.0,689.0,157.75,293.73688420567333,86281.35714285716,0,0,0,1,0,0,0,0,1.0,180.28571428571428,191.0,172.25,80,0,0,0,0,0,0,3,573,4,689,65535,124,1,20,0,0,0,0,0,0,0,0,BENIGN
10.42.0.42-123.125.29.220-44836-80-6,10.42.0.42,44836,123.125.29.220,80,6,08/08/2017 02:58:25,939138,2,0,0.0,0.0,0.0,0.0,0.0,0.0,0,0,0,0,0.0,2.12961247441803,939138.0,0.0,939138.0,939138.0,939138.0,939138.0,0.0,939138.0,939138.0,0,0,0,0,0,0,0,0,0,40,0,2.12961247441803,0.0,0.0,0.0,0.0,0.0,0.0,0,0,0,0,1,1,0,0,0.0,0.0,0.0,0.0,40,0,0,0,0,0,0,2,0,0,0,1386,-1,0,20,0,0,0,0,0,0,0,0,BENIGN
10.42.0.42-123.125.29.138-57521-80-6,10.42.0.42,57521,123.125.29.138,80,6,08/08/2017 02:58:26,14365,2,0,0.0,0.0,0.0,0.0,0.0,0.0,0,0,0,0,0.0,139.22728854855552,14365.0,0.0,14365.0,14365.0,14365.0,14365.0,0.0,14365.0,14365.0,0,0,0,0,0,0,0,0,0,40,0,139.22728854855552,0.0,0.0,0.0,0.0,0.0,0.0,0,0,0,0,1,0,0,0,0.0,0.0,0.0,0.0,40,0,0,0,0,0,0,2,0,0,0,1391,-1,0,20,0,0,0,0,0,0,0,0,BENIGN
10.42.0.42-119.146.74.49-51576-80-6,10.42.0.42,51576,119.146.74.49,80,6,08/08/2017 02:58:21,5770078,2,0,0.0,0.0,0.0,0.0,0.0,0.0,0,0,0,0,0.0,0.34661576498619256,5770078.0,0.0,5770078.0,5770078.0,5770078.0,5770078.0,0.0,5770078.0,5770078.0,0,0,0,0,0,0,0,0,0,40,0,0.34661576498619256,0.0,0.0,0.0,0.0,0.0,0.0,0,0,0,0,1,1,0,0,0.0,0.0,0.0,0.0,40,0,0,0,0,0,0,2,0,0,0,2327,-1,0,20,0,0,0,0,0,0,0,0,BENIGN
222.73.28.96-10.42.0.42-80-36772-6,10.42.0.42,36772,222.73.28.96,80,6,08/08/2017 02:58:26,716140,3,7,452.0,6090.0,452.0,0.0,150.66666666666666,260.96232167371085,1460.0,0.0,870.0,740.5628490096796,9135.08531851314,13.963750104728126,79571.1111111111,156651.50620441255,361533.0,0.0,364574.0,182287.0,256913.1068085083,363952.0,622.0,354607.0,59101.166666666664,144062.68687681298,353167.0,0.0,0,0,0,0,80,152,4.189125031418437,9.774625073309688,0.0,1460.0,594.7272727272727,700.1784188203876,490249.8181818182,0,0,0,1,0,0,0,0,2.0,654.2,150.66666666666666,870.0,80,0,0,0,0,0,0,3,452,7,6090,65535,62,1,20,0,0,0,0,0,0,0,0,BENIGN
222.73.28.96-10.42.0.42-80-36775-6,10.42.0.42,36775,222.73.28.96,80,6,08/08/2017 02:58:26,718088,3,6,451.0,5778.0,451.0,0.0,150.33333333333334,260.38497140452125,1460.0,0.0,963.0,746.3229863805616,8674.424304542063,12.53328282884549,89761.0,164123.47702263683,361447.0,3.0,366888.0,183444.0,258570.56510360958,366281.0,607.0,356641.0,71328.2,158699.04179042796,355217.0,3.0,0,0,0,0,80,132,4.177760942948497,8.355521885896994,0.0,1460.0,622.9000000000001,720.5369062951136,519173.43333333335,0,0,0,1,0,0,0,0,2.0,692.1111111111111,150.33333333333334,963.0,80,0,0,0,0,0,0,3,451,6,5778,65535,62,1,20,0,0,0,0,0,0,0,0,BENIGN
222.73.28.96-10.42.0.42-80-36774-6,10.42.0.42,36774,222.73.28.96,80,6,08/08/2017 02:58:26,718972,3,7,451.0,5699.0,451.0,0.0,150.33333333333334,260.38497140452125,1460.0,0.0,814.1428571428571,763.1907643945535,8553.879706024713,13.908747489471077,79885.77777777778,156598.88887998037,361810.0,2.0,367013.0,183506.5,258999.77891978982,366647.0,366.0,357162.0,59527.00000000001,144984.50651293743,355474.0,2.0,0,0,0,0,80,152,4.172624246841323,9.736123242629754,0.0,1460.0,559.0909090909091,699.9680642065686,489955.2909090909,0,0,0,1,0,0,0,0,2.0,615.0,150.33333333333334,814.1428571428571,80,0,0,0,0,0,0,3,451,7,5699,65535,62,1,20,0,0,0,0,0,0,0,0,BENIGN
222.73.28.96-10.42.0.42-80-36776-6,10.42.0.42,36776,222.73.28.96,80,6,08/08/2017 02:58:26,718715,3,7,454.0,6131.0,454.0,0.0,151.33333333333334,262.1170222120901,1460.0,0.0,875.8571428571429,734.9830901844905,9162.18528902277,13.913721015979908,79857.22222222222,156519.31799683525,361717.0,3.0,366508.0,183254.0,258301.8645267587,365901.0,607.0,356998.0,59499.666666666664,144678.6681216919,354822.0,3.0,0,0,0,0,80,152,4.174116304793973,9.739604711185937,0.0,1460.0,598.6363636363636,698.2246447565816,487517.6545454546,0,0,0,1,0,0,0,0,2.0,658.5,151.33333333333334,875.8571428571429,80,0,0,0,0,0,0,3,454,7,6131,65535,62,1,20,0,0,0,0,0,0,0,0,BENIGN
222.73.28.96-10.42.0.42-80-36772-6,10.42.0.42,36772,222.73.28.96,80,6,08/08/2017 02:58:27,8162,4,0,0.0,0.0,0.0,0.0,0.0,0.0,0,0,0,0,0.0,490.0759617740749,2720.666666666667,2470.0271928327697,4829.0,3.0,8162.0,2720.666666666667,2470.0271928327697,4829.0,3.0,0,0,0,0,0,0,0,0,0,80,0,490.0759617740749,0.0,0.0,0.0,0.0,0.0,0.0,0,0,0,0,1,0,0,0,0.0,0.0,0.0,0.0,80,0,0,0,0,0,0,4,0,0,0,1415,-1,0,20,0,0,0,0,0,0,0,0,BENIGN
222.73.28.96-10.42.0.42-80-36775-6,10.42.0.42,36775,222.73.28.96,80,6,08/08/2017 02:58:27,18738,3,0,0.0,0.0,0.0,0.0,0.0,0.0,0,0,0,0,0.0,160.1024655779699,9369.0,13246.93843874878,18736.0,2.0,18738.0,9369.0,13246.93843874878,18736.0,2.0,0,0,0,0,0,0,0,0,0,60,0,160.1024655779699,0.0,0.0,0.0,0.0,0.0,0.0,0,0,0,0,1,0,0,0,0.0,0.0,0.0,0.0,60,0,0,0,0,0,0,3,0,0,0,1415,-1,0,20,0,0,0,0,0,0,0,0,BENIGN
222.73.28.96-10.42.0.42-80-36774-6,10.42.0.42,36774,222.73.28.96,80,6,08/08/2017 02:58:27,22213,3,0,0.0,0.0,0.0,0.0,0.0,0.0,0,0,0,0,0.0,135.05604826002792,11106.5,15312.397346594687,21934.0,279.0,22213.0,11106.5,15312.397346594687,21934.0,279.0,0,0,0,0,0,0,0,0,0,60,0,135.05604826002792,0.0,0.0,0.0,0.0,0.0,0.0,0,0,0,0,1,0,0,0,0.0,0.0,0.0,0.0,60,0,0,0,0,0,0,3,0,0,0,1415,-1,0,20,0,0,0,0,0,0,0,0,BENIGN
222.73.28.96-10.42.0.42-80-36771-6,10.42.0.42,36771,222.73.28.96,80,6,08/08/2017 02:58:26,755926,3,6,452.0,5147.0,452.0,0.0,150.66666666666666,260.96232167371085,1460.0,0.0,857.8333333333334,716.63391398026,7406.80966126314,11.905927299762146,94490.75,173583.0455593024,381569.0,0.0,384408.0,192204.0,270915.2352895643,383770.0,638.0,374357.0,74871.4,166451.54018001756,372627.0,0.0,0,0,0,0,80,132,3.9686424332540486,7.937284866508097,0.0,1460.0,559.9,671.0284726530693,450279.2111111111,0,0,0,1,0,0,0,0,2.0,622.1111111111111,150.66666666666666,857.8333333333334,80,0,0,0,0,0,0,3,452,6,5147,65535,62,1,20,0,0,0,0,0,0,0,0,BENIGN
222.73.28.96-10.42.0.42-80-36773-6,10.42.0.42,36773,222.73.28.96,80,6,08/08/2017 02:58:26,756994,3,7,451.0,5855.0,451.0,0.0,150.33333333333334,260.38497140452125,1460.0,0.0,836.4285714285714,762.3590267808769,8330.31701704373,13.210144334036995,84110.44444444444,165673.06401548133,382005.0,3.0,385229.0,192614.5,271698.0024963378,384734.0,495.0,374989.0,62498.16666666667,152499.01566687788,373785.0,3.0,0,0,0,0,80,152,3.9630433002110985,9.247101033825896,0.0,1460.0,573.2727272727273,705.1794226874591,497278.0181818182,0,0,0,1,0,0,0,0,2.0,630.6,150.33333333333334,836.4285714285714,80,0,0,0,0,0,0,3,451,7,5855,65535,62,1,20,0,0,0,0,0,0,0,0,BENIGN
222.73.28.96-10.42.0.42-80-36776-6,10.42.0.42,36776,222.73.28.96,80,6,08/08/2017 02:58:27,61739,5,0,0.0,0.0,0.0,0.0,0.0,0.0,0,0,0,0,0.0,80.98608659032378,15434.75,17810.718596302246,35718.0,422.0,61739.0,15434.75,17810.718596302246,35718.0,422.0,0,0,0,0,0,0,0,0,0,100,0,80.98608659032378,0.0,0.0,0.0,0.0,0.0,0.0,0,0,0,0,1,0,0,0,0.0,0.0,0.0,0.0,100,0,0,0,0,0,0,5,0,0,0,1415,-1,0,20,0,0,0,0,0,0,0,0,BENIGN
222.73.28.96-10.42.0.42-80-36771-6,10.42.0.42,36771,222.73.28.96,80,6,08/08/2017 02:58:27,47738,4,0,0.0,0.0,0.0,0.0,0.0,0.0,0,0,0,0,0.0,83.7906908542461,15912.666666666668,19623.916054990994,38332.0,1852.0,47738.0,15912.666666666668,19623.916054990994,38332.0,1852.0,0,0,0,0,0,0,0,0,0,80,0,83.7906908542461,0.0,0.0,0.0,0.0,0.0,0.0,0,0,0,0,1,0,0,0,0.0,0.0,0.0,0.0,80,0,0,0,0,0,0,4,0,0,0,1415,-1,0,20,0,0,0,0,0,0,0,0,BENIGN
222.73.28.96-10.42.0.42-80-36773-6,10.42.0.42,36773,222.73.28.96,80,6,08/08/2017 02:58:27,49425,5,0,0.0,0.0,0.0,0.0,0.0,0.0,0,0,0,0,0.0,101.16337885685383,12356.25,17087.426671386187,36905.0,291.0,49425.0,12356.25,17087.426671386187,36905.0,291.0,0,0,0,0,0,0,0,0,0,100,0,101.16337885685383,0.0,0.0,0.0,0.0,0.0,0.0,0,0,0,0,1,0,0,0,0.0,0.0,0.0,0.0,100,0,0,0,0,0,0,5,0,0,0,1415,-1,0,20,0,0,0,0,0,0,0,0,BENIGN
10.42.0.42-119.146.74.34-53041-80-6,10.42.0.42,53041,119.146.74.34,80,6,08/08/2017 02:58:26,758574,21,29,350.0,31448.0,350.0,0.0,16.666666666666668,76.37626158259734,1340.0,0.0,1084.4137931034481,514.300740065117,41918.125324622255,65.91314756371824,15481.102040816322,52463.36517682478,248890.0,1.0,510973.0,25548.65,62150.44451572838,251193.0,1.0,509684.0,18203.0,53789.62039485148,254461.0,1.0,0,0,0,0,476,616,27.68352197676166,38.22962558695658,0.0,1340.0,623.4901960784314,660.3870190289636,436111.01490196073,0,0,0,1,0,0,0,0,1.0,635.96,16.666666666666668,1084.4137931034484,476,0,0,0,0,0,0,21,350,29,31448,65535,4380,1,20,0,0,0,0,0,0,0,0,BENIGN
10.42.0.42-119.146.74.34-53041-80-6,119.146.74.34,80,10.42.0.42,53041,6,08/08/2017 02:58:27,3143,1,3,1340.0,0.0,1340.0,1340.0,1340.0,0.0,0.0,0.0,0.0,0.0,426344.2570792237,1272.6694241170856,1047.6666666666667,1221.2065072432808,2433.0,127.0,0,0,0,0,0,710.0,355.0,322.44069222106566,583.0,127.0,0,0,0,0,20,72,318.1673560292714,954.5020680878142,0.0,1340.0,536.0,733.9482270569226,538680.0,0,0,0,0,1,0,0,0,3.0,670.0,1340.0,0.0,20,0,0,0,0,0,0,1,1340,3,0,4380,2449,0,20,0,0,0,0,0,0,0,0,BENIGN
183.136.237.235-10.42.0.42-80-53043-6,10.42.0.42,53043,183.136.237.235,80,6,08/08/2017 02:58:26,824292,3,4,637.0,289.0,637.0,0.0,212.33333333333334,367.77212147379163,289.0,0.0,72.25,144.5,1123.3883138499464,8.49213628180305,137382.0,211674.2923569133,416029.0,5.0,418664.0,209332.0,295310.4192405002,418148.0,516.0,408263.0,136087.6666666667,235341.05246287424,407836.0,5.0,0,0,0,0,80,84,3.6394869779155927,4.852649303887457,0.0,637.0,115.75,233.63753979187507,54586.50000000001,0,0,0,1,0,0,0,0,1.0,132.28571428571428,212.33333333333334,72.25,80,0,0,0,0,0,0,3,637,4,289,65535,15288,1,20,0,0,0,0,0,0,0,0,BENIGN
183.136.237.235-10.42.0.42-80-53043-6,10.42.0.42,53043,183.136.237.235,80,6,08/08/2017 02:58:27,14334,2,0,0.0,0.0,0.0,0.0,0.0,0.0,0,0,0,0,0.0,139.52839402818475,14334.0,0.0,14334.0,14334.0,14334.0,14334.0,0.0,14334.0,14334.0,0,0,0,0,0,0,0,0,0,40,0,139.52839402818475,0.0,0.0,0.0,0.0,0.0,0.0,0,0,0,0,1,0,0,0,0.0,0.0,0.0,0.0,40,0,0,0,0,0,0,2,0,0,0,65535,-1,0,20,0,0,0,0,0,0,0,0,BENIGN
219.142.78.162-10.42.0.42-80-49402-6,10.42.0.42,49402,219.142.78.162,80,6,08/08/2017 02:58:27,523025,3,3,729.0,317.0,729.0,0.0,243.0,420.8883462392372,317.0,0.0,105.66666666666667,183.02003533311137,1999.904402275226,11.471726972898045,104605.0,137823.74344248525,257413.0,535.0,262765.0,131382.5,185046.30910261357,262230.0,535.0,269353.0,134676.5,186435.06682086393,266506.0,2847.0,0,0,0,0,80,72,5.7358634864490226,5.7358634864490226,0.0,729.0,149.42857142857144,281.55156848130986,79271.28571428572,0,0,0,1,0,0,0,0,1.0,174.33333333333334,243.0,105.66666666666667,80,0,0,0,0,0,0,3,729,3,317,65535,126,1,20,0,0,0,0,0,0,0,0,BENIGN
183.61.27.21-10.42.0.42-443-33288-6,10.42.0.42,33288,183.61.27.21,443,6,08/08/2017 02:58:26,1100848,20,20,766.0,8849.0,437.0,0.0,38.300000000000004,107.29109444575734,1460.0,0.0,442.45000000000005,599.6984746739946,8734.175835356016,36.33562490007703,28226.871794871808,52822.532621370614,247069.0,1.0,1100342.0,57912.73684210527,67039.50845653305,249248.0,1.0,853779.0,44935.73684210525,48761.54862963474,149988.0,2.0,0,0,0,0,564,424,18.167812450038515,18.167812450038515,0.0,1460.0,234.5121951219512,467.4822521738778,218539.65609756103,0,0,0,1,0,0,0,0,1.0,240.375,38.3,442.45,564,0,0,0,0,0,0,20,766,20,8849,65535,66,3,20,0,0,0,0,0,0,0,0,BENIGN
183.61.27.21-10.42.0.42-443-33288-6,10.42.0.42,33288,183.61.27.21,443,6,08/08/2017 02:58:27,7456,3,0,0.0,0.0,0.0,0.0,0.0,0.0,0,0,0,0,0.0,402.3605150214592,3728.0,1585.3334034202396,4849.0,2607.0,7456.0,3728.0,1585.3334034202396,4849.0,2607.0,0,0,0,0,0,0,0,0,0,60,0,402.3605150214592,0.0,0.0,0.0,0.0,0.0,0.0,0,0,0,0,1,0,0,0,0.0,0.0,0.0,0.0,60,0,0,0,0,0,0,3,0,0,0,1597,-1,0,20,0,0,0,0,0,0,0,0,BENIGN
10.42.0.42-123.125.29.220-44866-80-6,10.42.0.42,44866,123.125.29.220,80,6,08/08/2017 02:58:27,631995,3,3,1305.0,193.0,1305.0,0.0,435.0,753.4421012924616,193.0,0.0,64.33333333333333,111.42860195359776,2370.271916708202,9.49374599482591,126399.0,170846.21291822655,313888.0,775.0,316953.0,158476.5,223023.60010658065,316178.0,775.0,318107.0,159053.5,222349.0202373287,316278.0,1829.0,0,0,0,0,80,72,4.746872997412955,4.746872997412955,0.0,1305.0,214.0,486.43293474023733,236617.0,0,0,0,1,0,0,0,0,1.0,249.66666666666666,435.0,64.33333333333333,80,0,0,0,0,0,0,3,1305,3,193,65535,135,1,20,0,0,0,0,0,0,0,0,BENIGN
219.142.78.162-10.42.0.42-80-49410-6,10.42.0.42,49410,219.142.78.162,80,6,08/08/2017 02:58:27,554383,3,3,571.0,317.0,571.0,0.0,190.33333333333334,329.6670037072763,317.0,0.0,105.66666666666667,183.02003533311137,1601.780718384222,10.822842691785283,110876.6,133832.7699754436,258743.0,2170.0,297604.0,148802.0,158886.89373261723,261152.0,36452.0,295640.0,147820.0,205980.2053596413,293470.0,2170.0,0,0,0,0,80,72,5.4114213458926415,5.4114213458926415,0.0,571.0,126.85714285714286,228.7213942561478,52313.47619047619,0,0,0,1,0,0,0,0,1.0,148.0,190.33333333333334,105.66666666666667,80,0,0,0,0,0,0,3,571,3,317,65535,123,1,20,0,0,0,0,0,0,0,0,BENIGN
10.42.0.42-123.125.29.220-44870-80-6,10.42.0.42,44870,123.125.29.220,80,6,08/08/2017 02:58:27,629362,3,3,1407.0,193.0,1407.0,0.0,469.0,812.3318287498034,193.0,0.0,64.33333333333333,111.42860195359776,2542.257079391511,9.533464047718166,125872.4,169539.45836677667,311657.0,1842.0,315863.0,157931.5,220183.85927333546,313625.0,2238.0,317832.0,158916.0,222136.18109619152,315990.0,1842.0,0,0,0,0,80,72,4.766732023859083,4.766732023859083,0.0,1407.0,228.57142857142856,524.592494908463,275197.28571428574,0,0,0,1,0,0,0,0,1.0,266.6666666666667,469.0,64.33333333333333,80,0,0,0,0,0,0,3,1407,3,193,65535,137,1,20,0,0,0,0,0,0,0,0,BENIGN
222.73.28.96-10.42.0.42-80-36787-6,10.42.0.42,36787,222.73.28.96,80,6,08/08/2017 02:58:27,718724,3,6,441.0,5534.0,441.0,0.0,147.0,254.61146871262497,1460.0,0.0,922.3333333333334,724.1993279937967,8313.344204451221,12.522192107123178,89840.5,161100.92473353466,352667.0,2.0,364898.0,182449.0,238328.92638536348,350973.0,13925.0,369909.0,73981.8,164780.63320123515,368750.0,2.0,0,0,0,0,80,132,4.174064035707726,8.348128071415452,0.0,1460.0,597.5,695.2964595528059,483437.1666666667,0,0,0,1,0,0,0,0,2.0,663.8888888888889,147.0,922.3333333333334,80,0,0,0,0,0,0,3,441,6,5534,65535,62,1,20,0,0,0,0,0,0,0,0,BENIGN
222.73.28.96-10.42.0.42-80-36790-6,10.42.0.42,36790,222.73.28.96,80,6,08/08/2017 02:58:27,716527,3,7,454.0,6867.0,454.0,0.0,151.33333333333334,262.1170222120901,1460.0,0.0,981.0,688.5494414588783,10217.340030452446,13.95620820987904,79614.11111111111,151787.80024218385,348788.0,1.0,366498.0,183249.0,232380.74414202225,347567.0,18931.0,371063.0,61843.83333333333,150878.13251550627,369822.0,1.0,0,0,0,0,80,152,4.186862462963712,9.769345746915329,0.0,1460.0,665.5454545454545,701.0553991855941,491478.67272727273,0,0,0,1,0,0,0,0,2.0,732.1,151.33333333333334,981.0,80,0,0,0,0,0,0,3,454,7,6867,65535,62,1,20,0,0,0,0,0,0,0,0,BENIGN
222.73.28.96-10.42.0.42-80-36791-6,10.42.0.42,36791,222.73.28.96,80,6,08/08/2017 02:58:27,731491,3,6,451.0,5744.0,451.0,0.0,150.33333333333334,260.38497140452125,1460.0,0.0,957.3333333333334,742.4787314574518,8469.003719799697,12.303637365326436,91436.375,166761.26836369367,363311.0,1.0,367290.0,183645.0,252210.84671361776,361985.0,5305.0,371599.0,74319.8,165686.8062269896,370709.0,1.0,0,0,0,0,80,132,4.101212455108812,8.202424910217625,0.0,1460.0,619.5,716.542198493726,513432.72222222225,0,0,0,1,0,0,0,0,2.0,688.3333333333334,150.33333333333334,957.3333333333334,80,0,0,0,0,0,0,3,451,6,5744,65535,62,1,20,0,0,0,0,0,0,0,0,BENIGN
222.73.28.96-10.42.0.42-80-36792-6,10.42.0.42,36792,222.73.28.96,80,6,08/08/2017 02:58:27,730332,3,9,463.0,9483.0,463.0,0.0,154.33333333333334,267.3131746347967,1460.0,0.0,1053.6666666666667,644.244518797017,13618.463931472263,16.430883488605183,66393.81818181819,146267.4857784998,364024.0,1.0,364983.0,182491.5,254533.69248981558,362474.0,2509.0,369906.0,46238.25,130246.24370755791,368581.0,1.0,0,0,0,0,80,192,4.107720872151296,12.323162616453887,0.0,1460.0,765.0769230769231,702.2133414590447,493103.57692307694,0,0,0,1,0,0,0,0,3.0,828.8333333333334,154.33333333333334,1053.6666666666667,80,0,0,0,0,0,0,3,463,9,9483,65535,62,1,20,0,0,0,0,0,0,0,0,BENIGN
180.149.153.68-10.42.0.42-80-54909-6,10.42.0.42,54909,180.149.153.68,80,6,08/08/2017 02:58:17,10429591,3,1,0.0,0.0,0.0,0.0,0.0,0.0,0.0,0.0,0.0,0.0,0.0,0.38352414778297633,3476530.3333333335,5809428.076086865,1.0183233E7,2518.0,1.0429591E7,5214795.5,7026431.696303074,1.0183233E7,246358.0,0,0,0,0,0,0,0,0,0,104,40,0.28764311083723226,0.09588103694574408,0.0,0.0,0.0,0.0,0.0,0,0,0,1,0,0,0,0,0.0,0.0,0.0,0.0,104,0,0,0,0,0,0,3,0,1,0,65535,14480,0,32,0,0,0,0,0,0,0,0,BENIGN
222.73.28.96-10.42.0.42-80-36787-6,10.42.0.42,36787,222.73.28.96,80,6,08/08/2017 02:58:28,49732,3,0,0.0,0.0,0.0,0.0,0.0,0.0,0,0,0,0,0.0,60.32333306522963,24866.0,9237.642989421056,31398.0,18334.0,49732.0,24866.0,9237.642989421056,31398.0,18334.0,0,0,0,0,0,0,0,0,0,60,0,60.32333306522963,0.0,0.0,0.0,0.0,0.0,0.0,0,0,0,0,1,0,0,0,0.0,0.0,0.0,0.0,60,0,0,0,0,0,0,3,0,0,0,1506,-1,0,20,0,0,0,0,0,0,0,0,BENIGN
222.73.28.96-10.42.0.42-80-36790-6,10.42.0.42,36790,222.73.28.96,80,6,08/08/2017 02:58:28,53104,4,0,0.0,0.0,0.0,0.0,0.0,0.0,0,0,0,0,0.0,75.32389273877675,17701.333333333332,16211.65140673008,31830.0,2.0,53104.0,17701.333333333332,16211.65140673008,31830.0,2.0,0,0,0,0,0,0,0,0,0,80,0,75.32389273877675,0.0,0.0,0.0,0.0,0.0,0.0,0,0,0,0,1,0,0,0,0.0,0.0,0.0,0.0,80,0,0,0,0,0,0,4,0,0,0,1415,-1,0,20,0,0,0,0,0,0,0,0,BENIGN
222.73.28.96-10.42.0.42-80-36791-6,10.42.0.42,36791,222.73.28.96,80,6,08/08/2017 02:58:28,47002,3,0,0.0,0.0,0.0,0.0,0.0,0.0,0,0,0,0,0.0,63.82707118846006,23501.0,11822.825381439075,31861.0,15141.0,47002.0,23501.0,11822.825381439075,31861.0,15141.0,0,0,0,0,0,0,0,0,0,60,0,63.82707118846006,0.0,0.0,0.0,0.0,0.0,0.0,0,0,0,0,1,0,0,0,0.0,0.0,0.0,0.0,60,0,0,0,0,0,0,3,0,0,0,1506,-1,0,20,0,0,0,0,0,0,0,0,BENIGN
222.73.28.96-10.42.0.42-80-36792-6,10.42.0.42,36792,222.73.28.96,80,6,08/08/2017 02:58:28,50226,4,0,0.0,0.0,0.0,0.0,0.0,0.0,0,0,0,0,0.0,79.6400270776092,16742.0,16042.252366796876,31981.0,2.0,50226.0,16742.0,16042.252366796876,31981.0,2.0,0,0,0,0,0,0,0,0,0,80,0,79.6400270776092,0.0,0.0,0.0,0.0,0.0,0.0,0,0,0,0,1,0,0,0,0.0,0.0,0.0,0.0,80,0,0,0,0,0,0,4,0,0,0,1552,-1,0,20,0,0,0,0,0,0,0,0,BENIGN
183.232.231.30-10.42.0.42-80-32944-6,10.42.0.42,32944,183.232.231.30,80,6,08/08/2017 02:58:21,6495558,2,0,0.0,0.0,0.0,0.0,0.0,0.0,0,0,0,0,0.0,0.30790272367670335,6495558.0,0.0,6495558.0,6495558.0,6495558.0,6495558.0,0.0,6495558.0,6495558.0,0,0,0,0,0,0,0,0,0,40,0,0.30790272367670335,0.0,0.0,0.0,0.0,0.0,0.0,0,0,0,0,1,1,0,0,0.0,0.0,0.0,0.0,40,0,0,0,0,0,0,2,0,0,0,1369,-1,0,20,0,0,0,0,0,0,0,0,BENIGN
180.149.138.197-10.42.0.42-80-37580-6,10.42.0.42,37580,180.149.138.197,80,6,08/08/2017 02:58:17,11321256,4,1,0.0,0.0,0.0,0.0,0.0,0.0,0.0,0.0,0.0,0.0,0.0,0.4416471105326123,2830314.0,4843910.401827089,1.0068729E7,2150.0,1.1321256E7,3773752.0,5464000.509226642,1.0068729E7,258500.0,0,0,0,0,0,0,0,0,0,120,32,0.35331768842608985,0.08832942210652246,0.0,0.0,0.0,0.0,0.0,0,0,0,1,0,0,0,0,0.0,0.0,0.0,0.0,120,0,0,0,0,0,0,4,0,1,0,65535,14600,0,20,0,0,0,0,0,0,0,0,BENIGN
10.42.0.42-61.135.185.139-52661-80-6,10.42.0.42,52661,61.135.185.139,80,6,08/08/2017 02:58:21,6568737,2,0,0.0,0.0,0.0,0.0,0.0,0.0,0,0,0,0,0.0,0.3044725340655289,6568737.0,0.0,6568737.0,6568737.0,6568737.0,6568737.0,0.0,6568737.0,6568737.0,0,0,0,0,0,0,0,0,0,40,0,0.3044725340655289,0.0,0.0,0.0,0.0,0.0,0.0,0,0,0,0,1,1,0,0,0.0,0.0,0.0,0.0,40,0,0,0,0,0,0,2,0,0,0,2555,-1,0,20,0,0,0,0,0,0,0,0,BENIGN
10.42.0.42-123.125.29.220-44876-80-6,10.42.0.42,44876,123.125.29.220,80,6,08/08/2017 02:58:27,913188,3,3,1407.0,193.0,1407.0,0.0,469.0,812.3318287498034,193.0,0.0,64.33333333333333,111.42860195359776,1752.1036194080518,6.570388572780194,182637.6,132518.20660120633,311550.0,1948.0,601570.0,300785.0,175485.51831419024,424872.0,176698.0,601638.0,300819.0,422667.4216000093,599690.0,1948.0,0,0,0,0,80,72,3.285194286390097,3.285194286390097,0.0,1407.0,228.57142857142856,524.592494908463,275197.28571428574,0,0,0,1,0,0,0,0,1.0,266.6666666666667,469.0,64.33333333333333,80,0,0,0,0,0,0,3,1407,3,193,65535,137,1,20,0,0,0,0,0,0,0,0,BENIGN
219.142.78.162-10.42.0.42-80-49413-6,10.42.0.42,49413,219.142.78.162,80,6,08/08/2017 02:58:28,521797,3,3,656.0,317.0,656.0,0.0,218.66666666666666,378.7417765883945,317.0,0.0,105.66666666666667,183.02003533311137,1864.7098392669948,11.498724599796473,104359.4,138163.98558162688,256092.0,2888.0,262817.0,131408.5,181375.010694693,259660.0,3157.0,266471.0,133235.5,184339.202321427,263583.0,2888.0,0,0,0,0,80,72,5.7493622998982366,5.7493622998982366,0.0,656.0,139.0,256.76772902112657,65929.66666666667,0,0,0,1,0,0,0,0,1.0,162.16666666666666,218.66666666666666,105.66666666666667,80,0,0,0,0,0,0,3,656,3,317,65535,125,1,20,0,0,0,0,0,0,0,0,BENIGN
174.35.73.99-10.42.0.42-80-60281-6,10.42.0.42,60281,174.35.73.99,80,6,08/08/2017 02:58:16,12659190,78,164,2726.0,210674.0,570.0,0.0,34.94871794871796,123.86187294629275,1448.0,0.0,1284.5975609756103,418.3142289050711,16857.318675207498,19.116546951266233,52527.75933609958,484730.94808857644,6531232.0,0.0,6127958.0,79583.87012987012,427879.38620669086,3634236.0,1.0,1.2636277E7,77523.17177914112,590343.5322828082,6534584.0,0.0,0,0,0,0,2708,5256,6.161531661978373,12.95501528928786,0.0,1448.0,878.1893004115227,683.4076723756509,467046.046661905,0,0,0,1,0,0,0,0,2.0,881.8181818181819,34.94871794871795,1284.5975609756097,2708,0,0,0,0,0,0,78,2726,164,210674,65535,672,6,32,0,0,0,0,0,0,0,0,BENIGN
219.142.78.162-10.42.0.42-80-49416-6,10.42.0.42,49416,219.142.78.162,80,6,08/08/2017 02:58:28,515822,3,3,571.0,317.0,571.0,0.0,190.33333333333334,329.6670037072763,317.0,0.0,105.66666666666667,183.02003533311137,1721.5240916440168,11.631919538135248,103164.4,138773.693812264,255838.0,561.0,258563.0,129281.5,182038.276855446,258002.0,561.0,259984.0,129992.0,179965.7468797882,257247.0,2737.0,0,0,0,0,80,72,5.815959769067624,5.815959769067624,0.0,571.0,126.85714285714286,228.7213942561478,52313.47619047619,0,0,0,1,0,0,0,0,1.0,148.0,190.33333333333334,105.66666666666667,80,0,0,0,0,0,0,3,571,3,317,65535,123,1,20,0,0,0,0,0,0,0,0,BENIGN
222.73.28.96-10.42.0.42-80-36797-6,10.42.0.42,36797,222.73.28.96,80,6,08/08/2017 02:58:28,728403,3,7,458.0,6310.0,458.0,0.0,152.66666666666666,264.4264232888486,1460.0,0.0,901.4285714285714,714.0594879846864,9291.559754696233,13.728663940154007,80933.66666666667,159511.9103515471,362387.0,1.0,365027.0,182513.5,257319.69320769058,364466.0,561.0,366016.0,61002.666666666664,148840.2368039861,364821.0,1.0,0,0,0,0,80,152,4.118599182046203,9.610064758107805,0.0,1460.0,615.2727272727273,692.3076037295981,479289.8181818182,0,0,0,1,0,0,0,0,2.0,676.8,152.66666666666666,901.4285714285714,80,0,0,0,0,0,0,3,458,7,6310,65535,62,1,20,0,0,0,0,0,0,0,0,BENIGN
222.73.28.96-10.42.0.42-80-36798-6,10.42.0.42,36798,222.73.28.96,80,6,08/08/2017 02:58:28,727356,3,7,458.0,6081.0,458.0,0.0,152.66666666666666,264.4264232888486,1460.0,0.0,868.7142857142858,741.8253869758737,8990.095634049901,13.748425805245299,80817.33333333334,159344.0796131127,361934.0,2.0,364385.0,182192.5,257094.83325127326,363986.0,399.0,365547.0,60924.5,148726.02899122937,364510.0,2.0,0,0,0,0,80,152,4.12452774157359,9.62389806367171,0.0,1460.0,594.4545454545454,700.5074394517682,490710.6727272727,0,0,0,1,0,0,0,0,2.0,653.9,152.66666666666666,868.7142857142857,80,0,0,0,0,0,0,3,458,7,6081,65535,62,1,20,0,0,0,0,0,0,0,0,BENIGN
222.73.28.96-10.42.0.42-80-36797-6,10.42.0.42,36797,222.73.28.96,80,6,08/08/2017 02:58:29,12684,3,0,0.0,0.0,0.0,0.0,0.0,0.0,0,0,0,0,0.0,236.51844843897823,6342.0,6116.473657263636,10667.0,2017.0,12684.0,6342.0,6116.473657263636,10667.0,2017.0,0,0,0,0,0,0,0,0,0,60,0,236.51844843897823,0.0,0.0,0.0,0.0,0.0,0.0,0,0,0,0,1,0,0,0,0.0,0.0,0.0,0.0,60,0,0,0,0,0,0,3,0,0,0,1415,-1,0,20,0,0,0,0,0,0,0,0,BENIGN
222.73.28.96-10.42.0.42-80-36798-6,10.42.0.42,36798,222.73.28.96,80,6,08/08/2017 02:58:29,15007,3,0,0.0,0.0,0.0,0.0,0.0,0.0,0,0,0,0,0.0,199.90671020190578,7503.5,9924.243673953195,14521.0,486.0,15007.0,7503.5,9924.243673953195,14521.0,486.0,0,0,0,0,0,0,0,0,0,60,0,199.90671020190578,0.0,0.0,0.0,0.0,0.0,0.0,0,0,0,0,1,0,0,0,0.0,0.0,0.0,0.0,60,0,0,0,0,0,0,3,0,0,0,1460,-1,0,20,0,0,0,0,0,0,0,0,BENIGN
10.42.0.42-123.125.29.220-44870-80-6,10.42.0.42,44870,123.125.29.220,80,6,08/08/2017 02:58:28,820362,1,1,0.0,193.0,0.0,0.0,0.0,0.0,193.0,193.0,193.0,0.0,235.26199409528962,2.4379481253397888,820362.0,0.0,820362.0,820362.0,0,0,0,0,0,0,0,0,0,0,0,0,0,0,20,20,1.2189740626698944,1.2189740626698944,0.0,193.0,64.33333333333333,111.42860195359776,12416.333333333332,0,0,0,0,1,1,0,0,1.0,96.5,0.0,193.0,20,0,0,0,0,0,0,1,0,1,193,1386,137,0,20,0,0,0,0,0,0,0,0,BENIGN
10.42.0.42-61.135.185.139-52662-80-6,10.42.0.42,52662,61.135.185.139,80,6,08/08/2017 02:58:22,6889858,2,0,0.0,0.0,0.0,0.0,0.0,0.0,0,0,0,0,0.0,0.29028174455845096,6889858.0,0.0,6889858.0,6889858.0,6889858.0,6889858.0,0.0,6889858.0,6889858.0,0,0,0,0,0,0,0,0,0,40,0,0.29028174455845096,0.0,0.0,0.0,0.0,0.0,0.0,0,0,0,0,1,1,0,0,0.0,0.0,0.0,0.0,40,0,0,0,0,0,0,2,0,0,0,2054,-1,0,20,0,0,0,0,0,0,0,0,BENIGN
10.42.0.42-123.125.29.220-44870-80-6,10.42.0.42,44870,123.125.29.220,80,6,08/08/2017 02:58:29,142247,2,0,0.0,0.0,0.0,0.0,0.0,0.0,0,0,0,0,0.0,14.060050475581207,142247.0,0.0,142247.0,142247.0,142247.0,142247.0,0.0,142247.0,142247.0,0,0,0,0,0,0,0,0,0,52,0,14.060050475581207,0.0,0.0,0.0,0.0,0.0,0.0,0,0,0,0,1,0,0,0,0.0,0.0,0.0,0.0,52,0,0,0,0,0,0,2,0,0,0,1386,-1,0,20,0,0,0,0,0,0,0,0,BENIGN
183.232.231.172-10.42.0.42-80-45912-6,10.42.0.42,45912,183.232.231.172,80,6,08/08/2017 02:58:22,7049802,2,0,0.0,0.0,0.0,0.0,0.0,0.0,0,0,0,0,0.0,0.28369591089224916,7049802.0,0.0,7049802.0,7049802.0,7049802.0,7049802.0,0.0,7049802.0,7049802.0,0,0,0,0,0,0,0,0,0,40,0,0.28369591089224916,0.0,0.0,0.0,0.0,0.0,0.0,0,0,0,0,1,1,0,0,0.0,0.0,0.0,0.0,40,0,0,0,0,0,0,2,0,0,0,1397,-1,0,20,0,0,0,0,0,0,0,0,BENIGN
174.35.73.99-10.42.0.42-80-60281-6,10.42.0.42,60281,174.35.73.99,80,6,08/08/2017 02:58:28,510678,2,0,0.0,0.0,0.0,0.0,0.0,0.0,0,0,0,0,0.0,3.9163621695079875,510678.0,0.0,510678.0,510678.0,510678.0,510678.0,0.0,510678.0,510678.0,0,0,0,0,0,0,0,0,0,64,0,3.9163621695079875,0.0,0.0,0.0,0.0,0.0,0.0,0,0,0,0,1,0,0,0,0.0,0.0,0.0,0.0,64,0,0,0,0,0,0,2,0,0,0,7449,-1,0,32,0,0,0,0,0,0,0,0,BENIGN
174.35.73.93-10.42.0.42-80-48634-6,10.42.0.42,48634,174.35.73.93,80,6,08/08/2017 02:58:23,6698970,5,5,521.0,1788.0,521.0,0.0,104.2,232.99828325547807,1417.0,0.0,357.6,613.6247224485011,344.67985376856444,1.4927667984779749,744330.0,2210655.846684587,6639358.0,123.0,59612.0,14903.0,17258.660029098435,33908.0,123.0,6675951.0,1668987.75,3320084.0017248937,6649082.0,298.0,0,0,0,0,168,168,0.7463833992389874,0.7463833992389874,0.0,1417.0,209.90909090909088,439.5783103260339,193229.09090909094,0,0,0,1,0,0,0,0,1.0,230.9,104.2,357.6,168,0,0,0,0,0,0,5,521,5,1788,65535,675,1,32,0,0,0,0,0,0,0,0,BENIGN
174.35.73.93-10.42.0.42-80-48632-6,10.42.0.42,48632,174.35.73.93,80,6,08/08/2017 02:58:23,6706993,4,5,513.0,678.0,513.0,0.0,128.25,256.5,355.0,0.0,135.6,186.02231048989796,177.57585254673742,1.3418830167259754,838374.125,2348449.3319925223,6650441.0,4.0,56552.0,18850.666666666668,15958.827692952053,30592.0,680.0,6684046.0,1671011.5,3324097.339691935,6657125.0,4.0,0,0,0,0,136,168,0.5963924518782113,0.7454905648477641,0.0,513.0,119.10000000000001,197.6739459030676,39074.98888888889,0,0,0,1,0,0,0,0,1.0,132.33333333333334,128.25,135.6,136,0,0,0,0,0,0,4,513,5,678,65535,675,1,32,0,0,0,0,0,0,0,0,BENIGN
174.35.73.93-10.42.0.42-80-48633-6,10.42.0.42,48633,174.35.73.93,80,6,08/08/2017 02:58:23,6706775,4,5,514.0,1109.0,514.0,0.0,128.5,257.0,711.0,0.0,221.8,323.2447988754034,241.99410297795885,1.341926633888866,838346.875,2349285.493809581,6652480.0,5.0,54295.0,18098.333333333332,15185.747276091925,27972.0,612.0,6683704.0,1670926.0,3323851.0367007526,6656667.0,5.0,0,0,0,0,136,168,0.5964118372839404,0.7455147966049256,0.0,711.0,162.3,271.7654421657683,73856.45555555556,0,0,0,1,0,0,0,0,1.0,180.33333333333334,128.5,221.8,136,0,0,0,0,0,0,4,514,5,1109,65535,675,1,32,0,0,0,0,0,0,0,0,BENIGN
219.142.78.162-10.42.0.42-80-49419-6,10.42.0.42,49419,219.142.78.162,80,6,08/08/2017 02:58:28,1414122,4,4,729.0,317.0,729.0,0.0,182.25,364.5,317.0,0.0,79.25,158.5,739.6815833428799,5.65722052269889,202017.42857142858,320967.35285116726,898892.0,2079.0,1290096.0,430032.0,410838.8140134766,898892.0,133022.0,1158019.0,386006.3333333334,556884.9902819552,1024755.0,2437.0,0,0,0,0,112,104,2.828610261349445,2.828610261349445,0.0,729.0,116.22222222222223,252.5771059388488,63795.19444444445,0,0,0,1,0,0,0,0,1.0,130.75,182.25,79.25,112,0,0,0,0,0,0,4,729,4,317,65535,126,1,20,0,0,0,0,0,0,0,0,BENIGN
10.42.0.42-123.125.29.220-44894-80-6,10.42.0.42,44894,123.125.29.220,80,6,08/08/2017 02:58:29,650288,3,3,1393.0,193.0,1393.0,0.0,464.3333333333333,804.2489249811487,193.0,0.0,64.33333333333333,111.42860195359776,2438.9193711094163,9.226681101296657,130057.6,159919.4594516252,307534.0,1411.0,341343.0,170671.5,189673.61587869833,304791.0,36552.0,348715.0,174357.5,244583.28586495848,347304.0,1411.0,0,0,0,0,80,72,4.613340550648329,4.613340550648329,0.0,1393.0,226.57142857142858,519.3514728783894,269725.9523809524,0,0,0,1,0,0,0,0,1.0,264.3333333333333,464.3333333333333,64.33333333333333,80,0,0,0,0,0,0,3,1393,3,193,65535,136,1,20,0,0,0,0,0,0,0,0,BENIGN
174.35.73.93-10.42.0.42-80-48634-6,10.42.0.42,48634,174.35.73.93,80,6,08/08/2017 02:58:30,21154,1,1,0.0,0.0,0.0,0.0,0.0,0.0,0.0,0.0,0.0,0.0,0.0,94.54476694714948,21154.0,0.0,21154.0,21154.0,0,0,0,0,0,0,0,0,0,0,0,0,0,0,32,32,47.27238347357474,47.27238347357474,0.0,0.0,0.0,0.0,0.0,0,0,0,0,1,0,0,0,1.0,0.0,0.0,0.0,32,0,0,0,0,0,0,1,0,1,0,1431,675,0,32,0,0,0,0,0,0,0,0,BENIGN
174.35.73.93-10.42.0.42-80-48632-6,10.42.0.42,48632,174.35.73.93,80,6,08/08/2017 02:58:30,21007,1,1,0.0,0.0,0.0,0.0,0.0,0.0,0.0,0.0,0.0,0.0,0.0,95.20635978483362,21007.0,0.0,21007.0,21007.0,0,0,0,0,0,0,0,0,0,0,0,0,0,0,32,32,47.60317989241681,47.60317989241681,0.0,0.0,0.0,0.0,0.0,0,0,0,0,1,0,0,0,1.0,0.0,0.0,0.0,32,0,0,0,0,0,0,1,0,1,0,1403,675,0,32,0,0,0,0,0,0,0,0,BENIGN
174.35.73.93-10.42.0.42-80-48633-6,10.42.0.42,48633,174.35.73.93,80,6,08/08/2017 02:58:30,21008,1,1,0.0,0.0,0.0,0.0,0.0,0.0,0.0,0.0,0.0,0.0,0.0,95.2018278750952,21008.0,0.0,21008.0,21008.0,0,0,0,0,0,0,0,0,0,0,0,0,0,0,32,32,47.6009139375476,47.6009139375476,0.0,0.0,0.0,0.0,0.0,0,0,0,0,1,0,0,0,1.0,0.0,0.0,0.0,32,0,0,0,0,0,0,1,0,1,0,1408,675,0,32,0,0,0,0,0,0,0,0,BENIGN
174.35.73.93-10.42.0.42-80-48632-6,10.42.0.42,48632,174.35.73.93,80,6,08/08/2017 02:58:30,106085,2,0,0.0,0.0,0.0,0.0,0.0,0.0,0,0,0,0,0.0,18.85280671159919,106085.0,0.0,106085.0,106085.0,106085.0,106085.0,0.0,106085.0,106085.0,0,0,0,0,0,0,0,0,0,76,0,18.85280671159919,0.0,0.0,0.0,0.0,0.0,0.0,0,0,0,0,1,0,0,0,0.0,0.0,0.0,0.0,76,0,0,0,0,0,0,2,0,0,0,1403,-1,0,32,0,0,0,0,0,0,0,0,BENIGN
174.35.73.93-10.42.0.42-80-48633-6,10.42.0.42,48633,174.35.73.93,80,6,08/08/2017 02:58:30,106045,2,0,0.0,0.0,0.0,0.0,0.0,0.0,0,0,0,0,0.0,18.859917959356878,106045.0,0.0,106045.0,106045.0,106045.0,106045.0,0.0,106045.0,106045.0,0,0,0,0,0,0,0,0,0,76,0,18.859917959356878,0.0,0.0,0.0,0.0,0.0,0.0,0,0,0,0,1,0,0,0,0.0,0.0,0.0,0.0,76,0,0,0,0,0,0,2,0,0,0,1408,-1,0,32,0,0,0,0,0,0,0,0,BENIGN
174.35.73.93-10.42.0.42-80-48634-6,10.42.0.42,48634,174.35.73.93,80,6,08/08/2017 02:58:30,106734,2,0,0.0,0.0,0.0,0.0,0.0,0.0,0,0,0,0,0.0,18.73817152922218,106734.0,0.0,106734.0,106734.0,106734.0,106734.0,0.0,106734.0,106734.0,0,0,0,0,0,0,0,0,0,76,0,18.73817152922218,0.0,0.0,0.0,0.0,0.0,0.0,0,0,0,0,1,0,0,0,0.0,0.0,0.0,0.0,76,0,0,0,0,0,0,2,0,0,0,1431,-1,0,32,0,0,0,0,0,0,0,0,BENIGN
10.42.0.42-115.236.16.203-58082-443-6,10.42.0.42,58082,115.236.16.203,443,6,08/08/2017 02:58:28,1477877,7,8,1022.0,3084.0,490.0,0.0,146.0,199.83326383095817,1448.0,0.0,385.5,596.9591993715197,2778.3096969504227,10.149694460364428,105562.64285714284,166176.40458102955,363429.0,2.0,1115553.0,185925.5,199811.40948679583,389536.0,1025.0,1123802.0,160543.14285714287,199935.47361038643,388424.0,2.0,0,0,0,0,232,264,4.7365240815034,5.413170378861028,0.0,1448.0,256.62499999999994,448.5914065159964,201234.24999999997,0,0,0,1,0,0,0,0,1.0,273.73333333333335,146.0,385.5,232,0,0,0,0,0,0,7,1022,8,3084,65535,36,3,32,0,0,0,0,0,0,0,0,BENIGN
10.42.0.42-61.135.185.139-52676-80-6,10.42.0.42,52676,61.135.185.139,80,6,08/08/2017 02:58:22,7689797,2,0,0.0,0.0,0.0,0.0,0.0,0.0,0,0,0,0,0.0,0.2600848891069556,7689797.0,0.0,7689797.0,7689797.0,7689797.0,7689797.0,0.0,7689797.0,7689797.0,0,0,0,0,0,0,0,0,0,40,0,0.2600848891069556,0.0,0.0,0.0,0.0,0.0,0.0,0,0,0,0,1,1,0,0,0.0,0.0,0.0,0.0,40,0,0,0,0,0,0,2,0,0,0,2327,-1,0,20,0,0,0,0,0,0,0,0,BENIGN
10.42.0.42-115.236.16.203-58082-443-6,10.42.0.42,58082,115.236.16.203,443,6,08/08/2017 02:58:30,637180,2,0,0.0,0.0,0.0,0.0,0.0,0.0,0,0,0,0,0.0,3.13883047176622,637180.0,0.0,637180.0,637180.0,637180.0,637180.0,0.0,637180.0,637180.0,0,0,0,0,0,0,0,0,0,64,0,3.13883047176622,0.0,0.0,0.0,0.0,0.0,0.0,0,0,0,0,1,0,0,0,0.0,0.0,0.0,0.0,64,0,0,0,0,0,0,2,0,0,0,1505,-1,0,32,0,0,0,0,0,0,0,0,BENIGN
180.149.153.68-10.42.0.42-80-54907-6,10.42.0.42,54907,180.149.153.68,80,6,08/08/2017 02:58:17,13433526,6,5,876.0,1797.0,478.0,0.0,146.0,227.5926185094763,1420.0,0.0,359.4,614.9567464464471,198.97977641908759,0.818846816539455,1343352.6,3132927.5129314293,9994730.0,350.0,3438796.0,687759.2,1027341.7379473589,2504457.0,380.0,1.3188391E7,3297097.75,4628926.177326398,1.0000158E7,350.0,0,0,0,0,200,168,0.44664371811243003,0.37220309842702504,0.0,1420.0,222.74999999999994,421.03835389967196,177273.2954545454,0,0,0,1,0,0,0,0,0.0,243.0,146.0,359.4,200,0,0,0,0,0,0,6,876,5,1797,65535,130,2,32,0,0,0,0,0,0,0,0,BENIGN
10.42.0.42-61.135.185.139-52686-80-6,10.42.0.42,52686,61.135.185.139,80,6,08/08/2017 02:58:23,7940007,2,0,0.0,0.0,0.0,0.0,0.0,0.0,0,0,0,0,0.0,0.2518889466974022,7940007.0,0.0,7940007.0,7940007.0,7940007.0,7940007.0,0.0,7940007.0,7940007.0,0,0,0,0,0,0,0,0,0,40,0,0.2518889466974022,0.0,0.0,0.0,0.0,0.0,0.0,0,0,0,0,1,1,0,0,0.0,0.0,0.0,0.0,40,0,0,0,0,0,0,2,0,0,0,1369,-1,0,20,0,0,0,0,0,0,0,0,BENIGN
180.149.153.68-10.42.0.42-80-54907-6,10.42.0.42,54907,180.149.153.68,80,6,08/08/2017 02:58:31,85721,2,0,0.0,0.0,0.0,0.0,0.0,0.0,0,0,0,0,0.0,23.331505698720264,85721.0,0.0,85721.0,85721.0,85721.0,85721.0,0.0,85721.0,85721.0,0,0,0,0,0,0,0,0,0,64,0,23.331505698720264,0.0,0.0,0.0,0.0,0.0,0.0,0,0,0,0,1,0,0,0,0.0,0.0,0.0,0.0,64,0,0,0,0,0,0,2,0,0,0,1459,-1,0,32,0,0,0,0,0,0,0,0,BENIGN
10.42.0.42-123.125.29.220-44895-80-6,10.42.0.42,44895,123.125.29.220,80,6,08/08/2017 02:58:29,1624867,5,4,2614.0,193.0,1307.0,0.0,522.8,715.8733826592521,193.0,0.0,48.25,96.5,1727.5260067439365,5.53891487734073,203108.37499999997,342917.3598000951,993110.0,598.0,1568539.0,392134.75,423340.9858757477,993110.0,598.0,1314716.0,438238.6666666666,708953.3532372446,1256273.0,2208.0,0,0,0,0,132,104,3.077174931855961,2.461739945484769,0.0,1307.0,280.69999999999993,544.2448489012602,296202.4555555555,0,0,0,1,0,0,0,0,0.0,311.8888888888889,522.8,48.25,132,0,0,0,0,0,0,5,2614,4,193,65535,135,2,20,0,0,0,0,0,0,0,0,BENIGN
219.142.78.162-10.42.0.42-80-49442-6,10.42.0.42,49442,219.142.78.162,80,6,08/08/2017 02:58:30,517003,3,3,656.0,317.0,656.0,0.0,218.66666666666666,378.7417765883945,317.0,0.0,105.66666666666667,183.02003533311137,1882.0006847155626,11.605348518287128,103400.6,139031.83873235655,257115.0,625.0,260018.0,130009.0,182976.60755408052,259393.0,625.0,259888.0,129944.0,179938.87682210314,257180.0,2708.0,0,0,0,0,80,72,5.802674259143564,5.802674259143564,0.0,656.0,139.0,256.76772902112657,65929.66666666667,0,0,0,1,0,0,0,0,1.0,162.16666666666666,218.66666666666666,105.66666666666667,80,0,0,0,0,0,0,3,656,3,317,65535,125,1,20,0,0,0,0,0,0,0,0,BENIGN
219.142.78.162-10.42.0.42-80-49443-6,10.42.0.42,49443,219.142.78.162,80,6,08/08/2017 02:58:30,522163,3,3,656.0,317.0,656.0,0.0,218.66666666666666,378.7417765883945,317.0,0.0,105.66666666666667,183.02003533311137,1863.4028071694086,11.490664792411565,104432.6,138284.06541174583,256749.0,549.0,259457.0,129728.5,182687.40088057524,258908.0,549.0,265414.0,132707.0,176810.63642213383,257731.0,7683.0,0,0,0,0,80,72,5.745332396205782,5.745332396205782,0.0,656.0,139.0,256.76772902112657,65929.66666666667,0,0,0,1,0,0,0,0,1.0,162.16666666666666,218.66666666666666,105.66666666666667,80,0,0,0,0,0,0,3,656,3,317,65535,125,1,20,0,0,0,0,0,0,0,0,BENIGN
10.42.0.42-119.146.74.33-48019-443-6,10.42.0.42,48019,119.146.74.33,443,6,08/08/2017 02:58:26,4729899,2,0,0.0,0.0,0.0,0.0,0.0,0.0,0,0,0,0,0.0,0.42284200994566695,4729899.0,0.0,4729899.0,4729899.0,4729899.0,4729899.0,0.0,4729899.0,4729899.0,0,0,0,0,0,0,0,0,0,40,0,0.42284200994566695,0.0,0.0,0.0,0.0,0.0,0.0,0,0,0,0,1,1,0,0,0.0,0.0,0.0,0.0,40,0,0,0,0,0,0,2,0,0,0,2316,-1,0,20,0,0,0,0,0,0,0,0,BENIGN
220.181.7.190-10.42.0.42-443-48005-6,10.42.0.42,48005,220.181.7.190,443,6,08/08/2017 02:58:26,4806704,2,0,0.0,0.0,0.0,0.0,0.0,0.0,0,0,0,0,0.0,0.4160855338710268,4806704.0,0.0,4806704.0,4806704.0,4806704.0,4806704.0,0.0,4806704.0,4806704.0,0,0,0,0,0,0,0,0,0,40,0,0.4160855338710268,0.0,0.0,0.0,0.0,0.0,0.0,0,0,0,0,1,1,0,0,0.0,0.0,0.0,0.0,40,0,0,0,0,0,0,2,0,0,0,1962,-1,0,20,0,0,0,0,0,0,0,0,BENIGN
220.181.7.190-10.42.0.42-443-48007-6,10.42.0.42,48007,220.181.7.190,443,6,08/08/2017 02:58:26,4806443,2,0,0.0,0.0,0.0,0.0,0.0,0.0,0,0,0,0,0.0,0.4161081281937599,4806443.0,0.0,4806443.0,4806443.0,4806443.0,4806443.0,0.0,4806443.0,4806443.0,0,0,0,0,0,0,0,0,0,40,0,0.4161081281937599,0.0,0.0,0.0,0.0,0.0,0.0,0,0,0,0,1,1,0,0,0.0,0.0,0.0,0.0,40,0,0,0,0,0,0,2,0,0,0,1419,-1,0,20,0,0,0,0,0,0,0,0,BENIGN
10.42.0.42-119.146.74.33-48024-443-6,10.42.0.42,48024,119.146.74.33,443,6,08/08/2017 02:58:26,4812743,2,0,0.0,0.0,0.0,0.0,0.0,0.0,0,0,0,0,0.0,0.4155634323295468,4812743.0,0.0,4812743.0,4812743.0,4812743.0,4812743.0,0.0,4812743.0,4812743.0,0,0,0,0,0,0,0,0,0,40,0,0.4155634323295468,0.0,0.0,0.0,0.0,0.0,0.0,0,0,0,0,1,1,0,0,0.0,0.0,0.0,0.0,40,0,0,0,0,0,0,2,0,0,0,2221,-1,0,20,0,0,0,0,0,0,0,0,BENIGN
10.42.0.42-119.146.74.33-48022-443-6,10.42.0.42,48022,119.146.74.33,443,6,08/08/2017 02:58:26,4812617,2,0,0.0,0.0,0.0,0.0,0.0,0.0,0,0,0,0,0.0,0.4155743122712653,4812617.0,0.0,4812617.0,4812617.0,4812617.0,4812617.0,0.0,4812617.0,4812617.0,0,0,0,0,0,0,0,0,0,40,0,0.4155743122712653,0.0,0.0,0.0,0.0,0.0,0.0,0,0,0,0,1,1,0,0,0.0,0.0,0.0,0.0,40,0,0,0,0,0,0,2,0,0,0,2902,-1,0,20,0,0,0,0,0,0,0,0,BENIGN
163.177.151.166-10.42.0.42-80-51909-6,10.42.0.42,51909,163.177.151.166,80,6,08/08/2017 02:58:23,8254537,2,0,0.0,0.0,0.0,0.0,0.0,0.0,0,0,0,0,0.0,0.24229099706016222,8254537.0,0.0,8254537.0,8254537.0,8254537.0,8254537.0,0.0,8254537.0,8254537.0,0,0,0,0,0,0,0,0,0,40,0,0.24229099706016222,0.0,0.0,0.0,0.0,0.0,0.0,0,0,0,0,1,1,0,0,0.0,0.0,0.0,0.0,40,0,0,0,0,0,0,2,0,0,0,1403,-1,0,20,0,0,0,0,0,0,0,0,BENIGN
10.42.0.42-123.125.29.220-44896-80-6,10.42.0.42,44896,123.125.29.220,80,6,08/08/2017 02:58:29,2127244,4,4,1393.0,197.0,1393.0,0.0,348.25,696.5,197.0,0.0,49.25,98.5,747.4459911509915,3.7607345466716557,303892.0,492001.9276534053,1374309.0,1132.0,1814661.0,604887.0,675188.7617340798,1376573.0,122839.0,1814162.0,604720.6666666667,702924.4628104313,1376476.0,1132.0,0,0,0,0,112,104,1.8803672733358279,1.8803672733358279,0.0,1393.0,176.66666666666666,460.75454419896937,212294.75,0,0,0,1,0,0,0,0,1.0,198.75,348.25,49.25,112,0,0,0,0,0,0,4,1393,4,197,65535,136,1,20,0,0,0,0,0,0,0,0,BENIGN
10.42.0.42-115.236.16.203-58083-443-6,10.42.0.42,58083,115.236.16.203,443,6,08/08/2017 02:58:28,3115610,7,8,1054.0,3041.0,490.0,0.0,150.57142857142856,201.79102816433402,1448.0,0.0,380.12499999999994,597.7747873811436,1314.3493569477566,4.814466508966141,222543.57142857145,459938.5739864893,1723534.0,5.0,2773329.0,462221.5,640799.9448597822,1723534.0,1233.0,2773972.0,396281.7142857143,756607.4988109125,2070634.0,5.0,0,0,0,0,232,264,2.2467510375175324,2.567715471448609,0.0,1448.0,255.9375,448.1263912112296,200817.2625,0,0,0,1,0,0,0,0,1.0,273.0,150.57142857142858,380.125,232,0,0,0,0,0,0,7,1054,8,3041,65535,36,3,32,0,0,0,0,0,0,0,0,BENIGN
10.42.0.42-115.236.16.203-58083-443-6,10.42.0.42,58083,115.236.16.203,443,6,08/08/2017 02:58:31,7828,2,0,0.0,0.0,0.0,0.0,0.0,0.0,0,0,0,0,0.0,255.49310168625448,7828.0,0.0,7828.0,7828.0,7828.0,7828.0,0.0,7828.0,7828.0,0,0,0,0,0,0,0,0,0,64,0,255.49310168625448,0.0,0.0,0.0,0.0,0.0,0.0,0,0,0,0,1,0,0,0,0.0,0.0,0.0,0.0,64,0,0,0,0,0,0,2,0,0,0,1505,-1,0,32,0,0,0,0,0,0,0,0,BENIGN
10.42.0.42-119.146.74.33-48021-443-6,10.42.0.42,48021,119.146.74.33,443,6,08/08/2017 02:58:26,5049812,2,0,0.0,0.0,0.0,0.0,0.0,0.0,0,0,0,0,0.0,0.3960543481618721,5049812.0,0.0,5049812.0,5049812.0,5049812.0,5049812.0,0.0,5049812.0,5049812.0,0,0,0,0,0,0,0,0,0,40,0,0.3960543481618721,0.0,0.0,0.0,0.0,0.0,0.0,0,0,0,0,1,1,0,0,0.0,0.0,0.0,0.0,40,0,0,0,0,0,0,2,0,0,0,2540,-1,0,20,0,0,0,0,0,0,0,0,BENIGN
10.42.0.42-113.108.216.233-44052-80-6,10.42.0.42,44052,113.108.216.233,80,6,08/08/2017 02:58:21,10469115,4,2,0.0,0.0,0.0,0.0,0.0,0.0,0.0,0.0,0.0,0.0,0.0,0.5731143463415962,2093823.0,3908693.432956018,9032488.0,3333.0,1.0469115E7,3489705.0,4823354.459945588,9032488.0,246174.0,1181054.0,1181054.0,0.0,1181054.0,1181054.0,0,0,0,0,112,64,0.38207623089439746,0.19103811544719873,0.0,0.0,0.0,0.0,0.0,0,0,0,1,0,0,0,0,0.0,0.0,0.0,0.0,112,0,0,0,0,0,0,4,0,2,0,65535,14600,0,20,0,0,0,0,0,0,0,0,BENIGN
10.42.0.42-123.125.29.220-44911-80-6,10.42.0.42,44911,123.125.29.220,80,6,08/08/2017 02:58:31,630523,3,3,1407.0,193.0,1407.0,0.0,469.0,812.3318287498034,193.0,0.0,64.33333333333333,111.42860195359776,2537.575948855157,9.515909808206839,126104.6,167664.2512904883,313137.0,264.0,315436.0,157718.0,222673.5822498933,315172.0,264.0,324223.0,162111.5,226502.56547001845,322273.0,1950.0,0,0,0,0,80,72,4.7579549041034195,4.7579549041034195,0.0,1407.0,228.57142857142856,524.592494908463,275197.28571428574,0,0,0,1,0,0,0,0,1.0,266.6666666666667,469.0,64.33333333333333,80,0,0,0,0,0,0,3,1407,3,193,65535,137,1,20,0,0,0,0,0,0,0,0,BENIGN
10.42.0.42-123.125.29.220-44912-80-6,10.42.0.42,44912,123.125.29.220,80,6,08/08/2017 02:58:31,709466,3,3,1425.0,193.0,1425.0,0.0,475.0,822.7241335952167,193.0,0.0,64.33333333333333,111.42860195359776,2280.5884989555525,8.45706489105891,141893.2,157273.01648788963,314047.0,2020.0,392560.0,196280.0,158619.6073693287,308441.0,84119.0,403045.0,201522.5,280952.6160485074,400186.0,2859.0,0,0,0,0,80,72,4.228532445529455,4.228532445529455,0.0,1425.0,231.14285714285714,531.3324221776259,282314.14285714284,0,0,0,1,0,0,0,0,1.0,269.6666666666667,475.0,64.33333333333333,80,0,0,0,0,0,0,3,1425,3,193,65535,137,1,20,0,0,0,0,0,0,0,0,BENIGN
10.42.0.42-123.125.29.220-44913-80-6,10.42.0.42,44913,123.125.29.220,80,6,08/08/2017 02:58:31,620135,3,3,1435.0,193.0,1435.0,0.0,478.3333333333333,828.4976362871129,193.0,0.0,64.33333333333333,111.42860195359776,2625.234827900377,9.675312633539471,124027.0,165046.03428134831,308336.0,666.0,309618.0,154809.0,217991.121144876,308952.0,666.0,318907.0,159453.5,222416.90248832258,316726.0,2181.0,0,0,0,0,80,72,4.837656316769736,4.837656316769736,0.0,1435.0,232.57142857142856,535.0775199734636,286307.95238095237,0,0,0,1,0,0,0,0,1.0,271.3333333333333,478.3333333333333,64.33333333333333,80,0,0,0,0,0,0,3,1435,3,193,65535,137,1,20,0,0,0,0,0,0,0,0,BENIGN
10.42.0.42-119.146.74.33-48025-443-6,10.42.0.42,48025,119.146.74.33,443,6,08/08/2017 02:58:27,5210055,2,0,0.0,0.0,0.0,0.0,0.0,0.0,0,0,0,0,0.0,0.38387310690578125,5210055.0,0.0,5210055.0,5210055.0,5210055.0,5210055.0,0.0,5210055.0,5210055.0,0,0,0,0,0,0,0,0,0,40,0,0.38387310690578125,0.0,0.0,0.0,0.0,0.0,0.0,0,0,0,0,1,1,0,0,0.0,0.0,0.0,0.0,40,0,0,0,0,0,0,2,0,0,0,2358,-1,0,20,0,0,0,0,0,0,0,0,BENIGN
10.42.0.42-119.146.74.33-48023-443-6,10.42.0.42,48023,119.146.74.33,443,6,08/08/2017 02:58:27,5210102,2,0,0.0,0.0,0.0,0.0,0.0,0.0,0,0,0,0,0.0,0.38386964401080825,5210102.0,0.0,5210102.0,5210102.0,5210102.0,5210102.0,0.0,5210102.0,5210102.0,0,0,0,0,0,0,0,0,0,40,0,0.38386964401080825,0.0,0.0,0.0,0.0,0.0,0.0,0,0,0,0,1,1,0,0,0.0,0.0,0.0,0.0,40,0,0,0,0,0,0,2,0,0,0,1681,-1,0,20,0,0,0,0,0,0,0,0,BENIGN
10.42.0.42-123.59.190.237-33201-80-6,10.42.0.42,33201,123.59.190.237,80,6,08/08/2017 02:58:22,10362406,3,1,0.0,0.0,0.0,0.0,0.0,0.0,0.0,0.0,0.0,0.0,0.0,0.3860107392047754,3454135.3333333335,5753587.129783847,1.0096098E7,2717.0,1.0362406E7,5181203.0,6950711.166639713,1.0096098E7,266308.0,0,0,0,0,0,0,0,0,0,80,24,0.28950805440358157,0.09650268480119385,0.0,0.0,0.0,0.0,0.0,0,0,0,1,0,0,0,0,0.0,0.0,0.0,0.0,80,0,0,0,0,0,0,3,0,1,0,65535,8190,0,20,0,0,0,0,0,0,0,0,BENIGN
10.42.0.42-119.146.74.33-48026-443-6,10.42.0.42,48026,119.146.74.33,443,6,08/08/2017 02:58:27,5304221,2,0,0.0,0.0,0.0,0.0,0.0,0.0,0,0,0,0,0.0,0.37705819572751587,5304221.0,0.0,5304221.0,5304221.0,5304221.0,5304221.0,0.0,5304221.0,5304221.0,0,0,0,0,0,0,0,0,0,40,0,0.37705819572751587,0.0,0.0,0.0,0.0,0.0,0.0,0,0,0,0,1,1,0,0,0.0,0.0,0.0,0.0,40,0,0,0,0,0,0,2,0,0,0,1594,-1,0,20,0,0,0,0,0,0,0,0,BENIGN
10.42.0.42-123.125.29.220-44914-80-6,10.42.0.42,44914,123.125.29.220,80,6,08/08/2017 02:58:32,619156,3,3,1407.0,193.0,1407.0,0.0,469.0,812.3318287498034,193.0,0.0,64.33333333333333,111.42860195359776,2584.162957316088,9.69061108993533,123831.2,167647.41229795347,312156.0,693.0,315058.0,157529.0,221799.59826834674,314365.0,693.0,307000.0,153500.0,215145.72345738133,305631.0,1369.0,0,0,0,0,80,72,4.845305544967665,4.845305544967665,0.0,1407.0,228.57142857142856,524.592494908463,275197.28571428574,0,0,0,1,0,0,0,0,1.0,266.6666666666667,469.0,64.33333333333333,80,0,0,0,0,0,0,3,1407,3,193,65535,137,1,20,0,0,0,0,0,0,0,0,BENIGN
183.136.237.235-10.42.0.42-80-53045-6,10.42.0.42,53045,183.136.237.235,80,6,08/08/2017 02:58:27,5826289,2,2,0.0,0.0,0.0,0.0,0.0,0.0,0.0,0.0,0.0,0.0,0.0,0.6865433554703517,1942096.3333333333,3013239.37072801,5413477.0,2081.0,412812.0,412812.0,0.0,412812.0,412812.0,5415558.0,5415558.0,0.0,5415558.0,5415558.0,0,0,0,0,60,44,0.34327167773517586,0.34327167773517586,0.0,0.0,0.0,0.0,0.0,0,0,0,1,0,0,0,0,1.0,0.0,0.0,0.0,60,0,0,0,0,0,0,2,0,2,0,65535,14600,0,20,0,0,0,0,0,0,0,0,BENIGN
163.177.151.166-10.42.0.42-443-58298-6,10.42.0.42,58298,163.177.151.166,443,6,08/08/2017 02:58:23,8900422,2,0,0.0,0.0,0.0,0.0,0.0,0.0,0,0,0,0,0.0,0.22470844640849613,8900422.0,0.0,8900422.0,8900422.0,8900422.0,8900422.0,0.0,8900422.0,8900422.0,0,0,0,0,0,0,0,0,0,40,0,0.22470844640849613,0.0,0.0,0.0,0.0,0.0,0.0,0,0,0,0,1,1,0,0,0.0,0.0,0.0,0.0,40,0,0,0,0,0,0,2,0,0,0,1369,-1,0,20,0,0,0,0,0,0,0,0,BENIGN
183.136.237.235-10.42.0.42-80-53045-6,10.42.0.42,53045,183.136.237.235,80,6,08/08/2017 02:58:32,20434,2,0,0.0,0.0,0.0,0.0,0.0,0.0,0,0,0,0,0.0,97.87608887148869,20434.0,0.0,20434.0,20434.0,20434.0,20434.0,0.0,20434.0,20434.0,0,0,0,0,0,0,0,0,0,40,0,97.87608887148869,0.0,0.0,0.0,0.0,0.0,0.0,0,0,0,0,1,0,0,0,0.0,0.0,0.0,0.0,40,0,0,0,0,0,0,2,0,0,0,65535,-1,0,20,0,0,0,0,0,0,0,0,BENIGN
174.35.73.93-10.42.0.42-80-48664-6,10.42.0.42,48664,174.35.73.93,80,6,08/08/2017 02:58:26,6944708,7,7,688.0,3506.0,688.0,0.0,98.28571428571428,260.03955743034834,1448.0,0.0,500.8571428571428,574.8482201333463,603.9130802907767,2.015923491671644,534208.3076923077,1909208.9632171132,6888380.0,2.0,56328.0,9388.0,13642.147382285531,28664.0,2.0,6921782.0,1153630.3333333335,2811316.653911307,6892169.0,4.0,0,0,0,0,244,232,1.007961745835822,1.007961745835822,0.0,1448.0,279.6,465.9406461281155,217100.68571428573,0,0,0,1,0,0,0,0,1.0,299.57142857142856,98.28571428571429,500.85714285714283,244,0,0,0,0,0,0,7,688,7,3506,65535,674,1,32,0,0,0,0,0,0,0,0,BENIGN
174.35.73.93-10.42.0.42-80-48664-6,10.42.0.42,48664,174.35.73.93,80,6,08/08/2017 02:58:33,15381,1,1,0.0,0.0,0.0,0.0,0.0,0.0,0.0,0.0,0.0,0.0,0.0,130.0305571809375,15381.0,0.0,15381.0,15381.0,0,0,0,0,0,0,0,0,0,0,0,0,0,0,32,32,65.01527859046875,65.01527859046875,0.0,0.0,0.0,0.0,0.0,0,0,0,0,1,0,0,0,1.0,0.0,0.0,0.0,32,0,0,0,0,0,0,1,0,1,0,1476,674,0,32,0,0,0,0,0,0,0,0,BENIGN
220.170.182.31-10.42.0.42-443-41858-6,10.42.0.42,41858,220.170.182.31,443,6,08/08/2017 02:58:27,5610150,2,0,0.0,0.0,0.0,0.0,0.0,0.0,0,0,0,0,0.0,0.35649670686167034,5610150.0,0.0,5610150.0,5610150.0,5610150.0,5610150.0,0.0,5610150.0,5610150.0,0,0,0,0,0,0,0,0,0,40,0,0.35649670686167034,0.0,0.0,0.0,0.0,0.0,0.0,0,0,0,0,1,1,0,0,0.0,0.0,0.0,0.0,40,0,0,0,0,0,0,2,0,0,0,2590,-1,0,20,0,0,0,0,0,0,0,0,BENIGN
10.42.0.42-119.146.74.33-48031-443-6,10.42.0.42,48031,119.146.74.33,443,6,08/08/2017 02:58:27,5618882,2,0,0.0,0.0,0.0,0.0,0.0,0.0,0,0,0,0,0.0,0.3559426946499321,5618882.0,0.0,5618882.0,5618882.0,5618882.0,5618882.0,0.0,5618882.0,5618882.0,0,0,0,0,0,0,0,0,0,40,0,0.3559426946499321,0.0,0.0,0.0,0.0,0.0,0.0,0,0,0,0,1,1,0,0,0.0,0.0,0.0,0.0,40,0,0,0,0,0,0,2,0,0,0,1860,-1,0,20,0,0,0,0,0,0,0,0,BENIGN
220.170.182.31-10.42.0.42-443-41867-6,10.42.0.42,41867,220.170.182.31,443,6,08/08/2017 02:58:27,5770319,2,0,0.0,0.0,0.0,0.0,0.0,0.0,0,0,0,0,0.0,0.3466012884209695,5770319.0,0.0,5770319.0,5770319.0,5770319.0,5770319.0,0.0,5770319.0,5770319.0,0,0,0,0,0,0,0,0,0,40,0,0.3466012884209695,0.0,0.0,0.0,0.0,0.0,0.0,0,0,0,0,1,1,0,0,0.0,0.0,0.0,0.0,40,0,0,0,0,0,0,2,0,0,0,1594,-1,0,20,0,0,0,0,0,0,0,0,BENIGN
174.35.73.93-10.42.0.42-80-48664-6,10.42.0.42,48664,174.35.73.93,80,6,08/08/2017 02:58:33,517622,2,0,0.0,0.0,0.0,0.0,0.0,0.0,0,0,0,0,0.0,3.863823407814969,517622.0,0.0,517622.0,517622.0,517622.0,517622.0,0.0,517622.0,517622.0,0,0,0,0,0,0,0,0,0,76,0,3.863823407814969,0.0,0.0,0.0,0.0,0.0,0.0,0,0,0,0,1,0,0,0,0.0,0.0,0.0,0.0,76,0,0,0,0,0,0,2,0,0,0,1476,-1,0,32,0,0,0,0,0,0,0,0,BENIGN
180.149.135.239-10.42.0.42-80-55687-6,10.42.0.42,55687,180.149.135.239,80,6,08/08/2017 02:58:23,10285371,4,2,0.0,0.0,0.0,0.0,0.0,0.0,0.0,0.0,0.0,0.0,0.0,0.5833528027331246,2057074.2,3804319.4165734425,8801677.0,2172.0,1.0285371E7,3428457.0,4679921.443142075,8801677.0,243806.0,1235543.0,1235543.0,0.0,1235543.0,1235543.0,0,0,0,0,112,64,0.3889018684887497,0.19445093424437485,0.0,0.0,0.0,0.0,0.0,0,0,0,1,0,0,0,0,0.0,0.0,0.0,0.0,112,0,0,0,0,0,0,4,0,2,0,65535,14600,0,20,0,0,0,0,0,0,0,0,BENIGN
219.142.78.162-10.42.0.42-80-49444-6,10.42.0.42,49444,219.142.78.162,80,6,08/08/2017 02:58:31,3019931,4,4,571.0,325.0,571.0,0.0,142.75,285.5,325.0,0.0,81.25,162.5,296.6955205267935,2.649067147560656,431418.71428571426,576973.3431452775,1392222.0,1145.0,2758786.0,919595.3333333334,591611.760158073,1392222.0,256114.0,2765832.0,921944.0,840768.8730893884,1651874.0,2638.0,0,0,0,0,112,104,1.324533573780328,1.324533573780328,0.0,571.0,99.55555555555556,206.90100961033946,42808.02777777778,0,0,0,1,0,0,0,0,1.0,112.0,142.75,81.25,112,0,0,0,0,0,0,4,571,4,325,65535,123,1,20,0,0,0,0,0,0,0,0,BENIGN
219.142.78.162-10.42.0.42-80-49452-6,10.42.0.42,49452,219.142.78.162,80,6,08/08/2017 02:58:33,538845,3,3,656.0,317.0,656.0,0.0,218.66666666666666,378.7417765883945,317.0,0.0,105.66666666666667,183.02003533311137,1805.7140736204287,11.134927483784761,107769.0,135763.03355847645,258408.0,2953.0,281726.0,140863.0,170824.27041260852,261654.0,20072.0,280437.0,140218.5,194122.73174592407,277484.0,2953.0,0,0,0,0,80,72,5.5674637418923805,5.5674637418923805,0.0,656.0,139.0,256.76772902112657,65929.66666666667,0,0,0,1,0,0,0,0,1.0,162.16666666666666,218.66666666666666,105.66666666666667,80,0,0,0,0,0,0,3,656,3,317,65535,125,1,20,0,0,0,0,0,0,0,0,BENIGN
203.90.242.126-10.42.0.42-80-54552-6,10.42.0.42,54552,203.90.242.126,80,6,08/08/2017 02:58:24,10950835,3,1,0.0,0.0,0.0,0.0,0.0,0.0,0.0,0.0,0.0,0.0,0.0,0.36526894981067654,3650278.3333333335,6119977.579417455,1.0715763E7,2122.0,1.0950835E7,5475417.5,7410967.677620818,1.0715763E7,235072.0,0,0,0,0,0,0,0,0,0,104,40,0.2739517123580074,0.09131723745266913,0.0,0.0,0.0,0.0,0.0,0,0,0,1,0,0,0,0,0.0,0.0,0.0,0.0,104,0,0,0,0,0,0,3,0,1,0,65535,28960,0,32,0,0,0,0,0,0,0,0,BENIGN
10.42.0.42-123.59.190.251-54531-80-6,10.42.0.42,54531,123.59.190.251,80,6,08/08/2017 02:58:24,10697043,3,1,0.0,0.0,0.0,0.0,0.0,0.0,0.0,0.0,0.0,0.0,0.0,0.37393511459194845,3565681.0,5948884.914108441,1.043323E7,2254.0,1.0697043E7,5348521.5,7190863.721413757,1.043323E7,263813.0,0,0,0,0,0,0,0,0,0,80,24,0.2804513359439613,0.09348377864798711,0.0,0.0,0.0,0.0,0.0,0,0,0,1,0,0,0,0,0.0,0.0,0.0,0.0,80,0,0,0,0,0,0,3,0,1,0,65535,8190,0,20,0,0,0,0,0,0,0,0,BENIGN
203.90.242.126-10.42.0.42-80-54552-6,203.90.242.126,80,10.42.0.42,54552,6,08/08/2017 02:58:35,8,2,0,0.0,0.0,0.0,0.0,0.0,0.0,0,0,0,0,0.0,250000.0,8.0,0.0,8.0,8.0,8.0,8.0,0.0,8.0,8.0,0,0,0,0,0,0,0,0,0,64,0,250000.0,0.0,0.0,0.0,0.0,0.0,0.0,0,0,0,0,1,0,0,0,0.0,0.0,0.0,0.0,64,0,0,0,0,0,0,2,0,0,0,227,-1,0,32,0,0,0,0,0,0,0,0,BENIGN
10.42.0.42-23.208.87.120-36722-80-6,10.42.0.42,36722,23.208.87.120,80,6,08/08/2017 02:58:25,10095631,3,1,0.0,0.0,0.0,0.0,0.0,0.0,0.0,0.0,0.0,0.0,0.0,0.3962109946371852,3365210.3333333335,5806795.2318667425,1.0070309E7,2184.0,1.0095631E7,5047815.5,7102878.424630715,1.0070309E7,25322.0,0,0,0,0,0,0,0,0,0,104,40,0.29715824597788887,0.0990527486592963,0.0,0.0,0.0,0.0,0.0,0,0,0,1,0,0,0,0,0.0,0.0,0.0,0.0,104,0,0,0,0,0,0,3,0,1,0,65535,28960,0,32,0,0,0,0,0,0,0,0,BENIGN
157.240.2.20-10.42.0.42-443-38288-6,10.42.0.42,38288,157.240.2.20,443,6,08/08/2017 02:58:05,30786912,2,0,0.0,0.0,0.0,0.0,0.0,0.0,0,0,0,0,0.0,0.06496266985139659,3.0786912E7,0.0,3.0786912E7,3.0786912E7,3.0786912E7,3.0786912E7,0.0,3.0786912E7,3.0786912E7,0,0,0,0,0,0,0,0,0,64,0,0.06496266985139659,0.0,0.0,0.0,0.0,0.0,0.0,0,0,0,0,1,1,0,0,0.0,0.0,0.0,0.0,64,0,0,0,0,0,0,2,0,0,0,1547,-1,0,32,0,0,0,0,0,0,0,0,BENIGN
219.146.248.94-10.42.0.42-80-52858-6,10.42.0.42,52858,219.146.248.94,80,6,08/08/2017 02:58:25,10354822,3,1,0.0,0.0,0.0,0.0,0.0,0.0,0.0,0.0,0.0,0.0,0.0,0.38629345825548717,3451607.3333333335,5705134.215120302,1.003696E7,5947.0,1.0354822E7,5177411.0,6872440.1028166115,1.003696E7,317862.0,0,0,0,0,0,0,0,0,0,80,32,0.28972009369161533,0.09657336456387179,0.0,0.0,0.0,0.0,0.0,0,0,0,1,0,0,0,0,0.0,0.0,0.0,0.0,80,0,0,0,0,0,0,3,0,1,0,65535,14600,0,20,0,0,0,0,0,0,0,0,BENIGN
163.177.151.166-10.42.0.42-443-58297-6,10.42.0.42,58297,163.177.151.166,443,6,08/08/2017 02:58:29,7462794,2,0,0.0,0.0,0.0,0.0,0.0,0.0,0,0,0,0,0.0,0.26799614192754084,7462794.0,0.0,7462794.0,7462794.0,7462794.0,7462794.0,0.0,7462794.0,7462794.0,0,0,0,0,0,0,0,0,0,40,0,0.26799614192754084,0.0,0.0,0.0,0.0,0.0,0.0,0,0,0,0,1,1,0,0,0.0,0.0,0.0,0.0,40,0,0,0,0,0,0,2,0,0,0,1643,-1,0,20,0,0,0,0,0,0,0,0,BENIGN
10.42.0.42-104.192.110.245-34015-443-6,10.42.0.42,34015,104.192.110.245,443,6,08/08/2017 02:58:36,272393,9,6,333.0,4980.0,207.0,0.0,37.0,76.16101364871662,1460.0,0.0,830.0,724.0718196422231,19504.906513750353,55.06749439229349,19456.642857142862,33120.22620604456,94392.0,1.0,272393.0,34049.125,42203.25133188369,103283.0,2.0,121047.0,24209.4,51549.85954685037,116363.0,1.0,0,0,0,0,200,132,33.040496635376094,22.026997756917396,0.0,1460.0,332.06250000000006,580.1882991753625,336618.4625,0,0,0,1,0,0,0,0,0.0,354.2,37.0,830.0,200,0,0,0,0,0,0,9,333,6,4980,65535,31,2,20,0,0,0,0,0,0,0,0,BENIGN
10.42.0.42-104.192.110.245-34015-443-6,104.192.110.245,443,10.42.0.42,34015,6,08/08/2017 02:58:36,29769,3,2,327.0,0.0,258.0,0.0,109.0,133.57020625873122,0.0,0.0,0.0,0.0,10984.581275823843,167.95995834593032,7442.25,13330.952288440112,27378.0,5.0,29769.0,14884.5,21042.79070133047,29764.0,5.0,123.0,123.0,0.0,123.0,123.0,1,0,0,0,60,40,100.7759750075582,67.18398333837213,0.0,258.0,97.5,127.1624944706575,16170.3,0,1,0,0,1,0,0,0,0.0,117.0,109.0,0.0,60,0,0,0,0,0,0,3,327,2,0,31,0,1,20,0,0,0,0,0,0,0,0,BENIGN
10.42.0.42-14.29.93.254-54386-80-6,10.42.0.42,54386,14.29.93.254,80,6,08/08/2017 02:58:36,577767,5,3,533.0,438.0,533.0,0.0,106.6,238.3648464014776,438.0,0.0,146.0,252.87941790505607,1680.6082728850902,13.846412134995594,82538.14285714287,112833.64668163566,244485.0,2077.0,577767.0,144441.75,126109.18518325037,256802.0,7489.0,263743.0,131871.5,172787.90594396356,254051.0,9692.0,0,0,0,0,120,64,8.654007584372247,5.192404550623348,0.0,533.0,107.88888888888889,215.39872588089074,46396.61111111111,0,0,0,1,0,0,0,0,0.0,121.375,106.6,146.0,120,0,0,0,0,0,0,5,533,3,438,65535,8190,1,20,0,0,0,0,0,0,0,0,BENIGN
183.61.27.21-10.42.0.42-443-33295-6,10.42.0.42,33295,183.61.27.21,443,6,08/08/2017 02:58:26,10312713,4,2,0.0,0.0,0.0,0.0,0.0,0.0,0.0,0.0,0.0,0.0,0.0,0.5818061648763037,2062542.6,4382690.5757756615,9900261.0,2135.0,1.0312713E7,3437571.0,5597025.381572876,9900261.0,162390.0,162410.0,162410.0,0.0,162410.0,162410.0,0,0,0,0,112,64,0.38787077658420244,0.19393538829210122,0.0,0.0,0.0,0.0,0.0,0,0,0,1,0,0,0,0,0.0,0.0,0.0,0.0,112,0,0,0,0,0,0,4,0,2,0,65535,14600,0,20,0,0,0,0,0,0,0,0,BENIGN
183.61.27.21-10.42.0.42-443-33295-6,183.61.27.21,443,10.42.0.42,33295,6,08/08/2017 02:58:37,5132,2,0,0.0,0.0,0.0,0.0,0.0,0.0,0,0,0,0,0.0,389.7116134060795,5132.0,0.0,5132.0,5132.0,5132.0,5132.0,0.0,5132.0,5132.0,0,0,0,0,0,0,0,0,0,40,0,389.7116134060795,0.0,0.0,0.0,0.0,0.0,0.0,0,0,0,0,1,0,0,0,0.0,0.0,0.0,0.0,40,0,0,0,0,0,0,2,0,0,0,58,-1,0,20,0,0,0,0,0,0,0,0,BENIGN
10.42.0.42-119.146.74.34-53043-80-6,10.42.0.42,53043,119.146.74.34,80,6,08/08/2017 02:58:26,10388756,5,6,871.0,1309.0,871.0,0.0,174.2,389.52304168046334,1309.0,0.0,218.16666666666669,534.3970122171967,209.84225637795322,1.0588370734667365,1038875.6,3033804.4741511606,9668293.0,6.0,1.0129141E7,2532285.25,4757966.425757779,9668293.0,97388.0,1.0130332E7,2026066.4,4418195.278961569,9929072.0,6.0,0,0,0,0,144,156,0.4812895788485166,0.5775474946182199,0.0,1309.0,181.66666666666669,434.43680016008466,188735.33333333334,0,0,0,1,0,0,0,0,1.0,198.1818181818182,174.2,218.16666666666666,144,0,0,0,0,0,0,5,871,6,1309,65535,4489,1,20,460848.0,0.0,460848.0,460848.0,9668293.0,0.0,9668293.0,9668293.0,BENIGN
10.42.0.42-119.146.74.34-53043-80-6,10.42.0.42,53043,119.146.74.34,80,6,08/08/2017 02:58:37,2338,2,0,0.0,0.0,0.0,0.0,0.0,0.0,0,0,0,0,0.0,855.4319931565441,2338.0,0.0,2338.0,2338.0,2338.0,2338.0,0.0,2338.0,2338.0,0,0,0,0,0,0,0,0,0,40,0,855.4319931565441,0.0,0.0,0.0,0.0,0.0,0.0,0,0,0,0,1,0,0,0,0.0,0.0,0.0,0.0,40,0,0,0,0,0,0,2,0,0,0,1415,-1,0,20,0,0,0,0,0,0,0,0,BENIGN
10.42.0.42-123.125.29.138-57625-80-6,10.42.0.42,57625,123.125.29.138,80,6,08/08/2017 02:58:36,621310,3,4,607.0,526.0,607.0,0.0,202.33333333333334,350.45161339810284,521.0,0.0,131.5,259.67736392171986,1823.5663356456519,11.266517519434743,103551.66666666667,158108.54569524908,310947.0,5.0,307582.0,153791.0,216933.2894002209,307186.0,396.0,316966.0,105655.33333333334,180597.30346916404,314185.0,5.0,0,0,0,0,80,84,4.828507508329175,6.438010011105567,0.0,607.0,141.625,261.712458080019,68493.41071428571,0,0,0,1,0,0,0,0,1.0,161.85714285714286,202.33333333333334,131.5,80,0,0,0,0,0,0,3,607,4,526,65535,15782,1,20,0,0,0,0,0,0,0,0,BENIGN
10.42.0.42-123.125.29.138-57625-80-6,10.42.0.42,57625,123.125.29.138,80,6,08/08/2017 02:58:37,2694,2,0,0.0,0.0,0.0,0.0,0.0,0.0,0,0,0,0,0.0,742.3904974016332,2694.0,0.0,2694.0,2694.0,2694.0,2694.0,0.0,2694.0,2694.0,0,0,0,0,0,0,0,0,0,40,0,742.3904974016332,0.0,0.0,0.0,0.0,0.0,0.0,0,0,0,0,1,0,0,0,0.0,0.0,0.0,0.0,40,0,0,0,0,0,0,2,0,0,0,65535,-1,0,20,0,0,0,0,0,0,0,0,BENIGN
10.42.0.42-119.146.74.49-33620-443-6,10.42.0.42,33620,119.146.74.49,443,6,08/08/2017 02:58:27,10568540,5,3,0.0,0.0,0.0,0.0,0.0,0.0,0.0,0.0,0.0,0.0,0.0,0.7569635919436365,1509791.4285714286,3793635.6573459473,1.0110515E7,1946.0,1.056854E7,2642135.0,4979448.562870458,1.0110515E7,100312.0,202763.0,101381.5,1816.5573208682406,102666.0,100097.0,0,0,0,0,144,96,0.47310224496477277,0.28386134697886367,0.0,0.0,0.0,0.0,0.0,0,0,0,1,0,0,0,0,0.0,0.0,0.0,0.0,144,0,0,0,0,0,0,5,0,3,0,65535,65535,0,20,0,0,0,0,0,0,0,0,BENIGN
10.42.0.42-119.146.74.49-33620-443-6,119.146.74.49,443,10.42.0.42,33620,6,08/08/2017 02:58:38,236,2,0,0.0,0.0,0.0,0.0,0.0,0.0,0,0,0,0,0.0,8474.57627118644,236.0,0.0,236.0,236.0,236.0,236.0,0.0,236.0,236.0,0,0,0,0,0,0,0,0,0,40,0,8474.57627118644,0.0,0.0,0.0,0.0,0.0,0.0,0,0,0,0,1,0,0,0,0.0,0.0,0.0,0.0,40,0,0,0,0,0,0,2,0,0,0,4380,-1,0,20,0,0,0,0,0,0,0,0,BENIGN
180.149.153.68-10.42.0.42-80-54908-6,10.42.0.42,54908,180.149.153.68,80,6,08/08/2017 02:58:17,20927815,8,7,1961.0,2712.0,796.0,0.0,245.12499999999997,348.1138719688471,1448.0,0.0,387.42857142857144,519.5504008733119,223.2913469466354,0.716749455210685,1494843.9285714286,3132565.9893060504,9997870.0,3.0,1.0929945E7,1561420.7142857143,2643470.3041571267,7228949.0,176.0,2.0684309E7,3447384.8333333335,4301389.85147533,1.0000108E7,3.0,0,0,0,0,264,232,0.3822663761123653,0.33448307909831965,0.0,1448.0,292.0625,419.0836780007863,175631.1291666667,0,0,0,1,0,0,0,0,0.0,311.53333333333336,245.125,387.42857142857144,264,0,0,0,0,0,0,8,1961,7,2712,65535,147,3,32,3454584.0,0.0,3454584.0,3454584.0,7228949.0,0.0,7228949.0,7228949.0,BENIGN
180.149.153.68-10.42.0.42-80-54908-6,10.42.0.42,54908,180.149.153.68,80,6,08/08/2017 02:58:38,14950,2,0,0.0,0.0,0.0,0.0,0.0,0.0,0,0,0,0,0.0,133.77926421404683,14950.0,0.0,14950.0,14950.0,14950.0,14950.0,0.0,14950.0,14950.0,0,0,0,0,0,0,0,0,0,64,0,133.77926421404683,0.0,0.0,0.0,0.0,0.0,0.0,0,0,0,0,1,0,0,0,0.0,0.0,0.0,0.0,64,0,0,0,0,0,0,2,0,0,0,1550,-1,0,32,0,0,0,0,0,0,0,0,BENIGN
222.73.28.96-10.42.0.42-80-36800-6,10.42.0.42,36800,222.73.28.96,80,6,08/08/2017 02:58:28,10449883,3,1,0.0,0.0,0.0,0.0,0.0,0.0,0.0,0.0,0.0,0.0,0.0,0.3827794052813797,3483294.3333333335,5713197.5467416085,1.0077217E7,10936.0,1.0449883E7,5224941.5,6862153.820470691,1.0077217E7,372666.0,0,0,0,0,0,0,0,0,0,80,32,0.28708455396103477,0.09569485132034493,0.0,0.0,0.0,0.0,0.0,0,0,0,1,0,0,0,0,0.0,0.0,0.0,0.0,80,0,0,0,0,0,0,3,0,1,0,65535,14600,0,20,0,0,0,0,0,0,0,0,BENIGN
180.149.136.247-10.42.0.42-80-33969-6,10.42.0.42,33969,180.149.136.247,80,6,08/08/2017 02:58:38,543629,3,3,587.0,555.0,587.0,0.0,195.66666666666666,338.9046080143103,555.0,0.0,185.0,320.4293994002423,2100.6973505828423,11.036938794655914,108725.8,146442.5296752962,269687.0,1363.0,273411.0,136705.5,191403.1990654806,272048.0,1363.0,273942.0,136971.0,191420.87673501027,272326.0,1616.0,0,0,0,0,80,72,5.518469397327957,5.518469397327957,0.0,587.0,163.14285714285717,278.7725647497308,77714.14285714286,0,0,0,1,0,0,0,0,1.0,190.33333333333334,195.66666666666666,185.0,80,0,0,0,0,0,0,3,587,3,555,65535,124,1,20,0,0,0,0,0,0,0,0,BENIGN
180.149.136.247-10.42.0.42-80-33970-6,10.42.0.42,33970,180.149.136.247,80,6,08/08/2017 02:58:38,543660,3,3,556.0,552.0,556.0,0.0,185.33333333333334,321.00674966943194,552.0,0.0,184.0,318.69734859267345,2038.0384799323106,11.036309458117206,108732.0,146598.37077027836,269805.0,1526.0,273295.0,136647.5,190841.7562812185,271593.0,1702.0,273855.0,136927.5,191486.63766566062,272329.0,1526.0,0,0,0,0,80,72,5.518154729058603,5.518154729058603,0.0,556.0,158.28571428571428,270.3267863689639,73076.57142857143,0,0,0,1,0,0,0,0,1.0,184.66666666666666,185.33333333333334,184.0,80,0,0,0,0,0,0,3,556,3,552,65535,123,1,20,0,0,0,0,0,0,0,0,BENIGN
180.149.136.247-10.42.0.42-80-33969-6,180.149.136.247,80,10.42.0.42,33969,6,08/08/2017 02:58:39,14532,1,3,1460.0,0.0,1460.0,1460.0,1460.0,0.0,0.0,0.0,0.0,0.0,100467.93283787504,275.25461051472615,4844.0,3765.099334678967,8768.0,1261.0,0,0,0,0,0,10029.0,5014.5,5308.250606367412,8768.0,1261.0,0,0,0,0,20,72,68.81365262868154,206.4409578860446,0.0,1460.0,584.0,799.6749339575425,639480.0,0,0,0,0,1,0,0,0,3.0,730.0,1460.0,0.0,20,0,0,0,0,0,0,1,1460,3,0,124,1415,0,20,0,0,0,0,0,0,0,0,BENIGN
180.149.136.247-10.42.0.42-80-33970-6,180.149.136.247,80,10.42.0.42,33970,6,08/08/2017 02:58:39,26634,1,3,1460.0,0.0,1460.0,1460.0,1460.0,0.0,0.0,0.0,0.0,0.0,54817.15100998723,150.18397536982803,8878.0,11027.609940508415,21223.0,2.0,0,0,0,0,0,21225.0,10612.5,15005.513003559725,21223.0,2.0,0,0,0,0,20,72,37.54599384245701,112.63798152737102,0.0,1460.0,584.0,799.6749339575425,639480.0,0,0,0,0,1,0,0,0,3.0,730.0,1460.0,0.0,20,0,0,0,0,0,0,1,1460,3,0,123,1415,0,20,0,0,0,0,0,0,0,0,BENIGN
10.42.0.42-36.51.254.232-48439-443-6,10.42.0.42,48439,36.51.254.232,443,6,08/08/2017 02:58:28,10475543,7,9,524.0,5304.0,318.0,0.0,74.85714285714286,131.86789926719413,1460.0,0.0,589.3333333333334,684.8633075293201,556.3434754647086,1.5273671255036612,698369.5333333334,2494548.5079286355,9708986.0,2.0,766331.0,127721.83333333333,138348.7989935824,279801.0,142.0,1.0238969E7,1279871.125,3424683.7384251757,9751166.0,2.0,0,0,0,0,160,192,0.6682231174078518,0.8591440080958095,0.0,1460.0,342.8235294117647,560.3408823312509,313981.90441176476,0,0,0,1,0,0,0,0,1.0,364.25,74.85714285714286,589.3333333333334,160,0,0,0,0,0,0,7,524,9,5304,65535,131,2,20,766331.0,0.0,766331.0,766331.0,9708986.0,0.0,9708986.0,9708986.0,BENIGN
219.142.78.162-10.42.0.42-80-49494-6,10.42.0.42,49494,219.142.78.162,80,6,08/08/2017 02:58:38,548174,3,3,656.0,317.0,656.0,0.0,218.66666666666666,378.7417765883945,317.0,0.0,105.66666666666667,183.02003533311137,1774.9838554911396,10.94542973581381,109634.8,134818.25852494905,258299.0,2570.0,290227.0,145113.5,163702.9980192788,260869.0,29358.0,289875.0,144937.5,201315.42192415363,287289.0,2586.0,0,0,0,0,80,72,5.472714867906905,5.472714867906905,0.0,656.0,139.0,256.76772902112657,65929.66666666667,0,0,0,1,0,0,0,0,1.0,162.16666666666666,218.66666666666666,105.66666666666667,80,0,0,0,0,0,0,3,656,3,317,65535,125,1,20,0,0,0,0,0,0,0,0,BENIGN
10.42.0.42-36.51.254.232-48443-443-6,10.42.0.42,48443,36.51.254.232,443,6,08/08/2017 02:58:28,10268536,3,1,0.0,0.0,0.0,0.0,0.0,0.0,0.0,0.0,0.0,0.0,0.0,0.3895394630743857,3422845.3333333335,5722507.436739103,1.0029263E7,3337.0,1.0268536E7,5134268.0,6922568.316748489,1.0029263E7,239273.0,0,0,0,0,0,0,0,0,0,80,32,0.2921545973057893,0.09738486576859642,0.0,0.0,0.0,0.0,0.0,0,0,0,1,0,0,0,0,0.0,0.0,0.0,0.0,80,0,0,0,0,0,0,3,0,1,0,65535,14600,0,20,0,0,0,0,0,0,0,0,BENIGN
183.232.231.30-10.42.0.42-80-32938-6,10.42.0.42,32938,183.232.231.30,80,6,08/08/2017 02:57:14,85552113,5,6,674.0,4073.0,674.0,0.0,134.8,301.4219633669716,1460.0,0.0,678.8333333333334,752.0267060860716,55.48664823743161,0.12857660219333214,8555211.3,2.6357484969104394E7,8.3559368E7,2.0,1992745.0,498186.25,638302.4799682228,1437834.0,11690.0,8.5284232E7,1.70568464E7,3.718258162104372E7,8.3562624E7,2.0,0,0,0,0,132,140,0.05844391008787825,0.07013269210545389,0.0,1460.0,395.58333333333337,615.6335182459438,379004.62878787884,0,0,0,1,0,0,0,0,1.0,431.54545454545456,134.8,678.8333333333334,132,0,0,0,0,0,0,5,674,6,4073,65535,504,1,20,0,0,0,0,0,0,0,0,BENIGN
180.149.138.210-10.42.0.42-80-40788-6,10.42.0.42,40788,180.149.138.210,80,6,08/08/2017 02:58:38,1732314,5,4,1322.0,52.0,661.0,0.0,264.4,362.04461051091477,52.0,0.0,13.0,26.0,793.1587460471948,5.195362965374638,216539.25,370019.6345754603,1095217.0,2107.0,1446468.0,361617.0,501229.0251697987,1097324.0,41505.0,1478573.0,492857.6666666666,581105.2216185408,1145418.0,31274.0,0,0,0,0,132,104,2.8863127585414654,2.3090502068331724,0.0,661.0,137.4,276.4373346709883,76417.6,0,0,0,1,0,0,0,0,0.0,152.66666666666666,264.4,13.0,132,0,0,0,0,0,0,5,1322,4,52,65535,125,2,20,0,0,0,0,0,0,0,0,BENIGN
180.149.138.210-10.42.0.42-80-40788-6,180.149.138.210,80,10.42.0.42,40788,6,08/08/2017 02:58:40,4533,1,3,1460.0,0.0,1460.0,1460.0,1460.0,0.0,0.0,0.0,0.0,0.0,322082.50606662256,882.4178248400618,1511.0,517.9700763557679,1875.0,918.0,0,0,0,0,0,2793.0,1396.5,676.701189595526,1875.0,918.0,0,0,0,0,20,72,220.60445621001546,661.8133686300464,0.0,1460.0,584.0,799.6749339575425,639480.0,0,0,0,0,1,0,0,0,3.0,730.0,1460.0,0.0,20,0,0,0,0,0,0,1,1460,3,0,125,1415,0,20,0,0,0,0,0,0,0,0,BENIGN
10.42.0.42-115.239.210.141-44275-80-6,10.42.0.42,44275,115.239.210.141,80,6,08/08/2017 02:58:29,10430300,3,1,0.0,0.0,0.0,0.0,0.0,0.0,0.0,0.0,0.0,0.0,0.0,0.3834980777158854,3476766.6666666665,5744256.77975248,1.0107135E7,3002.0,1.04303E7,5215150.0,6918311.533925746,1.0107135E7,323165.0,0,0,0,0,0,0,0,0,0,80,40,0.28762355828691405,0.09587451942897135,0.0,0.0,0.0,0.0,0.0,0,0,0,1,0,0,0,0,0.0,0.0,0.0,0.0,80,0,0,0,0,0,0,3,0,1,0,65535,8192,0,20,0,0,0,0,0,0,0,0,BENIGN
10.42.0.42-119.146.74.34-53154-80-6,10.42.0.42,53154,119.146.74.34,80,6,08/08/2017 02:58:39,470751,5,11,1132.0,8040.0,1132.0,0.0,226.4,506.2457901059524,1340.0,0.0,730.9090909090909,699.7921769419053,19483.761054145398,33.98824431599721,31383.4,64793.697161287,232419.0,2.0,433808.0,108452.0,95970.98801894943,234418.0,804.0,238332.0,23833.199999999997,41481.26135390667,100088.0,2.0,0,0,0,0,144,256,10.621326348749127,23.366917967248078,0.0,1340.0,539.5294117647059,666.4486212048776,444153.76470588235,0,0,0,1,0,0,0,0,2.0,573.25,226.4,730.9090909090909,144,0,0,0,0,0,0,5,1132,11,8040,65535,4522,1,20,0,0,0,0,0,0,0,0,BENIGN
10.42.0.42-119.146.74.34-53154-80-6,119.146.74.34,80,10.42.0.42,53154,6,08/08/2017 02:58:40,12648,1,7,1281.0,0.0,1281.0,1281.0,1281.0,0.0,0.0,0.0,0.0,0.0,101280.83491461101,632.5110689437065,1806.8571428571431,3239.081116025111,8951.0,1.0,0,0,0,0,0,10485.0,1747.5,3544.062682854241,8951.0,1.0,1,0,0,0,20,164,79.06388361796331,553.4471853257432,0.0,1281.0,284.6666666666667,564.8679049122901,319075.75,0,1,0,0,1,0,0,0,7.0,320.25,1281.0,0.0,20,0,0,0,0,0,0,1,1281,7,0,4522,1639,0,20,0,0,0,0,0,0,0,0,BENIGN
10.42.0.42-104.192.110.245-50633-80-6,10.42.0.42,50633,104.192.110.245,80,6,08/08/2017 02:58:30,10131328,3,1,0.0,0.0,0.0,0.0,0.0,0.0,0.0,0.0,0.0,0.0,0.0,0.39481497391062653,3377109.3333333335,5766021.339916836,1.0034925E7,2158.0,1.0131328E7,5065664.0,7027596.301171688,1.0034925E7,96403.0,0,0,0,0,0,0,0,0,0,80,32,0.2961112304329699,0.09870374347765663,0.0,0.0,0.0,0.0,0.0,0,0,0,1,0,0,0,0,0.0,0.0,0.0,0.0,80,0,0,0,0,0,0,3,0,1,0,65535,14600,0,20,0,0,0,0,0,0,0,0,BENIGN
183.232.231.30-10.42.0.42-80-32938-6,10.42.0.42,32938,183.232.231.30,80,6,08/08/2017 02:58:39,806750,2,0,0.0,0.0,0.0,0.0,0.0,0.0,0,0,0,0,0.0,2.479082739386427,806750.0,0.0,806750.0,806750.0,806750.0,806750.0,0.0,806750.0,806750.0,0,0,0,0,0,0,0,0,0,40,0,2.479082739386427,0.0,0.0,0.0,0.0,0.0,0.0,0,0,0,0,1,1,0,0,0.0,0.0,0.0,0.0,40,0,0,0,0,0,0,2,0,0,0,1460,-1,0,20,0,0,0,0,0,0,0,0,BENIGN
10.42.0.42-36.110.213.174-48179-443-6,10.42.0.42,48179,36.110.213.174,443,6,08/08/2017 02:58:39,1037857,8,8,744.0,5203.0,416.0,0.0,93.0,151.44258695247234,1460.0,0.0,650.3749999999999,685.3197246541208,5730.076494160563,15.416382025654785,69190.46666666666,107752.1851292298,242168.0,3.0,796948.0,113849.71428571426,135561.15928086272,284996.0,1314.0,797383.0,113911.85714285716,141277.1195728789,286316.0,3.0,0,0,0,0,180,172,7.708191012827393,7.708191012827393,0.0,1460.0,349.82352941176464,548.912474272324,301304.90441176464,0,0,0,1,0,0,0,0,1.0,371.6875,93.0,650.375,180,0,0,0,0,0,0,8,744,8,5203,65535,131,3,20,0,0,0,0,0,0,0,0,BENIGN
180.163.255.159-10.42.0.42-80-39291-6,10.42.0.42,39291,180.163.255.159,80,6,08/08/2017 02:58:30,10494773,3,1,0.0,0.0,0.0,0.0,0.0,0.0,0.0,0.0,0.0,0.0,0.0,0.3811421171282123,3498257.6666666665,5759998.995236834,1.0146385E7,2757.0,1.0494773E7,5247386.5,6928230.120745449,1.0146385E7,348388.0,0,0,0,0,0,0,0,0,0,80,32,0.2858565878461592,0.09528552928205307,0.0,0.0,0.0,0.0,0.0,0,0,0,1,0,0,0,0,0.0,0.0,0.0,0.0,80,0,0,0,0,0,0,3,0,1,0,65535,14600,0,20,0,0,0,0,0,0,0,0,BENIGN
10.42.0.42-36.110.213.174-48179-443-6,10.42.0.42,48179,36.110.213.174,443,6,08/08/2017 02:58:40,107662,3,0,0.0,0.0,0.0,0.0,0.0,0.0,0,0,0,0,0.0,27.864984860024894,53831.0,26351.04130769788,72464.0,35198.0,107662.0,53831.0,26351.04130769788,72464.0,35198.0,0,0,0,0,0,0,0,0,0,60,0,27.864984860024894,0.0,0.0,0.0,0.0,0.0,0.0,0,0,0,0,1,0,0,0,0.0,0.0,0.0,0.0,60,0,0,0,0,0,0,3,0,0,0,1597,-1,0,20,0,0,0,0,0,0,0,0,BENIGN
180.163.255.159-10.42.0.42-80-39296-6,10.42.0.42,39296,180.163.255.159,80,6,08/08/2017 02:58:30,10375991,3,1,0.0,0.0,0.0,0.0,0.0,0.0,0.0,0.0,0.0,0.0,0.0,0.3855053459471967,3458663.6666666665,5668845.719940024,1.0001892E7,27569.0,1.0375991E7,5187995.5,6807877.718160374,1.0001892E7,374099.0,0,0,0,0,0,0,0,0,0,80,32,0.28912900946039755,0.09637633648679918,0.0,0.0,0.0,0.0,0.0,0,0,0,1,0,0,0,0,0.0,0.0,0.0,0.0,80,0,0,0,0,0,0,3,0,1,0,65535,14600,0,20,0,0,0,0,0,0,0,0,BENIGN
180.163.255.159-10.42.0.42-80-39290-6,10.42.0.42,39290,180.163.255.159,80,6,08/08/2017 02:58:30,10779004,5,5,577.0,1883.0,577.0,0.0,115.4,258.04224460347575,1460.0,0.0,376.6,632.7304323327589,228.22145719585964,0.9277295007961774,1197667.111111111,3302372.305882486,9995418.0,161.0,783586.0,195896.5,227820.36393102937,433225.0,842.0,1.0433041E7,2608260.25,4929120.445894133,9998571.0,161.0,0,0,0,0,120,112,0.4638647503980887,0.4638647503980887,0.0,1460.0,223.63636363636363,457.52732655597146,209331.25454545455,0,0,0,1,0,0,0,0,1.0,246.0,115.4,376.6,120,0,0,0,0,0,0,5,577,5,1883,65535,31,1,20,0,0,0,0,0,0,0,0,BENIGN
10.42.0.42-123.125.29.220-44979-80-6,10.42.0.42,44979,123.125.29.220,80,6,08/08/2017 02:58:40,637674,3,3,1423.0,193.0,1423.0,0.0,474.3333333333333,821.5694330568374,193.0,0.0,64.33333333333333,111.42860195359776,2534.210270451673,9.409196548706706,127534.8,162598.16563294927,309588.0,1667.0,334832.0,167416.0,204567.40601083057,312067.0,22765.0,328086.0,164043.0,229634.3414038937,326419.0,1667.0,0,0,0,0,80,72,4.704598274353353,4.704598274353353,0.0,1423.0,230.85714285714286,530.5834614118777,281518.8095238095,0,0,0,1,0,0,0,0,1.0,269.3333333333333,474.3333333333333,64.33333333333333,80,0,0,0,0,0,0,3,1423,3,193,65535,137,1,20,0,0,0,0,0,0,0,0,BENIGN
180.163.255.159-10.42.0.42-80-39290-6,10.42.0.42,39290,180.163.255.159,80,6,08/08/2017 02:58:41,394,2,0,0.0,0.0,0.0,0.0,0.0,0.0,0,0,0,0,0.0,5076.1421319796955,394.0,0.0,394.0,394.0,394.0,394.0,0.0,394.0,394.0,0,0,0,0,0,0,0,0,0,40,0,5076.1421319796955,0.0,0.0,0.0,0.0,0.0,0.0,0,0,0,0,1,0,0,0,0.0,0.0,0.0,0.0,40,0,0,0,0,0,0,2,0,0,0,1460,-1,0,20,0,0,0,0,0,0,0,0,BENIGN
10.42.0.42-106.11.135.2-52858-80-6,10.42.0.42,52858,106.11.135.2,80,6,08/08/2017 02:58:40,783075,8,20,1181.0,23998.0,1181.0,0.0,147.62499999999997,417.54655429065633,1452.0,0.0,1199.9,536.8544740577184,32154.00823675893,35.75647287935383,29002.77777777777,79120.01233731206,249072.0,1.0,534683.0,76383.28571428571,129065.9666187725,272964.0,2.0,534425.0,28127.63157894737,80976.2988844476,260555.0,1.0,0,0,0,0,180,420,10.216135108386808,25.54033777096702,0.0,1452.0,868.2413793103448,702.1536591685212,493019.7610837438,0,0,0,1,0,0,0,0,2.0,899.25,147.625,1199.9,180,0,0,0,0,0,0,8,1181,20,23998,65535,10499,1,20,0,0,0,0,0,0,0,0,BENIGN
10.42.0.42-106.11.135.2-52858-80-6,10.42.0.42,52858,106.11.135.2,80,6,08/08/2017 02:58:41,9153,8,0,0.0,0.0,0.0,0.0,0.0,0.0,0,0,0,0,0.0,874.0303725554463,1307.5714285714287,2461.5690698646436,6773.0,1.0,9153.0,1307.5714285714287,2461.5690698646436,6773.0,1.0,0,0,0,0,0,0,0,0,0,160,0,874.0303725554463,0.0,0.0,0.0,0.0,0.0,0.0,0,0,0,0,1,0,0,0,0.0,0.0,0.0,0.0,160,0,0,0,0,0,0,8,0,0,0,65535,-1,0,20,0,0,0,0,0,0,0,0,BENIGN
180.163.255.159-10.42.0.42-80-39291-6,180.163.255.159,80,10.42.0.42,39291,6,08/08/2017 02:58:41,356,2,0,0.0,0.0,0.0,0.0,0.0,0.0,0,0,0,0,0.0,5617.9775280898875,356.0,0.0,356.0,356.0,356.0,356.0,0.0,356.0,356.0,0,0,0,0,0,0,0,0,0,40,0,5617.9775280898875,0.0,0.0,0.0,0.0,0.0,0.0,0,0,0,0,1,0,0,0,0.0,0.0,0.0,0.0,40,0,0,0,0,0,0,2,0,0,0,29,-1,0,20,0,0,0,0,0,0,0,0,BENIGN
180.163.255.159-10.42.0.42-80-39296-6,180.163.255.159,80,10.42.0.42,39296,6,08/08/2017 02:58:41,2696,2,0,0.0,0.0,0.0,0.0,0.0,0.0,0,0,0,0,0.0,741.839762611276,2696.0,0.0,2696.0,2696.0,2696.0,2696.0,0.0,2696.0,2696.0,0,0,0,0,0,0,0,0,0,40,0,741.839762611276,0.0,0.0,0.0,0.0,0.0,0.0,0,0,0,0,1,0,0,0,0.0,0.0,0.0,0.0,40,0,0,0,0,0,0,2,0,0,0,29,-1,0,20,0,0,0,0,0,0,0,0,BENIGN
10.42.0.42-119.146.74.34-53169-80-6,10.42.0.42,53169,119.146.74.34,80,6,08/08/2017 02:58:40,480939,4,5,1142.0,964.0,1142.0,0.0,285.5,571.0,964.0,0.0,192.8,431.1139060619595,4378.933710927997,18.71339192704272,60117.375,89711.24135156801,237350.0,5.0,394117.0,131372.33333333334,119755.82975927867,239441.0,2623.0,243589.0,60897.24999999999,73905.8121547284,151450.0,5.0,0,0,0,0,112,124,8.317063078685655,10.396328848357069,0.0,1142.0,210.6,445.96168245962815,198881.82222222222,0,0,0,1,0,0,0,0,1.0,234.0,285.5,192.8,112,0,0,0,0,0,0,4,1142,5,964,65535,4523,1,20,0,0,0,0,0,0,0,0,BENIGN
10.42.0.42-106.11.135.2-52862-80-6,10.42.0.42,52862,106.11.135.2,80,6,08/08/2017 02:58:40,809228,13,19,1167.0,24189.0,1167.0,0.0,89.76923076923076,323.6675644974212,1452.0,0.0,1273.1052631578946,462.69559164348624,31333.56730118088,39.54386155694069,26104.129032258068,74336.1256997529,249726.0,1.0,561527.0,46793.916666666664,100020.84751550396,267680.0,1.0,560964.0,31164.666666666668,88031.46111142178,293371.0,2.0,0,0,0,0,280,400,16.064693757507158,23.479167799433537,0.0,1452.0,768.3636363636363,718.6787711741343,516499.1761363637,0,0,0,1,0,0,0,0,1.0,792.375,89.76923076923077,1273.1052631578948,280,0,0,0,0,0,0,13,1167,19,24189,65535,15217,1,20,0,0,0,0,0,0,0,0,BENIGN
10.42.0.42-119.146.74.34-53169-80-6,10.42.0.42,53169,119.146.74.34,80,6,08/08/2017 02:58:41,13913,2,0,0.0,0.0,0.0,0.0,0.0,0.0,0,0,0,0,0.0,143.75044922015383,13913.0,0.0,13913.0,13913.0,13913.0,13913.0,0.0,13913.0,13913.0,0,0,0,0,0,0,0,0,0,40,0,143.75044922015383,0.0,0.0,0.0,0.0,0.0,0.0,0,0,0,0,1,0,0,0,0.0,0.0,0.0,0.0,40,0,0,0,0,0,0,2,0,0,0,1399,-1,0,20,0,0,0,0,0,0,0,0,BENIGN
10.42.0.42-106.11.135.2-52862-80-6,10.42.0.42,52862,106.11.135.2,80,6,08/08/2017 02:58:41,15536,7,0,0.0,0.0,0.0,0.0,0.0,0.0,0,0,0,0,0.0,450.56642636457264,2589.3333333333335,5716.58715202232,14244.0,1.0,15536.0,2589.3333333333335,5716.58715202232,14244.0,1.0,0,0,0,0,0,0,0,0,0,140,0,450.56642636457264,0.0,0.0,0.0,0.0,0.0,0.0,0,0,0,0,1,0,0,0,0.0,0.0,0.0,0.0,140,0,0,0,0,0,0,7,0,0,0,65535,-1,0,20,0,0,0,0,0,0,0,0,BENIGN
219.146.248.94-10.42.0.42-80-52855-6,10.42.0.42,52855,219.146.248.94,80,6,08/08/2017 02:58:25,15632577,4,5,413.0,1820.0,413.0,0.0,103.25,206.49999999999997,1460.0,0.0,364.0,632.2024992041711,142.84273155987015,0.5757208168557238,1954072.125,5272097.660022064,1.4997396E7,2.0,635181.0,211727.0,173983.0730760898,313443.0,10834.0,1.5323174E7,3830793.5,7447625.209529478,1.4999913E7,2.0,0,0,0,0,100,112,0.25587591860254394,0.3198448982531799,0.0,1460.0,223.3,463.45802878410086,214793.34444444446,0,0,0,1,0,0,0,0,1.0,248.11111111111111,103.25,364.0,100,0,0,0,0,0,0,4,413,5,1820,65535,31,1,20,0,0,0,0,0,0,0,0,BENIGN
219.146.248.94-10.42.0.42-80-52856-6,10.42.0.42,52856,219.146.248.94,80,6,08/08/2017 02:58:25,15644881,4,4,389.0,839.0,389.0,0.0,97.25,194.49999999999997,839.0,0.0,209.75,419.5,78.49212787236924,0.5113493672467052,2234983.0,5630465.441812397,1.4999207E7,840.0,645674.0,215224.66666666666,182808.01221317772,321532.0,4138.0,1.5325825E7,5108608.333333333,8568408.675976673,1.5000793E7,840.0,0,0,0,0,100,92,0.2556746836233526,0.2556746836233526,0.0,839.0,136.44444444444446,293.1911113553373,85961.02777777778,0,0,0,1,0,0,0,0,1.0,153.5,97.25,209.75,100,0,0,0,0,0,0,4,389,4,839,65535,31,1,20,0,0,0,0,0,0,0,0,BENIGN
10.42.0.42-106.11.135.2-52861-80-6,10.42.0.42,52861,106.11.135.2,80,6,08/08/2017 02:58:40,1055723,19,42,1168.0,55306.0,1168.0,0.0,61.473684210526315,267.95757716081613,1452.0,0.0,1316.8095238095234,421.89423238735907,53493.19849998532,57.78030790273585,17595.383333333328,61547.410665520496,249368.0,1.0,1052078.0,58448.77777777778,109219.45154302634,276592.0,1.0,806818.0,19678.487804878056,67260.83128728114,260575.0,1.0,0,0,0,0,400,860,17.997145084458708,39.78316281827714,0.0,1452.0,910.8709677419356,701.8587612779759,492605.72078265465,0,0,0,1,0,0,0,0,2.0,925.8032786885246,61.473684210526315,1316.8095238095239,400,0,0,0,0,0,0,19,1168,42,55306,65535,10512,1,20,0,0,0,0,0,0,0,0,BENIGN
10.42.0.42-106.11.135.2-52861-80-6,10.42.0.42,52861,106.11.135.2,80,6,08/08/2017 02:58:41,3604,2,0,0.0,0.0,0.0,0.0,0.0,0.0,0,0,0,0,0.0,554.9389567147614,3604.0,0.0,3604.0,3604.0,3604.0,3604.0,0.0,3604.0,3604.0,0,0,0,0,0,0,0,0,0,40,0,554.9389567147614,0.0,0.0,0.0,0.0,0.0,0.0,0,0,0,0,1,0,0,0,0.0,0.0,0.0,0.0,40,0,0,0,0,0,0,2,0,0,0,65340,-1,0,20,0,0,0,0,0,0,0,0,BENIGN
219.146.248.94-10.42.0.42-80-52855-6,10.42.0.42,52855,219.146.248.94,80,6,08/08/2017 02:58:41,155088,2,0,0.0,0.0,0.0,0.0,0.0,0.0,0,0,0,0,0.0,12.895904260806768,155088.0,0.0,155088.0,155088.0,155088.0,155088.0,0.0,155088.0,155088.0,0,0,0,0,0,0,0,0,0,40,0,12.895904260806768,0.0,0.0,0.0,0.0,0.0,0.0,0,0,0,0,1,0,0,0,0.0,0.0,0.0,0.0,40,0,0,0,0,0,0,2,0,0,0,1460,-1,0,20,0,0,0,0,0,0,0,0,BENIGN
219.146.248.94-10.42.0.42-80-52856-6,10.42.0.42,52856,219.146.248.94,80,6,08/08/2017 02:58:41,140549,2,0,0.0,0.0,0.0,0.0,0.0,0.0,0,0,0,0,0.0,14.229912699485588,140549.0,0.0,140549.0,140549.0,140549.0,140549.0,0.0,140549.0,140549.0,0,0,0,0,0,0,0,0,0,40,0,14.229912699485588,0.0,0.0,0.0,0.0,0.0,0.0,0,0,0,0,1,0,0,0,0.0,0.0,0.0,0.0,40,0,0,0,0,0,0,2,0,0,0,1395,-1,0,20,0,0,0,0,0,0,0,0,BENIGN
174.35.73.99-10.42.0.42-80-60432-6,10.42.0.42,60432,174.35.73.99,80,6,08/08/2017 02:58:35,6270096,5,5,546.0,1219.0,546.0,0.0,109.2,244.17862314297702,730.0,0.0,243.8,344.53911243863155,281.49489258218694,1.5948719126469515,696677.3333333334,2066672.0758081095,6207749.0,4.0,62347.0,15586.75,12630.387124576453,26941.0,953.0,6247211.0,1561802.75,3099431.1620271415,6210888.0,4.0,0,0,0,0,168,168,0.7974359563234757,0.7974359563234757,0.0,730.0,160.45454545454544,280.5235689336508,78693.47272727273,0,0,0,1,0,0,0,0,1.0,176.5,109.2,243.8,168,0,0,0,0,0,0,5,546,5,1219,65535,675,1,32,0,0,0,0,0,0,0,0,BENIGN
10.42.0.42-115.236.16.203-58172-443-6,10.42.0.42,58172,115.236.16.203,443,6,08/08/2017 02:58:40,1468222,8,8,1102.0,2988.0,538.0,0.0,137.75,207.2140025604999,1448.0,0.0,373.5,599.3093644235123,2785.682274206489,10.897534569022941,97881.46666666667,152793.33382937635,348892.0,4.0,1128029.0,161147.0,184844.34381031696,388717.0,95.0,1129191.0,161312.99999999997,202092.43457965794,421365.0,4.0,0,0,0,0,264,264,5.4487672845114705,5.4487672845114705,0.0,1448.0,240.58823529411765,440.06946309979423,193661.13235294117,0,0,0,1,0,0,0,0,1.0,255.625,137.75,373.5,264,0,0,0,0,0,0,8,1102,8,2988,65535,36,3,32,0,0,0,0,0,0,0,0,BENIGN
174.35.73.99-10.42.0.42-80-60432-6,10.42.0.42,60432,174.35.73.99,80,6,08/08/2017 02:58:41,18799,1,1,0.0,0.0,0.0,0.0,0.0,0.0,0.0,0.0,0.0,0.0,0.0,106.38863769349433,18799.0,0.0,18799.0,18799.0,0,0,0,0,0,0,0,0,0,0,0,0,0,0,32,32,53.194318846747166,53.194318846747166,0.0,0.0,0.0,0.0,0.0,0,0,0,0,1,0,0,0,1.0,0.0,0.0,0.0,32,0,0,0,0,0,0,1,0,1,0,1409,675,0,32,0,0,0,0,0,0,0,0,BENIGN
174.35.73.93-10.42.0.42-80-48735-6,10.42.0.42,48735,174.35.73.93,80,6,08/08/2017 02:58:35,6427563,7,8,534.0,3940.0,534.0,0.0,76.28571428571429,201.83302858692733,1448.0,0.0,492.5,627.458365152621,696.0647449118741,2.3336994129812494,459111.6428571429,1702226.5018064568,6373254.0,2.0,54309.0,9051.5,13230.343317540932,26479.0,2.0,6404476.0,914925.1428571428,2408337.727580196,6376474.0,3.0,0,0,0,0,256,264,1.0890597260579165,1.2446396869233332,0.0,1448.0,279.625,498.69775415576123,248699.45000000004,0,0,0,1,0,0,0,0,1.0,298.26666666666665,76.28571428571429,492.5,256,0,0,0,0,0,0,7,534,8,3940,65535,675,1,32,0,0,0,0,0,0,0,0,BENIGN
174.35.73.93-10.42.0.42-80-48735-6,10.42.0.42,48735,174.35.73.93,80,6,08/08/2017 02:58:42,19906,1,1,0.0,0.0,0.0,0.0,0.0,0.0,0.0,0.0,0.0,0.0,0.0,100.47221943132723,19906.0,0.0,19906.0,19906.0,0,0,0,0,0,0,0,0,0,0,0,0,0,0,32,32,50.236109715663616,50.236109715663616,0.0,0.0,0.0,0.0,0.0,0,0,0,0,1,0,0,0,1.0,0.0,0.0,0.0,32,0,0,0,0,0,0,1,0,1,0,1476,675,0,32,0,0,0,0,0,0,0,0,BENIGN
219.146.248.94-10.42.0.42-80-52857-6,10.42.0.42,52857,219.146.248.94,80,6,08/08/2017 02:58:25,16347837,20,36,803.0,46722.0,411.0,0.0,40.15000000000001,123.6175234554679,1460.0,0.0,1297.8333333333333,459.17674779357645,2907.1124210499534,3.4255296281703815,297233.4,1974596.123729334,1.4658679E7,1.0,1689158.0,88903.05263157895,147363.9144764769,336891.0,1.0,1.602861E7,457960.2857142857,2474308.712839722,1.4663945E7,1.0,0,0,0,0,420,732,1.2234034386322792,2.2021261895381024,0.0,1460.0,833.7719298245615,716.0713506334372,512758.17919799493,0,0,0,1,0,0,0,0,1.0,848.6607142857143,40.15,1297.8333333333333,420,0,0,0,0,0,0,20,803,36,46722,65535,33,2,20,0,0,0,0,0,0,0,0,BENIGN
174.35.73.93-10.42.0.42-80-48735-6,10.42.0.42,48735,174.35.73.93,80,6,08/08/2017 02:58:42,228545,2,0,0.0,0.0,0.0,0.0,0.0,0.0,0,0,0,0,0.0,8.751011835743508,228545.0,0.0,228545.0,228545.0,228545.0,228545.0,0.0,228545.0,228545.0,0,0,0,0,0,0,0,0,0,76,0,8.751011835743508,0.0,0.0,0.0,0.0,0.0,0.0,0,0,0,0,1,0,0,0,0.0,0.0,0.0,0.0,76,0,0,0,0,0,0,2,0,0,0,1476,-1,0,32,0,0,0,0,0,0,0,0,BENIGN
219.146.248.94-10.42.0.42-80-52857-6,10.42.0.42,52857,219.146.248.94,80,6,08/08/2017 02:58:42,171625,2,0,0.0,0.0,0.0,0.0,0.0,0.0,0,0,0,0,0.0,11.653313911143481,171625.0,0.0,171625.0,171625.0,171625.0,171625.0,0.0,171625.0,171625.0,0,0,0,0,0,0,0,0,0,40,0,11.653313911143481,0.0,0.0,0.0,0.0,0.0,0.0,0,0,0,0,1,0,0,0,0.0,0.0,0.0,0.0,40,0,0,0,0,0,0,2,0,0,0,2829,-1,0,20,0,0,0,0,0,0,0,0,BENIGN
174.35.73.99-10.42.0.42-80-60432-6,10.42.0.42,60432,174.35.73.99,80,6,08/08/2017 02:58:41,381368,2,0,0.0,0.0,0.0,0.0,0.0,0.0,0,0,0,0,0.0,5.244278492165048,381368.0,0.0,381368.0,381368.0,381368.0,381368.0,0.0,381368.0,381368.0,0,0,0,0,0,0,0,0,0,76,0,5.244278492165048,0.0,0.0,0.0,0.0,0.0,0.0,0,0,0,0,1,0,0,0,0.0,0.0,0.0,0.0,76,0,0,0,0,0,0,2,0,0,0,1409,-1,0,32,0,0,0,0,0,0,0,0,BENIGN
10.42.0.42-115.236.16.203-58172-443-6,10.42.0.42,58172,115.236.16.203,443,6,08/08/2017 02:58:41,499366,4,0,0.0,0.0,0.0,0.0,0.0,0.0,0,0,0,0,0.0,8.010156878922475,166455.33333333334,258326.955793106,464048.0,2.0,499366.0,166455.33333333334,258326.955793106,464048.0,2.0,0,0,0,0,0,0,0,0,0,128,0,8.010156878922475,0.0,0.0,0.0,0.0,0.0,0.0,0,0,0,0,1,0,0,0,0.0,0.0,0.0,0.0,128,0,0,0,0,0,0,4,0,0,0,1505,-1,0,32,0,0,0,0,0,0,0,0,BENIGN
10.42.0.42-119.146.74.34-53181-80-6,10.42.0.42,53181,119.146.74.34,80,6,08/08/2017 02:58:42,484615,4,7,1134.0,3128.0,1134.0,0.0,283.5,567.0,1340.0,0.0,446.8571428571429,631.6822588853324,8794.610154452503,22.69843071304025,48461.5,87057.93303216733,240158.0,3.0,417677.0,139225.66666666666,124474.51093430066,242336.0,952.0,244457.0,40742.83333333333,71306.36902946795,175398.0,3.0,0,0,0,0,112,164,8.253974804741908,14.44445590829834,0.0,1340.0,355.1666666666667,569.2211318720493,324012.69696969696,0,0,0,1,0,0,0,0,1.0,387.45454545454544,283.5,446.85714285714283,112,0,0,0,0,0,0,4,1134,7,3128,65535,4522,1,20,0,0,0,0,0,0,0,0,BENIGN
10.42.0.42-119.146.74.34-53181-80-6,10.42.0.42,53181,119.146.74.34,80,6,08/08/2017 02:58:42,2517,4,0,0.0,0.0,0.0,0.0,0.0,0.0,0,0,0,0,0.0,1589.1934843067143,839.0,1327.8655805464648,2370.0,1.0,2517.0,839.0,1327.8655805464648,2370.0,1.0,0,0,0,0,0,0,0,0,0,80,0,1589.1934843067143,0.0,0.0,0.0,0.0,0.0,0.0,0,0,0,0,1,0,0,0,0.0,0.0,0.0,0.0,80,0,0,0,0,0,0,4,0,0,0,1415,-1,0,20,0,0,0,0,0,0,0,0,BENIGN
174.35.73.99-10.42.0.42-80-60434-6,10.42.0.42,60434,174.35.73.99,80,6,08/08/2017 02:58:35,6890133,7,9,541.0,6226.0,541.0,0.0,77.28571428571429,204.47877989799193,1448.0,0.0,691.7777777777778,676.9447499201426,982.1290822688038,2.322161270326712,459342.20000000007,1719016.3171616993,6671540.0,1.0,218593.0,36432.16666666667,60786.10000128867,156703.0,1.0,6867232.0,858404.0,2354020.9537025304,6682184.0,2.0,0,0,0,0,244,296,1.0159455557679367,1.3062157145587756,0.0,1448.0,398.0588235294119,590.1302261565064,348253.6838235294,0,0,0,1,0,0,0,0,1.0,422.9375,77.28571428571429,691.7777777777778,244,0,0,0,0,0,0,7,541,9,6226,65535,675,1,32,0,0,0,0,0,0,0,0,BENIGN
174.35.73.99-10.42.0.42-80-60434-6,10.42.0.42,60434,174.35.73.99,80,6,08/08/2017 02:58:42,19815,1,1,0.0,0.0,0.0,0.0,0.0,0.0,0.0,0.0,0.0,0.0,0.0,100.93363613424174,19815.0,0.0,19815.0,19815.0,0,0,0,0,0,0,0,0,0,0,0,0,0,0,32,32,50.46681806712087,50.46681806712087,0.0,0.0,0.0,0.0,0.0,0,0,0,0,1,0,0,0,1.0,0.0,0.0,0.0,32,0,0,0,0,0,0,1,0,1,0,1567,675,0,32,0,0,0,0,0,0,0,0,BENIGN
174.35.73.99-10.42.0.42-80-60434-6,10.42.0.42,60434,174.35.73.99,80,6,08/08/2017 02:58:42,5797,2,0,0.0,0.0,0.0,0.0,0.0,0.0,0,0,0,0,0.0,345.0060376056581,5797.0,0.0,5797.0,5797.0,5797.0,5797.0,0.0,5797.0,5797.0,0,0,0,0,0,0,0,0,0,76,0,345.0060376056581,0.0,0.0,0.0,0.0,0.0,0.0,0,0,0,0,1,0,0,0,0.0,0.0,0.0,0.0,76,0,0,0,0,0,0,2,0,0,0,1567,-1,0,32,0,0,0,0,0,0,0,0,BENIGN
180.149.153.234-10.42.0.42-80-56549-6,10.42.0.42,56549,180.149.153.234,80,6,08/08/2017 02:58:42,588140,3,4,655.0,1003.0,655.0,0.0,218.33333333333334,378.1644263192049,1003.0,0.0,250.75,501.5,2819.056687183324,11.901928112354202,98023.33333333333,145581.47688585476,287104.0,5.0,297160.0,148580.0,195482.49808614582,286807.0,10353.0,303419.0,101139.66666666666,171833.19963654678,299543.0,5.0,0,0,0,0,80,92,5.100826333866086,6.801101778488115,0.0,1003.0,207.25,394.8622725529932,155916.2142857143,0,0,0,1,0,0,0,0,1.0,236.85714285714286,218.33333333333334,250.75,80,0,0,0,0,0,0,3,655,4,1003,65535,125,1,20,0,0,0,0,0,0,0,0,BENIGN
180.149.153.234-10.42.0.42-80-56549-6,10.42.0.42,56549,180.149.153.234,80,6,08/08/2017 02:58:43,19616,2,0,0.0,0.0,0.0,0.0,0.0,0.0,0,0,0,0,0.0,101.95758564437193,19616.0,0.0,19616.0,19616.0,19616.0,19616.0,0.0,19616.0,19616.0,0,0,0,0,0,0,0,0,0,40,0,101.95758564437193,0.0,0.0,0.0,0.0,0.0,0.0,0,0,0,0,1,0,0,0,0.0,0.0,0.0,0.0,40,0,0,0,0,0,0,2,0,0,0,1401,-1,0,20,0,0,0,0,0,0,0,0,BENIGN
10.42.0.42-115.239.210.141-44275-80-6,10.42.0.42,44275,115.239.210.141,80,6,08/08/2017 02:58:41,1919967,2,0,0.0,0.0,0.0,0.0,0.0,0.0,0,0,0,0,0.0,1.0416845706202242,1919967.0,0.0,1919967.0,1919967.0,1919967.0,1919967.0,0.0,1919967.0,1919967.0,0,0,0,0,0,0,0,0,0,40,0,1.0416845706202242,0.0,0.0,0.0,0.0,0.0,0.0,0,0,0,0,1,1,0,0,0.0,0.0,0.0,0.0,40,0,0,0,0,0,0,2,0,0,0,1369,-1,0,20,0,0,0,0,0,0,0,0,BENIGN
10.42.0.42-119.146.74.34-53189-80-6,10.42.0.42,53189,119.146.74.34,80,6,08/08/2017 02:58:42,494535,5,8,1132.0,3782.0,1132.0,0.0,226.4,506.2457901059524,1340.0,0.0,472.74999999999994,656.5780880552485,9936.607115775425,26.2873204121043,41211.25000000001,74041.79049714241,244852.0,3.0,446925.0,111731.25,101376.1668683358,246959.0,1092.0,249683.0,35669.0,47286.11252436244,100237.0,3.0,0,0,0,0,144,196,10.110507850809347,16.176812561294955,0.0,1340.0,350.99999999999994,579.2710273066684,335554.92307692306,0,0,0,1,0,0,0,0,1.0,378.0,226.4,472.75,144,0,0,0,0,0,0,5,1132,8,3782,65535,4522,1,20,0,0,0,0,0,0,0,0,BENIGN
10.42.0.42-119.146.74.34-53189-80-6,10.42.0.42,53189,119.146.74.34,80,6,08/08/2017 02:58:43,5678,4,0,0.0,0.0,0.0,0.0,0.0,0.0,0,0,0,0,0.0,704.4734061289187,1892.6666666666667,2511.7118332590094,4792.0,379.0,5678.0,1892.6666666666667,2511.7118332590094,4792.0,379.0,0,0,0,0,0,0,0,0,0,80,0,704.4734061289187,0.0,0.0,0.0,0.0,0.0,0.0,0,0,0,0,1,0,0,0,0.0,0.0,0.0,0.0,80,0,0,0,0,0,0,4,0,0,0,1415,-1,0,20,0,0,0,0,0,0,0,0,BENIGN
222.73.28.96-10.42.0.42-80-36922-6,10.42.0.42,36922,222.73.28.96,80,6,08/08/2017 02:58:42,701029,3,8,549.0,8011.0,549.0,0.0,183.0,316.96529778510455,1460.0,0.0,1001.375,669.9153331365304,12210.621814504108,15.691219621442194,70102.9,145554.66784564333,346280.0,1.0,353428.0,176714.0,248910.07225903898,352720.0,708.0,354812.0,50687.42857142858,133524.1284573156,353491.0,1.0,0,0,0,0,80,172,4.279423533120599,11.411796088321596,0.0,1460.0,713.3333333333333,697.970347551102,487162.6060606061,0,0,0,1,0,0,0,0,2.0,778.1818181818181,183.0,1001.375,80,0,0,0,0,0,0,3,549,8,8011,65535,62,1,20,0,0,0,0,0,0,0,0,BENIGN
222.73.28.96-10.42.0.42-80-36922-6,10.42.0.42,36922,222.73.28.96,80,6,08/08/2017 02:58:43,48519,4,0,0.0,0.0,0.0,0.0,0.0,0.0,0,0,0,0,0.0,82.4419299655805,16173.0,19581.98353078666,38706.0,3278.0,48519.0,16173.0,19581.98353078666,38706.0,3278.0,0,0,0,0,0,0,0,0,0,80,0,82.4419299655805,0.0,0.0,0.0,0.0,0.0,0.0,0,0,0,0,1,0,0,0,0.0,0.0,0.0,0.0,80,0,0,0,0,0,0,4,0,0,0,1552,-1,0,20,0,0,0,0,0,0,0,0,BENIGN
10.42.0.42-106.11.135.2-52891-80-6,10.42.0.42,52891,106.11.135.2,80,6,08/08/2017 02:58:43,517136,3,4,962.0,518.0,962.0,0.0,320.6666666666667,555.41095896042,518.0,0.0,129.5,259.0,2861.916401101451,13.536091086290647,86189.33333333333,126679.46760650152,249868.0,5.0,265881.0,132940.5,167982.40825901978,251722.0,14159.0,267801.0,89267.0,153415.34714297653,266414.0,5.0,0,0,0,0,80,100,5.8011818941245625,7.734909192166083,0.0,962.0,185.0,362.5244819319104,131424.0,0,0,0,1,0,0,0,0,1.0,211.42857142857142,320.6666666666667,129.5,80,0,0,0,0,0,0,3,962,4,518,65535,10718,1,20,0,0,0,0,0,0,0,0,BENIGN
10.42.0.42-106.11.135.2-52891-80-6,10.42.0.42,52891,106.11.135.2,80,6,08/08/2017 02:58:43,2596,2,0,0.0,0.0,0.0,0.0,0.0,0.0,0,0,0,0,0.0,770.4160246533129,2596.0,0.0,2596.0,2596.0,2596.0,2596.0,0.0,2596.0,2596.0,0,0,0,0,0,0,0,0,0,40,0,770.4160246533129,0.0,0.0,0.0,0.0,0.0,0.0,0,0,0,0,1,0,0,0,0.0,0.0,0.0,0.0,40,0,0,0,0,0,0,2,0,0,0,65535,-1,0,20,0,0,0,0,0,0,0,0,BENIGN
183.232.231.30-10.42.0.42-443-45945-6,10.42.0.42,45945,183.232.231.30,443,6,08/08/2017 02:57:13,90244199,50,80,4574.0,84291.0,1032.0,0.0,91.47999999999999,259.72428395024866,1460.0,0.0,1053.6375,611.553619035728,984.7170342771839,1.4405358066284129,699567.4341085271,7481052.954258012,8.4995093E7,0.0,5249106.0,107124.61224489797,210652.09225371428,1246964.0,1.0,8.9971859E7,1138884.2911392406,9558586.43311511,8.5001257E7,0.0,0,0,0,0,1044,1620,0.5540522333186203,0.8864835733097925,0.0,1460.0,678.3587786259542,689.47829852279,475380.32413388154,0,0,0,1,0,0,0,0,1.0,683.5769230769231,91.48,1053.6375,1044,0,0,0,0,0,0,50,4574,80,84291,65535,760,7,20,0,0,0,0,0,0,0,0,BENIGN
183.232.231.30-10.42.0.42-443-45989-6,10.42.0.42,45989,183.232.231.30,443,6,08/08/2017 02:57:18,85878218,15,15,1336.0,5288.0,1016.0,0.0,89.06666666666665,262.9490626030249,1460.0,0.0,352.53333333333336,540.078019055272,77.13248078808529,0.34933188762719786,2961317.8620689656,1.5333839002585487E7,8.266906E7,1.0,3209158.0,229225.57142857145,502395.3029950564,1902818.0,1.0,8.5609191E7,6114942.214285715,2.208336169590821E7,8.2822768E7,1.0,0,0,0,0,364,320,0.17466594381359893,0.17466594381359893,0.0,1460.0,213.67741935483875,432.79559356173166,187312.02580645162,0,0,0,1,0,0,0,0,1.0,220.8,89.06666666666666,352.53333333333336,364,0,0,0,0,0,0,15,1336,15,5288,65535,560,3,20,0,0,0,0,0,0,0,0,BENIGN
183.232.231.30-10.42.0.42-443-45946-6,10.42.0.42,45946,183.232.231.30,443,6,08/08/2017 02:57:13,90526010,11,12,1345.0,3903.0,785.0,0.0,122.27272727272728,268.49696121524016,1460.0,0.0,325.25000000000006,577.940721244599,57.97228884825477,0.2540706256687995,4114818.636363636,1.807353795533821E7,8.499467E7,2.0,5531340.0,553134.0,750948.6866567886,1993703.0,125.0,8.7277652E7,7934332.0,2.5565682195902947E7,8.4997327E7,2.0,0,0,0,0,280,260,0.12151203836333889,0.1325585873054606,0.0,1460.0,218.66666666666669,451.1541399244991,203540.05797101447,0,0,0,1,0,0,0,0,1.0,228.17391304347825,122.27272727272727,325.25,280,0,0,0,0,0,0,11,1345,12,3903,65535,544,3,20,0,0,0,0,0,0,0,0,BENIGN
183.232.231.30-10.42.0.42-443-45979-6,10.42.0.42,45979,183.232.231.30,443,6,08/08/2017 02:57:16,88093448,50,108,3750.0,129657.0,1452.0,0.0,75.0,262.7733562115724,1460.0,0.0,1200.527777777778,538.0838182689256,1514.3805019415292,1.7935499584486694,561104.7643312102,6782119.102086274,8.4995729E7,0.0,3097719.0,63218.755102040814,112997.41830725798,389816.0,1.0,8.7825448E7,820798.5794392523,8215115.381755101,8.4999128E7,0.0,0,0,0,0,1032,2180,0.5675791007748954,1.225970857673774,0.0,1460.0,839.0377358490563,704.2734552947568,496001.0998328158,0,0,0,1,0,0,0,0,2.0,844.3481012658228,75.0,1200.5277777777778,1032,0,0,0,0,0,0,50,3750,108,129657,65535,856,6,20,0,0,0,0,0,0,0,0,BENIGN
180.163.255.159-10.42.0.42-80-39290-6,10.42.0.42,39290,180.163.255.159,80,6,08/08/2017 02:58:42,2099990,2,0,0.0,0.0,0.0,0.0,0.0,0.0,0,0,0,0,0.0,0.9523854875499407,2099990.0,0.0,2099990.0,2099990.0,2099990.0,2099990.0,0.0,2099990.0,2099990.0,0,0,0,0,0,0,0,0,0,40,0,0.9523854875499407,0.0,0.0,0.0,0.0,0.0,0.0,0,0,0,0,1,1,0,0,0.0,0.0,0.0,0.0,40,0,0,0,0,0,0,2,0,0,0,1460,-1,0,20,0,0,0,0,0,0,0,0,BENIGN
10.42.0.42-115.239.210.141-44274-80-6,10.42.0.42,44274,115.239.210.141,80,6,08/08/2017 02:58:29,14770939,24,25,8038.0,22609.0,1452.0,0.0,334.91666666666663,587.4022336167704,1460.0,0.0,904.3599999999999,651.0420416532253,2074.817315270207,3.3173246467269277,307727.8958333333,1439735.0818609658,9994399.0,1.0,4776540.0,207675.65217391303,236185.1569144253,911094.0,1.0,1.4454725E7,602280.2083333333,2028534.0426344508,9998944.0,1.0,0,0,0,0,512,520,1.6248120718662502,1.6925125748606775,0.0,1460.0,612.9400000000002,677.0652882032839,458417.40448979585,0,0,0,1,0,0,0,0,1.0,625.4489795918367,334.9166666666667,904.36,512,0,0,0,0,0,0,24,8038,25,22609,65535,980,8,20,0,0,0,0,0,0,0,0,BENIGN
222.73.28.96-10.42.0.42-80-36948-6,10.42.0.42,36948,222.73.28.96,80,6,08/08/2017 02:58:43,717578,3,5,562.0,2732.0,562.0,0.0,187.33333333333334,324.4708512845697,1460.0,0.0,546.4,751.1356734971387,4590.441735950656,11.148613809230493,102511.14285714286,173873.29533257693,357040.0,3.0,359644.0,179822.0,253562.83487924645,359118.0,526.0,360551.0,90137.75,179679.9843339541,359657.0,3.0,0,0,0,0,80,112,4.1807301784614355,6.967883630769059,0.0,1460.0,366.0,597.8946395478052,357478.0,0,0,0,1,0,0,0,0,1.0,411.75,187.33333333333334,546.4,80,0,0,0,0,0,0,3,562,5,2732,65535,62,1,20,0,0,0,0,0,0,0,0,BENIGN
222.73.28.96-10.42.0.42-80-36948-6,10.42.0.42,36948,222.73.28.96,80,6,08/08/2017 02:58:44,4549,3,0,0.0,0.0,0.0,0.0,0.0,0.0,0,0,0,0,0.0,659.4856012310398,2274.5,3048.3373336952063,4430.0,119.0,4549.0,2274.5,3048.3373336952063,4430.0,119.0,0,0,0,0,0,0,0,0,0,60,0,659.4856012310398,0.0,0.0,0.0,0.0,0.0,0.0,0,0,0,0,1,0,0,0,0.0,0.0,0.0,0.0,60,0,0,0,0,0,0,3,0,0,0,1415,-1,0,20,0,0,0,0,0,0,0,0,BENIGN
183.232.231.30-10.42.0.42-443-45989-6,10.42.0.42,45989,183.232.231.30,443,6,08/08/2017 02:58:44,527096,2,0,0.0,0.0,0.0,0.0,0.0,0.0,0,0,0,0,0.0,3.794375218176575,527096.0,0.0,527096.0,527096.0,527096.0,527096.0,0.0,527096.0,527096.0,0,0,0,0,0,0,0,0,0,40,0,3.794375218176575,0.0,0.0,0.0,0.0,0.0,0.0,0,0,0,0,1,0,0,0,0.0,0.0,0.0,0.0,40,0,0,0,0,0,0,2,0,0,0,1643,-1,0,20,0,0,0,0,0,0,0,0,BENIGN
183.232.231.30-10.42.0.42-443-45946-6,10.42.0.42,45946,183.232.231.30,443,6,08/08/2017 02:58:44,506433,2,0,0.0,0.0,0.0,0.0,0.0,0.0,0,0,0,0,0.0,3.949189724998173,506433.0,0.0,506433.0,506433.0,506433.0,506433.0,0.0,506433.0,506433.0,0,0,0,0,0,0,0,0,0,40,0,3.949189724998173,0.0,0.0,0.0,0.0,0.0,0.0,0,0,0,0,1,0,0,0,0.0,0.0,0.0,0.0,40,0,0,0,0,0,0,2,0,0,0,1506,-1,0,20,0,0,0,0,0,0,0,0,BENIGN
183.232.231.30-10.42.0.42-443-45979-6,10.42.0.42,45979,183.232.231.30,443,6,08/08/2017 02:58:44,497510,2,0,0.0,0.0,0.0,0.0,0.0,0.0,0,0,0,0,0.0,4.020019698096521,497510.0,0.0,497510.0,497510.0,497510.0,497510.0,0.0,497510.0,497510.0,0,0,0,0,0,0,0,0,0,40,0,4.020019698096521,0.0,0.0,0.0,0.0,0.0,0.0,0,0,0,0,1,0,0,0,0.0,0.0,0.0,0.0,40,0,0,0,0,0,0,2,0,0,0,5384,-1,0,20,0,0,0,0,0,0,0,0,BENIGN
10.42.0.42-115.239.210.141-44274-80-6,10.42.0.42,44274,115.239.210.141,80,6,08/08/2017 02:58:44,169222,2,0,0.0,0.0,0.0,0.0,0.0,0.0,0,0,0,0,0.0,11.81879424661096,169222.0,0.0,169222.0,169222.0,169222.0,169222.0,0.0,169222.0,169222.0,0,0,0,0,0,0,0,0,0,40,0,11.81879424661096,0.0,0.0,0.0,0.0,0.0,0.0,0,0,0,0,1,0,0,0,0.0,0.0,0.0,0.0,40,0,0,0,0,0,0,2,0,0,0,2080,-1,0,20,0,0,0,0,0,0,0,0,BENIGN
222.73.28.96-10.42.0.42-80-36950-6,10.42.0.42,36950,222.73.28.96,80,6,08/08/2017 02:58:44,719836,3,5,572.0,2342.0,572.0,0.0,190.66666666666666,330.2443539764659,1460.0,0.0,468.4,673.1513945614315,4048.144299534894,11.113642551914602,102833.71428571428,173605.9465664644,357124.0,1.0,362481.0,181240.5,252932.80273720925,360091.0,2390.0,363040.0,90760.0,181366.03101646862,362809.0,1.0,0,0,0,0,80,112,4.167615956967976,6.946026594946626,0.0,1460.0,323.7777777777778,535.3993317556947,286652.44444444444,0,0,0,1,0,0,0,0,1.0,364.25,190.66666666666666,468.4,80,0,0,0,0,0,0,3,572,5,2342,65535,62,1,20,0,0,0,0,0,0,0,0,BENIGN
222.73.28.96-10.42.0.42-80-36950-6,10.42.0.42,36950,222.73.28.96,80,6,08/08/2017 02:58:44,11401,3,0,0.0,0.0,0.0,0.0,0.0,0.0,0,0,0,0,0.0,263.13481273572495,5700.5,7884.947717011191,11276.0,125.0,11401.0,5700.5,7884.947717011191,11276.0,125.0,0,0,0,0,0,0,0,0,0,60,0,263.13481273572495,0.0,0.0,0.0,0.0,0.0,0.0,0,0,0,0,1,0,0,0,0.0,0.0,0.0,0.0,60,0,0,0,0,0,0,3,0,0,0,1415,-1,0,20,0,0,0,0,0,0,0,0,BENIGN
183.232.231.30-10.42.0.42-443-45947-6,10.42.0.42,45947,183.232.231.30,443,6,08/08/2017 02:57:13,91363292,30,42,6975.0,26101.0,1269.0,0.0,232.50000000000003,417.93727874588694,1460.0,0.0,621.4523809523811,612.0509783638485,362.02723518325064,0.7880626718222894,1286806.929577465,1.0079633715736745E7,8.4997156E7,1.0,6366136.0,219521.93103448278,360077.04869384074,1515383.0,2.0,9.1090184E7,2221711.8048780486,1.3258935480431853E7,8.4999224E7,1.0,0,0,0,0,620,860,0.32835944659262056,0.45970322522966883,0.0,1460.0,453.09589041095904,568.6235125376496,323332.6990106545,0,0,0,1,0,0,0,0,1.0,459.3888888888889,232.5,621.452380952381,620,0,0,0,0,0,0,30,6975,42,26101,65535,864,9,20,0,0,0,0,0,0,0,0,BENIGN
180.76.172.9-10.42.0.42-80-60007-6,10.42.0.42,60007,180.76.172.9,80,6,08/08/2017 02:58:44,545567,3,4,558.0,614.0,558.0,0.0,186.0,322.1614502078112,614.0,0.0,153.5,307.0,2148.223774531817,12.830688073142253,90927.83333333334,133811.91356141152,263887.0,4.0,281292.0,140646.0,176261.92155993308,265282.0,16010.0,282436.0,94145.33333333334,162728.59369309788,282048.0,4.0,0,0,0,0,104,136,5.4988663170609655,7.331821756081288,0.0,614.0,146.5,271.67785545174115,73808.85714285714,0,0,0,1,0,0,0,0,1.0,167.42857142857142,186.0,153.5,104,0,0,0,0,0,0,3,558,4,614,65535,400,1,32,0,0,0,0,0,0,0,0,BENIGN
180.76.172.9-10.42.0.42-80-60007-6,10.42.0.42,60007,180.76.172.9,80,6,08/08/2017 02:58:45,33779,2,0,0.0,0.0,0.0,0.0,0.0,0.0,0,0,0,0,0.0,59.20838390716125,33779.0,0.0,33779.0,33779.0,33779.0,33779.0,0.0,33779.0,33779.0,0,0,0,0,0,0,0,0,0,64,0,59.20838390716125,0.0,0.0,0.0,0.0,0.0,0.0,0,0,0,0,1,0,0,0,0.0,0.0,0.0,0.0,64,0,0,0,0,0,0,2,0,0,0,1414,-1,0,32,0,0,0,0,0,0,0,0,BENIGN
222.73.28.96-10.42.0.42-80-36925-6,10.42.0.42,36925,222.73.28.96,80,6,08/08/2017 02:58:42,2299509,15,28,596.0,37460.0,596.0,0.0,39.73333333333334,153.88653828930802,1460.0,0.0,1337.8571428571427,389.4664645179697,16549.619940604713,18.699644141423235,54750.21428571429,206451.61396394754,1222005.0,0.0,1942053.0,138718.07142857145,337708.0682363357,1222005.0,1.0,1943367.0,71976.55555555555,309213.8865101597,1580153.0,0.0,0,0,0,0,320,572,6.523131677240663,12.17651246418257,0.0,1460.0,864.9090909090908,709.5992258386294,503531.0613107823,0,0,0,1,0,0,0,0,1.0,885.0232558139535,39.733333333333334,1337.857142857143,320,0,0,0,0,0,0,15,596,28,37460,65535,62,1,20,0,0,0,0,0,0,0,0,BENIGN
222.73.28.96-10.42.0.42-80-36925-6,10.42.0.42,36925,222.73.28.96,80,6,08/08/2017 02:58:45,6448,8,0,0.0,0.0,0.0,0.0,0.0,0.0,0,0,0,0,0.0,1240.6947890818858,921.1428571428571,1298.7164725953376,3601.0,2.0,6448.0,921.1428571428571,1298.7164725953376,3601.0,2.0,0,0,0,0,0,0,0,0,0,160,0,1240.6947890818858,0.0,0.0,0.0,0.0,0.0,0.0,0,0,0,0,1,0,0,0,0.0,0.0,0.0,0.0,160,0,0,0,0,0,0,8,0,0,0,1962,-1,0,20,0,0,0,0,0,0,0,0,BENIGN
10.42.0.42-36.110.210.167-37170-80-6,10.42.0.42,37170,36.110.210.167,80,6,08/08/2017 02:58:44,600819,3,4,512.0,445.0,512.0,0.0,170.66666666666666,295.6033378250884,445.0,0.0,111.25,222.50000000000003,1592.8257927928378,11.650763374660256,100136.5,135627.17485187104,276391.0,5.0,318278.0,159139.0,170046.45295330332,279380.0,38898.0,328524.0,109508.0,184372.92471238828,322374.0,5.0,0,0,0,0,80,92,4.993184303425823,6.657579071234432,0.0,512.0,119.625,222.22507091428082,49383.982142857145,0,0,0,1,0,0,0,0,1.0,136.71428571428572,170.66666666666666,111.25,80,0,0,0,0,0,0,3,512,4,445,65535,123,1,20,0,0,0,0,0,0,0,0,BENIGN
180.149.153.234-10.42.0.42-80-56552-6,10.42.0.42,56552,180.149.153.234,80,6,08/08/2017 02:58:42,2704270,3,4,708.0,222.0,708.0,0.0,236.0,408.76399058625503,222.0,0.0,55.5,111.0,343.9005720582634,2.5884989294708,450711.6666666667,833698.5449270417,2129121.0,5.0,2418528.0,1209264.0,1300874.244843828,2129121.0,289407.0,2419298.0,806432.6666666667,1393837.1649602163,2415896.0,5.0,0,0,0,0,80,92,1.1093566840589142,1.4791422454118857,0.0,708.0,116.25,251.40618812704557,63205.07142857143,0,0,0,1,0,0,0,0,1.0,132.85714285714286,236.0,55.5,80,0,0,0,0,0,0,3,708,4,222,65535,126,1,20,0,0,0,0,0,0,0,0,BENIGN
180.149.153.234-10.42.0.42-80-56552-6,10.42.0.42,56552,180.149.153.234,80,6,08/08/2017 02:58:45,1128,2,0,0.0,0.0,0.0,0.0,0.0,0.0,0,0,0,0,0.0,1773.0496453900707,1128.0,0.0,1128.0,1128.0,1128.0,1128.0,0.0,1128.0,1128.0,0,0,0,0,0,0,0,0,0,40,0,1773.0496453900707,0.0,0.0,0.0,0.0,0.0,0.0,0,0,0,0,1,0,0,0,0.0,0.0,0.0,0.0,40,0,0,0,0,0,0,2,0,0,0,1386,-1,0,20,0,0,0,0,0,0,0,0,BENIGN
183.232.231.30-10.42.0.42-443-46000-6,10.42.0.42,46000,183.232.231.30,443,6,08/08/2017 02:57:18,87082177,14,16,1532.0,5289.0,1094.0,0.0,109.42857142857142,290.6019519987684,1460.0,0.0,330.56250000000006,529.246126580063,78.32831280733829,0.34450218211701344,3002833.6896551726,1.5763472006368669E7,8.4960827E7,2.0,2121350.0,163180.76923076922,241130.96389554016,744951.0,122.0,8.6828752E7,5788583.466666667,2.19139233681242E7,8.4996663E7,2.0,0,0,0,0,300,352,0.1607676849879396,0.18373449712907383,0.0,1460.0,220.0322580645161,436.4445351451483,190483.8322580646,0,0,0,1,0,0,0,0,1.0,227.36666666666667,109.42857142857143,330.5625,300,0,0,0,0,0,0,14,1532,16,5289,65535,496,4,20,0,0,0,0,0,0,0,0,BENIGN
10.42.0.42-36.110.210.167-37170-80-6,10.42.0.42,37170,36.110.210.167,80,6,08/08/2017 02:58:45,453380,3,0,0.0,0.0,0.0,0.0,0.0,0.0,0,0,0,0,0.0,6.616965900569059,226690.0,265903.2624245141,414712.0,38668.0,453380.0,226690.0,265903.2624245141,414712.0,38668.0,0,0,0,0,0,0,0,0,0,60,0,6.616965900569059,0.0,0.0,0.0,0.0,0.0,0.0,0,0,0,0,1,0,0,0,0.0,0.0,0.0,0.0,60,0,0,0,0,0,0,3,0,0,0,1386,-1,0,20,0,0,0,0,0,0,0,0,BENIGN
222.73.28.96-10.42.0.42-80-36965-6,10.42.0.42,36965,222.73.28.96,80,6,08/08/2017 02:58:45,712233,3,7,542.0,5473.0,542.0,0.0,180.66666666666666,312.92384590077717,1460.0,0.0,781.8571428571429,727.4133232606774,8445.270016974782,14.040349155402797,79136.99999999999,155907.82475873362,356639.0,1.0,359413.0,179706.5,253235.4444395571,358771.0,642.0,355594.0,59265.66666666667,144574.9083536513,354377.0,1.0,0,0,0,0,80,152,4.212104746620839,9.828244408781957,0.0,1460.0,546.8181818181819,667.7228194665535,445853.76363636355,0,0,0,1,0,0,0,0,2.0,601.5,180.66666666666666,781.8571428571429,80,0,0,0,0,0,0,3,542,7,5473,65535,62,1,20,0,0,0,0,0,0,0,0,BENIGN
180.163.255.159-10.42.0.42-80-39310-6,10.42.0.42,39310,180.163.255.159,80,6,08/08/2017 02:58:35,10506154,3,1,0.0,0.0,0.0,0.0,0.0,0.0,0.0,0.0,0.0,0.0,0.0,0.380729237359361,3502051.3333333335,5766890.952597625,1.0158133E7,2360.0,1.0506154E7,5253077.0,6936796.719399524,1.0158133E7,348021.0,0,0,0,0,0,0,0,0,0,80,32,0.28554692801952075,0.09518230933984025,0.0,0.0,0.0,0.0,0.0,0,0,0,1,0,0,0,0,0.0,0.0,0.0,0.0,80,0,0,0,0,0,0,3,0,1,0,65535,14600,0,20,0,0,0,0,0,0,0,0,BENIGN
222.73.28.96-10.42.0.42-80-36965-6,10.42.0.42,36965,222.73.28.96,80,6,08/08/2017 02:58:45,70577,6,0,0.0,0.0,0.0,0.0,0.0,0.0,0,0,0,0,0.0,85.01353132040182,14115.4,18504.863733624195,37132.0,118.0,70577.0,14115.4,18504.863733624195,37132.0,118.0,0,0,0,0,0,0,0,0,0,120,0,85.01353132040182,0.0,0.0,0.0,0.0,0.0,0.0,0,0,0,0,1,0,0,0,0.0,0.0,0.0,0.0,120,0,0,0,0,0,0,6,0,0,0,1415,-1,0,20,0,0,0,0,0,0,0,0,BENIGN
174.35.73.93-10.42.0.42-80-48665-6,10.42.0.42,48665,174.35.73.93,80,6,08/08/2017 02:58:26,19966845,14,15,1286.0,10452.0,740.0,0.0,91.85714285714286,236.5761731753342,1448.0,0.0,696.8000000000001,590.1190194722224,587.8745490336606,1.452407728912605,713101.6071428572,2235680.3847622355,9712384.0,1.0,1.3626396E7,1048184.3076923077,2809328.734648765,9712384.0,1.0,1.994342E7,1424530.0,3057622.6921383524,9736800.0,2.0,0,0,0,0,480,488,0.7011623518888438,0.7512453770237612,0.0,1448.0,391.26666666666654,538.5596328735747,290046.47816091956,0,0,0,1,0,0,0,0,1.0,404.7586206896552,91.85714285714286,696.8,480,0,0,0,0,0,0,14,1286,15,10452,65535,672,2,32,24886.0,0.0,24886.0,24886.0,9712384.0,0.0,9712384.0,9712384.0,BENIGN
174.35.73.93-10.42.0.42-80-48665-6,10.42.0.42,48665,174.35.73.93,80,6,08/08/2017 02:58:46,18256,1,1,0.0,0.0,0.0,0.0,0.0,0.0,0.0,0.0,0.0,0.0,0.0,109.5530236634531,18256.0,0.0,18256.0,18256.0,0,0,0,0,0,0,0,0,0,0,0,0,0,0,32,32,54.77651183172655,54.77651183172655,0.0,0.0,0.0,0.0,0.0,0,0,0,0,1,0,0,0,1.0,0.0,0.0,0.0,32,0,0,0,0,0,0,1,0,1,0,1748,672,0,32,0,0,0,0,0,0,0,0,BENIGN
180.163.255.159-10.42.0.42-80-39309-6,10.42.0.42,39309,180.163.255.159,80,6,08/08/2017 02:58:35,10743951,5,5,1053.0,828.0,1053.0,0.0,210.6,470.9159160614557,414.0,0.0,165.6,226.75713880713877,175.07525862692412,0.9307562925407982,1193772.3333333333,2208945.8505576253,5932194.0,1159.0,6690638.0,1672659.5,2845854.2344850227,5936086.0,50070.0,1.0398798E7,2599699.5,2881016.7916695084,5942676.0,1159.0,0,0,0,0,132,112,0.4653781462703991,0.4653781462703991,0.0,1053.0,171.0,336.14728914569577,112995.0,0,0,0,1,0,0,0,0,1.0,188.1,210.6,165.6,132,0,0,0,0,0,0,5,1053,5,828,65535,33,1,20,754552.0,0.0,754552.0,754552.0,5932194.0,0.0,5932194.0,5932194.0,BENIGN
180.149.153.234-10.42.0.42-80-56602-6,10.42.0.42,56602,180.149.153.234,80,6,08/08/2017 02:58:45,545257,3,4,728.0,222.0,728.0,0.0,242.66666666666666,420.31099597004754,222.0,0.0,55.5,111.0,1742.2976688057192,12.837982822778983,90876.16666666666,137826.08032940162,271522.0,5.0,275679.0,137839.5,191912.31594793493,273542.0,2137.0,273735.0,91245.0,155000.7816238357,270213.0,5.0,0,0,0,0,80,92,5.50199263833385,7.335990184445134,0.0,728.0,118.75,258.1404656383807,66636.50000000001,0,0,0,1,0,0,0,0,1.0,135.71428571428572,242.66666666666666,55.5,80,0,0,0,0,0,0,3,728,4,222,65535,126,1,20,0,0,0,0,0,0,0,0,BENIGN
180.149.153.234-10.42.0.42-80-56603-6,10.42.0.42,56603,180.149.153.234,80,6,08/08/2017 02:58:45,544524,3,4,728.0,222.0,728.0,0.0,242.66666666666666,420.31099597004754,222.0,0.0,55.5,111.0,1744.643027671875,12.85526441442434,90754.0,137894.22686537678,271540.0,265.0,274692.0,137346.0,192604.57348671657,273538.0,1154.0,272984.0,90994.66666666666,154270.9311319969,269121.0,265.0,0,0,0,0,80,92,5.509399034753289,7.345865379671052,0.0,728.0,118.75,258.1404656383807,66636.50000000001,0,0,0,1,0,0,0,0,1.0,135.71428571428572,242.66666666666666,55.5,80,0,0,0,0,0,0,3,728,4,222,65535,126,1,20,0,0,0,0,0,0,0,0,BENIGN
180.149.153.234-10.42.0.42-80-56602-6,10.42.0.42,56602,180.149.153.234,80,6,08/08/2017 02:58:46,6502,2,0,0.0,0.0,0.0,0.0,0.0,0.0,0,0,0,0,0.0,307.59766225776684,6502.0,0.0,6502.0,6502.0,6502.0,6502.0,0.0,6502.0,6502.0,0,0,0,0,0,0,0,0,0,40,0,307.59766225776684,0.0,0.0,0.0,0.0,0.0,0.0,0,0,0,0,1,0,0,0,0.0,0.0,0.0,0.0,40,0,0,0,0,0,0,2,0,0,0,1386,-1,0,20,0,0,0,0,0,0,0,0,BENIGN
180.149.153.234-10.42.0.42-80-56603-6,10.42.0.42,56603,180.149.153.234,80,6,08/08/2017 02:58:46,15646,2,0,0.0,0.0,0.0,0.0,0.0,0.0,0,0,0,0,0.0,127.82819890067749,15646.0,0.0,15646.0,15646.0,15646.0,15646.0,0.0,15646.0,15646.0,0,0,0,0,0,0,0,0,0,40,0,127.82819890067749,0.0,0.0,0.0,0.0,0.0,0.0,0,0,0,0,1,0,0,0,0.0,0.0,0.0,0.0,40,0,0,0,0,0,0,2,0,0,0,1386,-1,0,20,0,0,0,0,0,0,0,0,BENIGN
180.163.255.159-10.42.0.42-80-39310-6,180.163.255.159,80,10.42.0.42,39310,6,08/08/2017 02:58:46,12342,2,0,0.0,0.0,0.0,0.0,0.0,0.0,0,0,0,0,0.0,162.04829039053638,12342.0,0.0,12342.0,12342.0,12342.0,12342.0,0.0,12342.0,12342.0,0,0,0,0,0,0,0,0,0,40,0,162.04829039053638,0.0,0.0,0.0,0.0,0.0,0.0,0,0,0,0,1,0,0,0,0.0,0.0,0.0,0.0,40,0,0,0,0,0,0,2,0,0,0,29,-1,0,20,0,0,0,0,0,0,0,0,BENIGN
180.149.153.234-10.42.0.42-80-56604-6,10.42.0.42,56604,180.149.153.234,80,6,08/08/2017 02:58:45,597309,3,4,718.0,222.0,718.0,0.0,239.33333333333334,414.5374932781513,222.0,0.0,55.5,111.0,1573.7248224955592,11.719227401562677,99551.5,146415.7482851486,291564.0,5.0,309140.0,154570.0,196596.89837329581,293585.0,15555.0,305745.0,101915.0,174029.411810188,302860.0,5.0,0,0,0,0,80,92,5.022526029241146,6.696701372321529,0.0,718.0,117.5,254.77104567490736,64908.285714285725,0,0,0,1,0,0,0,0,1.0,134.28571428571428,239.33333333333334,55.5,80,0,0,0,0,0,0,3,718,4,222,65535,126,1,20,0,0,0,0,0,0,0,0,BENIGN
180.149.153.234-10.42.0.42-80-56604-6,10.42.0.42,56604,180.149.153.234,80,6,08/08/2017 02:58:46,36405,3,0,0.0,0.0,0.0,0.0,0.0,0.0,0,0,0,0,0.0,82.40626287597857,18202.5,25302.40195119823,36094.0,311.0,36405.0,18202.5,25302.40195119823,36094.0,311.0,0,0,0,0,0,0,0,0,0,60,0,82.40626287597857,0.0,0.0,0.0,0.0,0.0,0.0,0,0,0,0,1,0,0,0,0.0,0.0,0.0,0.0,60,0,0,0,0,0,0,3,0,0,0,1386,-1,0,20,0,0,0,0,0,0,0,0,BENIGN
171.84.4.11-10.42.0.42-80-47847-6,10.42.0.42,47847,171.84.4.11,80,6,08/08/2017 02:58:44,1534903,4,4,540.0,603.0,540.0,0.0,135.0,270.0,603.0,0.0,150.75,301.5,744.6724646443456,5.2120557455422265,219271.85714285713,362141.92055713397,996077.0,267.0,538826.0,179608.66666666666,136653.17938611357,259456.0,21819.0,1279670.0,426556.6666666667,515204.54435139964,999067.0,267.0,0,0,0,0,100,92,2.6060278727711133,2.6060278727711133,0.0,603.0,127.0,252.49950495000977,63756.0,0,0,0,1,0,0,0,0,1.0,142.875,135.0,150.75,100,0,0,0,0,0,0,4,540,4,603,65535,31,1,20,0,0,0,0,0,0,0,0,BENIGN
171.84.4.11-10.42.0.42-80-47848-6,10.42.0.42,47848,171.84.4.11,80,6,08/08/2017 02:58:45,1522375,2,2,0.0,0.0,0.0,0.0,0.0,0.0,0.0,0.0,0.0,0.0,0.0,2.627473519993431,507458.3333333333,667123.231970176,1263676.0,2249.0,258699.0,258699.0,0.0,258699.0,258699.0,1265925.0,1265925.0,0.0,1265925.0,1265925.0,0,0,0,0,60,52,1.3137367599967156,1.3137367599967156,0.0,0.0,0.0,0.0,0.0,0,0,0,1,0,0,0,0,1.0,0.0,0.0,0.0,60,0,0,0,0,0,0,2,0,2,0,65535,29,0,20,0,0,0,0,0,0,0,0,BENIGN
10.42.0.42-104.192.110.245-50659-80-6,10.42.0.42,50659,104.192.110.245,80,6,08/08/2017 02:58:36,10246463,3,1,0.0,0.0,0.0,0.0,0.0,0.0,0.0,0.0,0.0,0.0,0.0,0.3903786116243234,3415487.6666666665,5832790.896124799,1.0150402E7,1702.0,1.0246463E7,5123231.5,7109492.701461934,1.0150402E7,96061.0,0,0,0,0,0,0,0,0,0,80,32,0.2927839587182426,0.09759465290608085,0.0,0.0,0.0,0.0,0.0,0,0,0,1,0,0,0,0,0.0,0.0,0.0,0.0,80,0,0,0,0,0,0,3,0,1,0,65535,14600,0,20,0,0,0,0,0,0,0,0,BENIGN
171.84.4.11-10.42.0.42-80-47848-6,10.42.0.42,47848,171.84.4.11,80,6,08/08/2017 02:58:46,100868,2,0,0.0,0.0,0.0,0.0,0.0,0.0,0,0,0,0,0.0,19.827893881111947,100868.0,0.0,100868.0,100868.0,100868.0,100868.0,0.0,100868.0,100868.0,0,0,0,0,0,0,0,0,0,40,0,19.827893881111947,0.0,0.0,0.0,0.0,0.0,0.0,0,0,0,0,1,0,0,0,0.0,0.0,0.0,0.0,40,0,0,0,0,0,0,2,0,0,0,1369,-1,0,20,0,0,0,0,0,0,0,0,BENIGN
171.84.4.11-10.42.0.42-80-47847-6,10.42.0.42,47847,171.84.4.11,80,6,08/08/2017 02:58:46,231077,2,0,0.0,0.0,0.0,0.0,0.0,0.0,0,0,0,0,0.0,8.655123616803056,231077.0,0.0,231077.0,231077.0,231077.0,231077.0,0.0,231077.0,231077.0,0,0,0,0,0,0,0,0,0,40,0,8.655123616803056,0.0,0.0,0.0,0.0,0.0,0.0,0,0,0,0,1,0,0,0,0.0,0.0,0.0,0.0,40,0,0,0,0,0,0,2,0,0,0,1388,-1,0,20,0,0,0,0,0,0,0,0,BENIGN
174.35.73.93-10.42.0.42-80-48665-6,10.42.0.42,48665,174.35.73.93,80,6,08/08/2017 02:58:46,601407,2,0,0.0,0.0,0.0,0.0,0.0,0.0,0,0,0,0,0.0,3.325534953866516,601407.0,0.0,601407.0,601407.0,601407.0,601407.0,0.0,601407.0,601407.0,0,0,0,0,0,0,0,0,0,76,0,3.325534953866516,0.0,0.0,0.0,0.0,0.0,0.0,0,0,0,0,1,0,0,0,0.0,0.0,0.0,0.0,76,0,0,0,0,0,0,2,0,0,0,1748,-1,0,32,0,0,0,0,0,0,0,0,BENIGN
180.163.255.159-10.42.0.42-80-39309-6,10.42.0.42,39309,180.163.255.159,80,6,08/08/2017 02:58:46,551195,2,0,0.0,0.0,0.0,0.0,0.0,0.0,0,0,0,0,0.0,3.628479939041537,551195.0,0.0,551195.0,551195.0,551195.0,551195.0,0.0,551195.0,551195.0,0,0,0,0,0,0,0,0,0,40,0,3.628479939041537,0.0,0.0,0.0,0.0,0.0,0.0,0,0,0,0,1,0,0,0,0.0,0.0,0.0,0.0,40,0,0,0,0,0,0,2,0,0,0,1386,-1,0,20,0,0,0,0,0,0,0,0,BENIGN
174.35.73.78-10.42.0.42-80-57462-6,10.42.0.42,57462,174.35.73.78,80,6,08/08/2017 02:58:40,6687389,7,13,529.0,12458.0,529.0,0.0,75.57142857142857,199.9432062218812,1448.0,0.0,958.3076923076924,624.4335279028752,1942.013542206084,2.9907038457012147,351967.8421052632,1519620.8074475268,6627148.0,2.0,60241.0,10040.166666666666,14990.05533567727,32967.0,122.0,6664440.0,555370.0,1914598.6216269026,6634992.0,2.0,0,0,0,0,244,424,1.0467463459954252,1.9439574997057896,0.0,1448.0,618.4285714285713,665.8045187161598,443295.6571428572,0,0,0,1,0,0,0,0,1.0,649.35,75.57142857142857,958.3076923076923,244,0,0,0,0,0,0,7,529,13,12458,65535,675,1,32,0,0,0,0,0,0,0,0,BENIGN
10.42.0.42-115.239.210.141-44273-80-6,10.42.0.42,44273,115.239.210.141,80,6,08/08/2017 02:58:29,17420787,28,35,7272.0,34556.0,1452.0,0.0,259.71428571428567,506.35998446010115,1460.0,0.0,987.3142857142856,633.3356034162471,2401.0396315619955,3.616369340834028,280980.4354838709,1291464.7586674802,9995901.0,1.0,7424886.0,274995.77777777775,432690.1526014388,1768680.0,1.0,1.7104777E7,503081.6764705882,1759164.4863963935,9999506.0,2.0,0,0,0,0,592,720,1.6072752625929012,2.0090940782411266,0.0,1460.0,653.5625,681.1492360313059,463964.28174603166,0,0,0,1,0,0,0,0,1.0,663.936507936508,259.7142857142857,987.3142857142857,592,0,0,0,0,0,0,28,7272,35,34556,65535,560,7,20,0,0,0,0,0,0,0,0,BENIGN
174.35.73.78-10.42.0.42-80-57479-6,10.42.0.42,57479,174.35.73.78,80,6,08/08/2017 02:58:41,6785873,5,5,404.0,626.0,404.0,0.0,80.8,180.674292581983,516.0,0.0,125.2,223.59606436607956,151.7859234913474,1.4736497426344408,753985.8888888889,2038029.514298704,6166782.0,128.0,619091.0,154772.75,287759.08051050274,586107.0,128.0,6762960.0,1690740.0,2996449.2863969295,6168857.0,228.0,0,0,0,0,168,168,0.7368248713172204,0.7368248713172204,0.0,516.0,93.63636363636364,185.77581797816032,34512.654545454556,0,0,0,1,0,0,0,0,1.0,103.0,80.8,125.2,168,0,0,0,0,0,0,5,404,5,626,65535,676,1,32,0,0,0,0,0,0,0,0,BENIGN
10.42.0.42-31.13.71.1-47423-443-6,10.42.0.42,47423,31.13.71.1,443,6,08/08/2017 02:57:36,71292744,5,6,217.0,257.0,217.0,0.0,43.4,97.04535022349087,138.0,0.0,42.83333333333333,56.087134591336245,6.6486429530612545,0.15429340186429072,7129274.4,2.0427118280656274E7,6.499887E7,4.0,6293870.0,1573467.5,3104510.217197929,6230179.0,121.0,7.1263164E7,1.42526328E7,2.8498351929162845E7,6.5000776E7,4.0,0,0,0,0,168,200,0.0701333644837685,0.0841600373805222,0.0,217.0,39.5,70.7768580565967,5009.363636363636,0,0,0,1,0,0,0,0,1.0,43.09090909090909,43.4,42.833333333333336,168,0,0,0,0,0,0,5,217,6,257,65535,114,1,32,31845.5,119.50104602052653,31930.0,31761.0,3.56145245E7,4.155573992755683E7,6.499887E7,6230179.0,BENIGN
174.35.73.78-10.42.0.42-80-57479-6,174.35.73.78,80,10.42.0.42,57479,6,08/08/2017 02:58:47,119812,2,0,0.0,0.0,0.0,0.0,0.0,0.0,0,0,0,0,0.0,16.69281874937402,119812.0,0.0,119812.0,119812.0,119812.0,119812.0,0.0,119812.0,119812.0,0,0,0,0,0,0,0,0,0,64,0,16.69281874937402,0.0,0.0,0.0,0.0,0.0,0.0,0,0,0,0,1,1,0,0,0.0,0.0,0.0,0.0,64,0,0,0,0,0,0,2,0,0,0,676,-1,0,32,0,0,0,0,0,0,0,0,BENIGN
10.42.0.42-31.13.71.1-47423-443-6,31.13.71.1,443,10.42.0.42,47423,6,08/08/2017 02:58:48,95183,2,0,42.0,0.0,42.0,0.0,21.0,29.698484809834994,0,0,0,0,441.2552661714802,21.012155531975246,95183.0,0.0,95183.0,95183.0,95183.0,95183.0,0.0,95183.0,95183.0,0,0,0,0,0,0,0,0,0,64,0,21.012155531975246,0.0,0.0,42.0,14.0,24.24871130596428,588.0,0,0,0,0,1,1,0,0,0.0,21.0,21.0,0.0,64,0,0,0,0,0,0,2,42,0,0,114,-1,1,32,0,0,0,0,0,0,0,0,BENIGN
10.42.0.42-106.11.94.21-52023-443-6,10.42.0.42,52023,106.11.94.21,443,6,08/08/2017 02:58:42,6009533,9,9,771.0,4087.0,441.0,0.0,85.66666666666667,152.44835190975337,1452.0,0.0,454.1111111111111,594.5450875342518,808.3822819510268,2.9952410611606592,353501.9411764706,1200388.4188360902,4995056.0,2.0,1014469.0,126808.62500000001,131937.09128535193,299243.0,654.0,5713155.0,714144.375,1736299.3910109873,4998304.0,2.0,0,0,0,0,200,200,1.4976205305803296,1.4976205305803296,0.0,1452.0,255.6842105263158,452.9951008603832,205204.56140350876,0,0,0,1,0,0,0,0,1.0,269.8888888888889,85.66666666666667,454.1111111111111,200,0,0,0,0,0,0,9,771,9,4087,65535,16616,3,20,0,0,0,0,0,0,0,0,BENIGN
10.42.0.42-31.13.71.37-50940-443-6,10.42.0.42,50940,31.13.71.37,443,6,08/08/2017 02:57:44,65100482,10,9,1414.0,747.0,1088.0,0.0,141.4,340.4595587013399,418.0,0.0,83.0,133.25726997053482,33.19483871102521,0.2918565180515868,3616693.4444444445,1.5307898011995677E7,6.4954475E7,4.0,145998.0,16222.0,24488.56752139659,71855.0,4.0,6.5070875E7,8133859.375,2.2959846363573525E7,6.4956562E7,5.0,0,0,0,0,328,296,0.15360869371136146,0.1382478243402253,0.0,1088.0,108.04999999999998,252.74482138481514,63879.9447368421,0,0,0,1,0,0,0,0,0.0,113.73684210526316,141.4,83.0,328,0,0,0,0,0,0,10,1414,9,747,65535,122,3,32,145998.0,0.0,145998.0,145998.0,6.4954475E7,0.0,6.4954475E7,6.4954475E7,BENIGN
174.35.73.97-10.42.0.42-80-43402-6,10.42.0.42,43402,174.35.73.97,80,6,08/08/2017 02:58:43,6176764,11,11,435.0,9826.0,435.0,0.0,39.54545454545455,131.15743489132717,1448.0,0.0,893.2727272727273,659.1916399514016,1661.2258457664886,3.561735562504897,294131.61904761905,1321676.7458655115,6062074.0,1.0,114690.0,11469.0,19949.6500387016,59637.0,1.0,6153861.0,615386.1000000001,1915863.734728279,6067503.0,2.0,0,0,0,0,372,360,1.7808677812524485,1.7808677812524485,0.0,1448.0,446.13043478260875,630.0834940594508,397005.209486166,0,0,0,1,0,0,0,0,1.0,466.40909090909093,39.54545454545455,893.2727272727273,372,0,0,0,0,0,0,11,435,11,9826,65535,676,1,32,0,0,0,0,0,0,0,0,BENIGN
10.42.0.42-31.13.71.37-50940-443-6,31.13.71.37,443,10.42.0.42,50940,6,08/08/2017 02:58:49,99057,2,0,42.0,0.0,42.0,0.0,21.0,29.698484809834994,0,0,0,0,423.99830400678394,20.190395428894472,99057.0,0.0,99057.0,99057.0,99057.0,99057.0,0.0,99057.0,99057.0,0,0,0,0,0,0,0,0,0,64,0,20.190395428894472,0.0,0.0,42.0,14.0,24.24871130596428,588.0,0,0,0,0,1,1,0,0,0.0,21.0,21.0,0.0,64,0,0,0,0,0,0,2,42,0,0,122,-1,1,32,0,0,0,0,0,0,0,0,BENIGN
174.35.73.97-10.42.0.42-80-43402-6,174.35.73.97,80,10.42.0.42,43402,6,08/08/2017 02:58:49,120125,2,0,0.0,0.0,0.0,0.0,0.0,0.0,0,0,0,0,0.0,16.64932362122789,120125.0,0.0,120125.0,120125.0,120125.0,120125.0,0.0,120125.0,120125.0,0,0,0,0,0,0,0,0,0,64,0,16.64932362122789,0.0,0.0,0.0,0.0,0.0,0.0,0,0,0,0,1,1,0,0,0.0,0.0,0.0,0.0,64,0,0,0,0,0,0,2,0,0,0,676,-1,0,32,0,0,0,0,0,0,0,0,BENIGN
163.177.151.166-10.42.0.42-80-51905-6,10.42.0.42,51905,163.177.151.166,80,6,08/08/2017 02:58:31,18255647,2,0,0.0,0.0,0.0,0.0,0.0,0.0,0,0,0,0,0.0,0.10955514203358556,1.8255647E7,0.0,1.8255647E7,1.8255647E7,1.8255647E7,1.8255647E7,0.0,1.8255647E7,1.8255647E7,0,0,0,0,0,0,0,0,0,40,0,0.10955514203358556,0.0,0.0,0.0,0.0,0.0,0.0,0,0,0,0,1,1,0,0,0.0,0.0,0.0,0.0,40,0,0,0,0,0,0,2,0,0,0,1386,-1,0,20,0,0,0,0,0,0,0,0,BENIGN
10.42.0.42-64.71.142.96-43867-80-6,10.42.0.42,43867,64.71.142.96,80,6,08/08/2017 02:58:38,11583030,3,1,0.0,0.0,0.0,0.0,0.0,0.0,0.0,0.0,0.0,0.0,0.0,0.3453327842542063,3861010.0,6622629.1738546705,1.1508061E7,3200.0,1.158303E7,5791515.0,8084416.883129667,1.1508061E7,74969.0,0,0,0,0,0,0,0,0,0,80,32,0.2589995881906548,0.08633319606355158,0.0,0.0,0.0,0.0,0.0,0,0,0,1,0,0,0,0,0.0,0.0,0.0,0.0,80,0,0,0,0,0,0,3,0,1,0,65535,14600,0,20,0,0,0,0,0,0,0,0,BENIGN
180.149.136.247-10.42.0.42-80-33977-6,10.42.0.42,33977,180.149.136.247,80,6,08/08/2017 02:58:38,11251462,4,2,0.0,0.0,0.0,0.0,0.0,0.0,0.0,0.0,0.0,0.0,0.0,0.5332640327097048,2250292.4,4202735.859550335,9711306.0,2033.0,1.1251462E7,3750487.3333333335,5186353.097387637,9711306.0,270339.0,1262785.0,1262785.0,0.0,1262785.0,1262785.0,0,0,0,0,112,64,0.35550935513980314,0.17775467756990157,0.0,0.0,0.0,0.0,0.0,0,0,0,1,0,0,0,0,0.0,0.0,0.0,0.0,112,0,0,0,0,0,0,4,0,2,0,65535,14600,0,20,0,0,0,0,0,0,0,0,BENIGN
180.149.138.210-10.42.0.42-80-40797-6,10.42.0.42,40797,180.149.138.210,80,6,08/08/2017 02:58:38,11456672,4,2,0.0,0.0,0.0,0.0,0.0,0.0,0.0,0.0,0.0,0.0,0.0,0.5237122962060885,2291334.4,4242627.045128266,9812671.0,2393.0,1.1456672E7,3818890.6666666665,5220721.014324778,9812671.0,263542.0,1378572.0,1378572.0,0.0,1378572.0,1378572.0,0,0,0,0,112,64,0.349141530804059,0.1745707654020295,0.0,0.0,0.0,0.0,0.0,0,0,0,1,0,0,0,0,0.0,0.0,0.0,0.0,112,0,0,0,0,0,0,4,0,2,0,65535,14600,0,20,0,0,0,0,0,0,0,0,BENIGN
10.42.0.42-23.208.87.120-36826-80-6,10.42.0.42,36826,23.208.87.120,80,6,08/08/2017 02:58:38,11978795,3,1,0.0,0.0,0.0,0.0,0.0,0.0,0.0,0.0,0.0,0.0,0.0,0.33392340381482444,3992931.6666666665,6893928.245328227,1.1953345E7,2174.0,1.1978795E7,5989397.5,8434295.439781114,1.1953345E7,25450.0,0,0,0,0,0,0,0,0,0,104,40,0.25044255286111833,0.08348085095370611,0.0,0.0,0.0,0.0,0.0,0,0,0,1,0,0,0,0,0.0,0.0,0.0,0.0,104,0,0,0,0,0,0,3,0,1,0,65535,28960,0,32,0,0,0,0,0,0,0,0,BENIGN
10.42.0.42-104.193.88.109-40376-80-6,10.42.0.42,40376,104.193.88.109,80,6,08/08/2017 02:58:38,11856728,3,1,0.0,0.0,0.0,0.0,0.0,0.0,0.0,0.0,0.0,0.0,0.0,0.33736120116780954,3952242.6666666665,6763919.038298531,1.1762404E7,6718.0,1.1856728E7,5928364.0,8250578.491427131,1.1762404E7,94324.0,0,0,0,0,0,0,0,0,0,104,40,0.25302090087585716,0.08434030029195239,0.0,0.0,0.0,0.0,0.0,0,0,0,1,0,0,0,0,0.0,0.0,0.0,0.0,104,0,0,0,0,0,0,3,0,1,0,65535,14480,0,32,0,0,0,0,0,0,0,0,BENIGN
10.42.0.42-123.125.29.138-57626-80-6,10.42.0.42,57626,123.125.29.138,80,6,08/08/2017 02:58:37,12866461,3,1,0.0,0.0,0.0,0.0,0.0,0.0,0.0,0.0,0.0,0.0,0.0,0.310885798355896,4288820.333333334,7153421.529622894,1.254698E7,6317.0,1.2866461E7,6433230.5,8646147.459851729,1.254698E7,319481.0,0,0,0,0,0,0,0,0,0,80,32,0.23316434876692202,0.077721449588974,0.0,0.0,0.0,0.0,0.0,0,0,0,1,0,0,0,0,0.0,0.0,0.0,0.0,80,0,0,0,0,0,0,3,0,1,0,65535,14600,0,20,0,0,0,0,0,0,0,0,BENIGN
10.42.0.42-115.239.210.141-44273-80-6,10.42.0.42,44273,115.239.210.141,80,6,08/08/2017 02:58:47,2750413,2,0,0.0,0.0,0.0,0.0,0.0,0.0,0,0,0,0,0.0,0.7271635205330981,2750413.0,0.0,2750413.0,2750413.0,2750413.0,2750413.0,0.0,2750413.0,2750413.0,0,0,0,0,0,0,0,0,0,40,0,0.7271635205330981,0.0,0.0,0.0,0.0,0.0,0.0,0,0,0,0,1,0,0,0,0.0,0.0,0.0,0.0,40,0,0,0,0,0,0,2,0,0,0,2438,-1,0,20,0,0,0,0,0,0,0,0,BENIGN
219.142.78.162-10.42.0.42-80-49498-6,10.42.0.42,49498,219.142.78.162,80,6,08/08/2017 02:58:38,11159235,4,2,0.0,0.0,0.0,0.0,0.0,0.0,0.0,0.0,0.0,0.0,0.0,0.5376712651001614,2231847.0,4260599.828331276,9811599.0,1927.0,1.1159235E7,3719745.0,5292081.878553657,9811599.0,257745.0,1089974.0,1089974.0,0.0,1089974.0,1089974.0,0,0,0,0,112,64,0.3584475100667743,0.17922375503338714,0.0,0.0,0.0,0.0,0.0,0,0,0,1,0,0,0,0,0.0,0.0,0.0,0.0,112,0,0,0,0,0,0,4,0,2,0,65535,14600,0,20,0,0,0,0,0,0,0,0,BENIGN
10.42.0.42-64.71.142.110-60263-80-6,10.42.0.42,60263,64.71.142.110,80,6,08/08/2017 02:58:37,12471912,3,1,0.0,0.0,0.0,0.0,0.0,0.0,0.0,0.0,0.0,0.0,0.0,0.3207206721792136,4157304.0,7136543.134647755,1.2397776E7,2228.0,1.2471912E7,6235956.0,8714129.412901785,1.2397776E7,74136.0,0,0,0,0,0,0,0,0,0,80,32,0.2405405041344102,0.0801801680448034,0.0,0.0,0.0,0.0,0.0,0,0,0,1,0,0,0,0,0.0,0.0,0.0,0.0,80,0,0,0,0,0,0,3,0,1,0,65535,14600,0,20,0,0,0,0,0,0,0,0,BENIGN
174.35.73.78-10.42.0.42-80-57479-6,10.42.0.42,57479,174.35.73.78,80,6,08/08/2017 02:58:48,1804609,4,0,0.0,0.0,0.0,0.0,0.0,0.0,0,0,0,0,0.0,2.2165466314309636,601536.3333333334,1039592.1715674533,1801953.0,4.0,1804609.0,601536.3333333334,1039592.1715674533,1801953.0,4.0,0,0,0,0,0,0,0,0,0,152,0,2.2165466314309636,0.0,0.0,0.0,0.0,0.0,0.0,0,0,0,0,1,0,0,0,0.0,0.0,0.0,0.0,152,0,0,0,0,0,0,4,0,0,0,1386,-1,0,32,0,0,0,0,0,0,0,0,BENIGN
10.42.0.42-106.39.162.36-41751-80-6,10.42.0.42,41751,106.39.162.36,80,6,08/08/2017 02:58:38,11346804,3,1,0.0,0.0,0.0,0.0,0.0,0.0,0.0,0.0,0.0,0.0,0.0,0.35252217276336134,3782268.0,6333940.71383124,1.1094673E7,2151.0,1.1346804E7,5673402.0,7666834.973499951,1.1094673E7,252131.0,0,0,0,0,0,0,0,0,0,80,40,0.26439162957252105,0.08813054319084034,0.0,0.0,0.0,0.0,0.0,0,0,0,1,0,0,0,0,0.0,0.0,0.0,0.0,80,0,0,0,0,0,0,3,0,1,0,65535,8192,0,20,0,0,0,0,0,0,0,0,BENIGN
174.35.73.78-10.42.0.42-80-57462-6,10.42.0.42,57462,174.35.73.78,80,6,08/08/2017 02:58:46,3047487,2,0,0.0,0.0,0.0,0.0,0.0,0.0,0,0,0,0,0.0,0.6562784353140801,3047487.0,0.0,3047487.0,3047487.0,3047487.0,3047487.0,0.0,3047487.0,3047487.0,0,0,0,0,0,0,0,0,0,64,0,0.6562784353140801,0.0,0.0,0.0,0.0,0.0,0.0,0,0,0,0,1,0,0,0,0.0,0.0,0.0,0.0,64,0,0,0,0,0,0,2,0,0,0,1748,-1,0,32,0,0,0,0,0,0,0,0,BENIGN
10.42.0.42-104.193.88.109-40376-80-6,104.193.88.109,80,10.42.0.42,40376,6,08/08/2017 02:58:50,1,2,0,0.0,0.0,0.0,0.0,0.0,0.0,0,0,0,0,0.0,2000000.0,1.0,0.0,1.0,1.0,1.0,1.0,0.0,1.0,1.0,0,0,0,0,0,0,0,0,0,64,0,2000000.0,0.0,0.0,0.0,0.0,0.0,0.0,0,0,0,0,1,0,0,0,0.0,0.0,0.0,0.0,64,0,0,0,0,0,0,2,0,0,0,3620,-1,0,32,0,0,0,0,0,0,0,0,BENIGN
174.35.73.78-10.42.0.42-80-57479-6,174.35.73.78,80,10.42.0.42,57479,6,08/08/2017 02:58:50,117009,1,1,0.0,0.0,0.0,0.0,0.0,0.0,0.0,0.0,0.0,0.0,0.0,17.092702270765496,117009.0,0.0,117009.0,117009.0,0,0,0,0,0,0,0,0,0,0,0,0,0,0,32,32,8.546351135382748,8.546351135382748,0.0,0.0,0.0,0.0,0.0,0,0,0,0,1,0,0,0,1.0,0.0,0.0,0.0,32,0,0,0,0,0,0,1,0,1,0,676,1386,0,32,0,0,0,0,0,0,0,0,BENIGN
10.42.0.42-23.208.87.120-36826-80-6,23.208.87.120,80,10.42.0.42,36826,6,08/08/2017 02:58:50,116341,1,1,0.0,0.0,0.0,0.0,0.0,0.0,0.0,0.0,0.0,0.0,0.0,17.1908441564023,116341.0,0.0,116341.0,116341.0,0,0,0,0,0,0,0,0,0,0,0,0,0,0,32,32,8.59542207820115,8.59542207820115,0.0,0.0,0.0,0.0,0.0,0,0,0,0,1,1,0,0,1.0,0.0,0.0,0.0,32,0,0,0,0,0,0,1,0,1,0,905,1369,0,32,0,0,0,0,0,0,0,0,BENIGN
174.35.73.78-10.42.0.42-80-57462-6,174.35.73.78,80,10.42.0.42,57462,6,08/08/2017 02:58:50,117232,1,1,0.0,0.0,0.0,0.0,0.0,0.0,0.0,0.0,0.0,0.0,0.0,17.06018834447932,117232.0,0.0,117232.0,117232.0,0,0,0,0,0,0,0,0,0,0,0,0,0,0,32,32,8.53009417223966,8.53009417223966,0.0,0.0,0.0,0.0,0.0,0,0,0,0,1,0,0,0,1.0,0.0,0.0,0.0,32,0,0,0,0,0,0,1,0,1,0,675,1748,0,32,0,0,0,0,0,0,0,0,BENIGN
10.42.0.42-64.71.142.96-43867-80-6,64.71.142.96,80,10.42.0.42,43867,6,08/08/2017 02:58:50,68269,1,1,0.0,0.0,0.0,0.0,0.0,0.0,0.0,0.0,0.0,0.0,0.0,29.29587367619271,68269.0,0.0,68269.0,68269.0,0,0,0,0,0,0,0,0,0,0,0,0,0,0,20,20,14.647936838096355,14.647936838096355,0.0,0.0,0.0,0.0,0.0,0,0,0,0,1,1,0,0,1.0,0.0,0.0,0.0,20,0,0,0,0,0,0,1,0,1,0,29,1369,0,20,0,0,0,0,0,0,0,0,BENIGN
10.42.0.42-64.71.142.110-60263-80-6,64.71.142.110,80,10.42.0.42,60263,6,08/08/2017 02:58:50,68477,1,1,0.0,0.0,0.0,0.0,0.0,0.0,0.0,0.0,0.0,0.0,0.0,29.206886983950817,68477.0,0.0,68477.0,68477.0,0,0,0,0,0,0,0,0,0,0,0,0,0,0,20,20,14.603443491975408,14.603443491975408,0.0,0.0,0.0,0.0,0.0,0,0,0,0,1,1,0,0,1.0,0.0,0.0,0.0,20,0,0,0,0,0,0,1,0,1,0,29,1369,0,20,0,0,0,0,0,0,0,0,BENIGN
10.42.0.42-31.13.71.37-50940-443-6,31.13.71.37,443,10.42.0.42,50940,6,08/08/2017 02:58:49,296133,1,4,42.0,42.0,42.0,42.0,42.0,0.0,42.0,0.0,10.5,21.0,283.6563300949236,16.88430536279307,74033.25,145304.38140532217,291970.0,2.0,0,0,0,0,0,4163.0,1387.6666666666665,2400.0450690212742,4159.0,2.0,1,0,0,0,32,140,3.376861072558614,13.507444290234456,0.0,42.0,21.0,23.004347415216976,529.2,0,1,0,0,1,1,0,0,4.0,25.2,42.0,10.5,32,0,0,0,0,0,0,1,42,4,42,122,1403,0,32,0,0,0,0,0,0,0,0,BENIGN
10.42.0.42-104.192.110.245-50611-80-6,10.42.0.42,50611,104.192.110.245,80,6,08/08/2017 02:58:28,21631830,12,12,902.0,11849.0,555.0,0.0,75.16666666666667,181.06595148696178,1460.0,0.0,987.4166666666667,677.9075370490276,589.4554459793738,1.109476174692571,940514.3478260869,3334208.0469415905,1.4991261E7,1.0,6640569.0,603688.0909090908,1901948.7413218818,6336638.0,2.0,2.1537576E7,1957961.4545454546,4735852.754123197,1.4999199E7,1.0,0,0,0,0,260,252,0.5547380873462855,0.5547380873462855,0.0,1460.0,510.0400000000001,667.0819215058971,444998.28999999986,0,0,0,1,0,0,0,0,1.0,531.2916666666666,75.16666666666667,987.4166666666666,260,0,0,0,0,0,0,12,902,12,11849,65535,33,2,20,200706.0,0.0,200706.0,200706.0,6336638.0,0.0,6336638.0,6336638.0,BENIGN
10.42.0.42-104.192.110.245-50613-80-6,10.42.0.42,50613,104.192.110.245,80,6,08/08/2017 02:58:28,21603908,4,4,553.0,966.0,553.0,0.0,138.25,276.5,966.0,0.0,241.5,483.0,70.31135292744257,0.3703033728897568,3086272.5714285714,5763493.289889471,1.4996176E7,937.0,6607732.0,2202577.333333333,3643156.6340335044,6409332.0,97919.0,2.1509698E7,7169899.333333334,7520615.225399205,1.4998687E7,937.0,0,0,0,0,100,92,0.1851516864448784,0.1851516864448784,0.0,966.0,168.77777777777777,350.4624722341102,122823.94444444444,0,0,0,1,0,0,0,0,1.0,189.875,138.25,241.5,100,0,0,0,0,0,0,4,553,4,966,65535,31,1,20,100481.0,0.0,100481.0,100481.0,6409332.0,0.0,6409332.0,6409332.0,BENIGN
10.42.0.42-36.110.213.174-48181-443-6,10.42.0.42,48181,36.110.213.174,443,6,08/08/2017 02:58:39,10485448,2,2,0.0,0.0,0.0,0.0,0.0,0.0,0.0,0.0,0.0,0.0,0.0,0.381481077394118,3495149.3333333335,5844214.866759806,1.0242057E7,2217.0,243391.0,243391.0,0.0,243391.0,243391.0,1.0244274E7,1.0244274E7,0.0,1.0244274E7,1.0244274E7,0,0,0,0,60,52,0.190740538697059,0.190740538697059,0.0,0.0,0.0,0.0,0.0,0,0,0,1,0,0,0,0,1.0,0.0,0.0,0.0,60,0,0,0,0,0,0,2,0,2,0,65535,115,0,20,0,0,0,0,0,0,0,0,BENIGN
10.42.0.42-115.239.210.141-48168-443-6,10.42.0.42,48168,115.239.210.141,443,6,08/08/2017 02:58:39,11152533,18,21,1130.0,9108.0,803.0,0.0,62.77777777777778,192.52915915305658,1460.0,0.0,433.71428571428567,572.5227631157684,917.9977319950544,3.496963425259535,293487.7105263157,1582465.6647380907,9778711.0,1.0,1373817.0,80812.76470588236,125156.83654545674,332505.0,1.0,1.0828184E7,541409.2,2177250.3411373952,9781113.0,1.0,0,0,0,0,440,440,1.6139831193505547,1.8829803059089805,0.0,1460.0,255.94999999999993,469.22155665609523,220168.8692307692,0,0,0,1,0,0,0,0,1.0,262.5128205128205,62.77777777777778,433.7142857142857,440,0,0,0,0,0,0,18,1130,21,9108,65535,540,3,20,1373817.0,0.0,1373817.0,1373817.0,9778711.0,0.0,9778711.0,9778711.0,BENIGN
10.42.0.42-122.225.81.54-38260-80-6,10.42.0.42,38260,122.225.81.54,80,6,08/08/2017 02:58:50,674803,3,2,422.0,425.0,422.0,0.0,140.66666666666666,243.64181359802205,425.0,0.0,212.5,300.5203820042827,1255.1811417554457,7.4095699041053456,168700.75,193160.16716769012,339201.0,741.0,335602.0,167801.0,236258.51773004927,334861.0,741.0,342072.0,342072.0,0.0,342072.0,342072.0,0,0,0,0,104,76,4.445741942463208,2.963827961642138,0.0,425.0,141.16666666666669,218.69651727146152,47828.16666666667,0,0,0,1,0,0,0,0,0.0,169.4,140.66666666666666,212.5,104,0,0,0,0,0,0,3,422,2,425,65535,65113,1,32,0,0,0,0,0,0,0,0,BENIGN
203.130.53.126-10.42.0.42-80-57355-6,10.42.0.42,57355,203.130.53.126,80,6,08/08/2017 02:58:20,30383894,20,28,2428.0,32106.0,411.0,0.0,121.39999999999999,190.266682649159,1460.0,0.0,1146.642857142857,517.9696984048472,1136.5890099537603,1.5797843423229425,646465.829787234,4368859.43937443,2.9960488E7,1.0,423406.0,22284.526315789473,14675.642489696324,43035.0,2.0,3.0359241E7,1124416.3333333333,5770907.49216049,3.0000076E7,1.0,0,0,0,0,432,572,0.6582434759678927,0.9215408663550497,0.0,1460.0,704.7755102040818,656.7261690038107,431289.2610544217,0,0,0,1,0,0,0,0,1.0,719.4583333333334,121.4,1146.642857142857,432,0,0,0,0,0,0,20,2428,28,32106,65535,83,6,20,0,0,0,0,0,0,0,0,BENIGN
203.130.53.126-10.42.0.42-80-57357-6,10.42.0.42,57357,203.130.53.126,80,6,08/08/2017 02:58:20,30390356,27,52,2406.0,64932.0,404.0,0.0,89.1111111111111,169.89438649967974,1460.0,0.0,1248.6923076923074,393.9423436694088,2215.7687129430137,2.5995088705114213,389619.94871794875,3391449.606368562,2.9957907E7,1.0,432449.0,16632.653846153848,17491.32132445644,51450.0,1.0,3.0366814E7,595427.7254901961,4199885.281320341,3.0000149E7,1.0,0,0,0,0,560,1052,0.8884397405545365,1.711069129956885,0.0,1460.0,841.7250000000001,649.0460180482612,421260.73354430386,0,0,0,1,0,0,0,0,1.0,852.379746835443,89.11111111111111,1248.6923076923076,560,0,0,0,0,0,0,27,2406,52,64932,65535,83,6,20,0,0,0,0,0,0,0,0,BENIGN
203.130.53.126-10.42.0.42-80-57356-6,10.42.0.42,57356,203.130.53.126,80,6,08/08/2017 02:58:20,30390818,25,39,2400.0,45582.0,402.0,0.0,96.00000000000001,174.36527750673298,1460.0,0.0,1168.769230769231,470.9691274683936,1578.8321327843166,2.105899222587559,482393.93650793657,3773492.4639714104,2.9958025E7,1.0,432793.0,18033.041666666664,15541.331878684201,43573.0,1.0,3.0366815E7,799126.7105263157,4865186.549212414,3.0000676E7,1.0,0,0,0,0,544,792,0.8226168838232654,1.283282338764294,0.0,1460.0,738.1846153846154,652.4496602302859,425690.5591346154,0,0,0,1,0,0,0,0,1.0,749.71875,96.0,1168.7692307692307,544,0,0,0,0,0,0,25,2400,39,45582,65535,83,6,20,0,0,0,0,0,0,0,0,BENIGN
174.35.73.93-10.42.0.42-80-48783-6,10.42.0.42,48783,174.35.73.93,80,6,08/08/2017 02:58:39,11136908,3,1,0.0,0.0,0.0,0.0,0.0,0.0,0.0,0.0,0.0,0.0,0.0,0.3591661168432028,3712302.6666666665,6408193.132632968,1.1111837E7,2145.0,1.1136908E7,5568454.0,7839527.420028455,1.1111837E7,25071.0,0,0,0,0,0,0,0,0,0,104,40,0.2693745876324021,0.0897915292108007,0.0,0.0,0.0,0.0,0.0,0,0,0,1,0,0,0,0,0.0,0.0,0.0,0.0,104,0,0,0,0,0,0,3,0,1,0,65535,65535,0,32,0,0,0,0,0,0,0,0,BENIGN
10.42.0.42-36.110.213.174-48181-443-6,10.42.0.42,48181,36.110.213.174,443,6,08/08/2017 02:58:50,306384,2,0,0.0,0.0,0.0,0.0,0.0,0.0,0,0,0,0,0.0,6.52775601859105,306384.0,0.0,306384.0,306384.0,306384.0,306384.0,0.0,306384.0,306384.0,0,0,0,0,0,0,0,0,0,40,0,6.52775601859105,0.0,0.0,0.0,0.0,0.0,0.0,0,0,0,0,1,0,0,0,0.0,0.0,0.0,0.0,40,0,0,0,0,0,0,2,0,0,0,1369,-1,0,20,0,0,0,0,0,0,0,0,BENIGN
10.42.0.42-115.239.210.141-48170-443-6,10.42.0.42,48170,115.239.210.141,443,6,08/08/2017 02:58:39,11202356,3,1,0.0,0.0,0.0,0.0,0.0,0.0,0.0,0.0,0.0,0.0,0.0,0.35706774539213,3734118.6666666665,6186871.356618006,1.0875685E7,2401.0,1.1202356E7,5601178.0,7459279.3342318265,1.0875685E7,326671.0,0,0,0,0,0,0,0,0,0,80,40,0.26780080904409753,0.0892669363480325,0.0,0.0,0.0,0.0,0.0,0,0,0,1,0,0,0,0,0.0,0.0,0.0,0.0,80,0,0,0,0,0,0,3,0,1,0,65535,8192,0,20,0,0,0,0,0,0,0,0,BENIGN
10.42.0.42-104.192.110.245-50611-80-6,10.42.0.42,50611,104.192.110.245,80,6,08/08/2017 02:58:50,477173,2,0,0.0,0.0,0.0,0.0,0.0,0.0,0,0,0,0,0.0,4.191351983452543,477173.0,0.0,477173.0,477173.0,477173.0,477173.0,0.0,477173.0,477173.0,0,0,0,0,0,0,0,0,0,40,0,4.191351983452543,0.0,0.0,0.0,0.0,0.0,0.0,0,0,0,0,1,0,0,0,0.0,0.0,0.0,0.0,40,0,0,0,0,0,0,2,0,0,0,1780,-1,0,20,0,0,0,0,0,0,0,0,BENIGN
10.42.0.42-104.192.110.245-50613-80-6,10.42.0.42,50613,104.192.110.245,80,6,08/08/2017 02:58:50,477050,2,0,0.0,0.0,0.0,0.0,0.0,0.0,0,0,0,0,0.0,4.192432659050414,477050.0,0.0,477050.0,477050.0,477050.0,477050.0,0.0,477050.0,477050.0,0,0,0,0,0,0,0,0,0,40,0,4.192432659050414,0.0,0.0,0.0,0.0,0.0,0.0,0,0,0,0,1,0,0,0,0.0,0.0,0.0,0.0,40,0,0,0,0,0,0,2,0,0,0,1399,-1,0,20,0,0,0,0,0,0,0,0,BENIGN
174.35.73.97-10.42.0.42-80-43402-6,174.35.73.97,80,10.42.0.42,43402,6,08/08/2017 02:58:50,740798,1,4,0.0,0.0,0.0,0.0,0.0,0.0,0.0,0.0,0.0,0.0,0.0,6.74947826533009,185199.5,274324.50766504015,582356.0,3.0,0,0,0,0,0,586521.0,195507.0,335027.515170023,582356.0,3.0,0,0,0,0,32,164,1.349895653066018,5.399582612264072,0.0,0.0,0.0,0.0,0.0,0,0,0,0,1,1,0,0,4.0,0.0,0.0,0.0,32,0,0,0,0,0,0,1,0,4,0,676,1657,0,32,0,0,0,0,0,0,0,0,BENIGN
174.35.73.93-10.42.0.42-80-48783-6,174.35.73.93,80,10.42.0.42,48783,6,08/08/2017 02:58:50,5,2,0,0.0,0.0,0.0,0.0,0.0,0.0,0,0,0,0,0.0,399999.99999999994,5.0,0.0,5.0,5.0,5.0,5.0,0.0,5.0,5.0,0,0,0,0,0,0,0,0,0,64,0,399999.99999999994,0.0,0.0,0.0,0.0,0.0,0.0,0,0,0,0,1,0,0,0,0.0,0.0,0.0,0.0,64,0,0,0,0,0,0,2,0,0,0,679,-1,0,32,0,0,0,0,0,0,0,0,BENIGN
220.243.225.102-10.42.0.42-80-57903-6,10.42.0.42,57903,220.243.225.102,80,6,08/08/2017 02:58:20,30162066,18,23,832.0,25440.0,416.0,0.0,46.22222222222223,134.52642668681935,1460.0,0.0,1106.086956521739,582.5694584451227,871.0278665924277,1.3593233301724092,754051.65,4742232.038128397,2.9996671E7,1.0,165395.0,9729.117647058822,16451.701081812,57150.0,1.0,3.0140467E7,1370021.2272727273,6394598.602965243,2.9999858E7,1.0,0,0,0,0,380,472,0.5967760961732529,0.7625472339991565,0.0,1460.0,625.5238095238096,689.9579428008014,476041.962833914,0,0,0,1,0,0,0,0,1.0,640.780487804878,46.22222222222222,1106.0869565217392,380,0,0,0,0,0,0,18,832,23,25440,65535,66,2,20,0,0,0,0,0,0,0,0,BENIGN
174.35.73.93-10.42.0.42-80-48783-6,10.42.0.42,48783,174.35.73.93,80,6,08/08/2017 02:58:50,10166,1,1,0.0,0.0,0.0,0.0,0.0,0.0,0.0,0.0,0.0,0.0,0.0,196.7342120794806,10166.0,0.0,10166.0,10166.0,0,0,0,0,0,0,0,0,0,0,0,0,0,0,32,32,98.3671060397403,98.3671060397403,0.0,0.0,0.0,0.0,0.0,0,0,0,0,1,0,0,0,1.0,0.0,0.0,0.0,32,0,0,0,0,0,0,1,0,1,0,1369,679,0,32,0,0,0,0,0,0,0,0,BENIGN
203.130.53.126-10.42.0.42-80-57354-6,10.42.0.42,57354,203.130.53.126,80,6,08/08/2017 02:58:20,30555157,34,77,1117.0,104827.0,384.0,0.0,32.852941176470594,107.25560869785762,1460.0,0.0,1361.3896103896102,319.2869174897546,3467.3034080629986,3.6327746573188935,277774.15454545454,2859915.9971359014,2.9998222E7,1.0,556935.0,16876.81818181818,58606.871160968905,334319.0,1.0,3.0530759E7,401720.5131578947,3440880.629091553,3.0001601E7,1.0,0,0,0,0,700,1552,1.112741786926508,2.5200328703923858,0.0,1460.0,945.928571428572,675.5645448892758,456387.45431145426,0,0,0,1,0,0,0,0,2.0,954.4504504504505,32.85294117647059,1361.3896103896104,700,0,0,0,0,0,0,34,1117,77,104827,65535,70,3,20,0,0,0,0,0,0,0,0,BENIGN
203.130.53.126-10.42.0.42-80-57359-6,10.42.0.42,57359,203.130.53.126,80,6,08/08/2017 02:58:20,31168579,92,175,3619.0,239003.0,428.0,0.0,39.33695652173914,120.17471504310046,1460.0,0.0,1365.7314285714288,274.8927311911695,7784.185477303921,8.566319305092478,117175.1090225564,1837136.1057941716,2.9965754E7,0.0,1202825.0,13217.857142857138,31425.01350537018,202198.0,1.0,3.1144311E7,178990.29310344826,2271545.1851252457,2.996819E7,0.0,0,0,0,0,1908,3512,2.9516905470730634,5.614628758019414,0.0,1460.0,905.305970149254,674.2226177171585,454576.13824137766,0,0,0,1,0,0,0,0,1.0,908.6966292134831,39.33695652173913,1365.7314285714285,1908,0,0,0,0,0,0,92,3619,175,239003,65535,95,9,20,0,0,0,0,0,0,0,0,BENIGN
220.243.205.152-10.42.0.42-80-35759-6,10.42.0.42,35759,220.243.205.152,80,6,08/08/2017 02:58:21,30048766,5,7,406.0,4870.0,406.0,0.0,81.2,181.56871977298292,1460.0,0.0,695.7142857142857,735.6144176323432,175.58125348641605,0.39935084189480524,2731705.9999999995,9043176.466393797,2.9997898E7,1.0,50868.0,12717.0,13465.122328940548,25084.0,569.0,3.0027413E7,5004568.833333334,1.2245927841894569E7,3.0001457E7,1.0,0,0,0,0,120,152,0.16639618412283552,0.23295465777196972,0.0,1460.0,405.8461538461538,623.0631115911461,388207.641025641,0,0,0,1,0,0,0,0,1.0,439.6666666666667,81.2,695.7142857142857,120,0,0,0,0,0,0,5,406,7,4870,65535,62,1,20,0,0,0,0,0,0,0,0,BENIGN
10.42.0.42-104.192.110.245-50632-80-6,10.42.0.42,50632,104.192.110.245,80,6,08/08/2017 02:58:30,21325903,7,6,1036.0,3394.0,656.0,0.0,148.00000000000003,265.01823836609185,1460.0,0.0,565.6666666666666,683.2210964736574,207.72860122265396,0.6095873173576754,1777158.5833333335,4505992.03293,1.4996264E7,1.0,6329639.0,1054939.8333333333,2436427.5668252823,6027290.0,1.0,2.1231548E7,4246309.6,6564789.829718869,1.4999412E7,3.0,0,0,0,0,160,132,0.32823932473105594,0.28134799262661936,0.0,1460.0,316.4285714285714,513.4188145372929,263598.8791208791,0,0,0,1,0,0,0,0,0.0,340.7692307692308,148.0,565.6666666666666,160,0,0,0,0,0,0,7,1036,6,3394,65535,34,2,20,203987.0,0.0,203987.0,203987.0,6027290.0,0.0,6027290.0,6027290.0,BENIGN
10.42.0.42-104.192.110.245-50658-80-6,10.42.0.42,50658,104.192.110.245,80,6,08/08/2017 02:58:36,15302581,4,4,650.0,612.0,650.0,0.0,162.5,325.0,612.0,0.0,153.0,306.0,82.46974807713809,0.5227876264794808,2186083.0,5649007.374324331,1.499634E7,976.0,306241.0,102080.33333333333,8124.134251311541,111395.0,96459.0,1.5208526E7,5069508.666666667,8600014.965737928,1.4999229E7,976.0,0,0,0,0,100,92,0.2613938132397404,0.2613938132397404,0.0,650.0,140.22222222222223,278.40697628551703,77510.44444444444,0,0,0,1,0,0,0,0,1.0,157.75,162.5,153.0,100,0,0,0,0,0,0,4,650,4,612,65535,32,1,20,0,0,0,0,0,0,0,0,BENIGN
10.42.0.42-106.39.162.36-41751-80-6,10.42.0.42,41751,106.39.162.36,80,6,08/08/2017 02:58:50,1503336,2,0,0.0,0.0,0.0,0.0,0.0,0.0,0,0,0,0,0.0,1.3303745802668199,1503336.0,0.0,1503336.0,1503336.0,1503336.0,1503336.0,0.0,1503336.0,1503336.0,0,0,0,0,0,0,0,0,0,40,0,1.3303745802668199,0.0,0.0,0.0,0.0,0.0,0.0,0,0,0,0,1,1,0,0,0.0,0.0,0.0,0.0,40,0,0,0,0,0,0,2,0,0,0,1369,-1,0,20,0,0,0,0,0,0,0,0,BENIGN
10.42.0.42-104.192.110.245-50631-80-6,10.42.0.42,50631,104.192.110.245,80,6,08/08/2017 02:58:30,21531394,43,64,1001.0,87242.0,624.0,0.0,23.279069767441857,110.00028692200571,1460.0,0.0,1363.15625,345.76798435936263,4098.341240701833,4.969487809289078,203126.35849056605,1555499.096319299,1.4899195E7,1.0,6632199.0,157909.5,929207.9826556527,6032545.0,1.0,2.1437161E7,340272.39682539675,2017970.151732033,1.4902736E7,1.0,0,0,0,0,880,1292,1.9970838859759847,2.9724039233130934,0.0,1460.0,817.0648148148146,716.2188392288494,512969.4256663205,0,0,0,1,0,0,0,0,1.0,824.7009345794393,23.27906976744186,1363.15625,880,0,0,0,0,0,0,43,1001,64,87242,65535,34,2,20,204259.0,0.0,204259.0,204259.0,6032545.0,0.0,6032545.0,6032545.0,BENIGN
10.42.0.42-123.125.115.164-52737-443-6,10.42.0.42,52737,123.125.115.164,443,6,08/08/2017 02:58:45,6700654,11,13,2374.0,4508.0,1034.0,0.0,215.8181818181818,402.5393938937699,1460.0,0.0,346.7692307692307,526.6324071947076,1027.0639254019086,3.5817399316544325,291332.7826086956,1025760.5187140619,4960370.0,3.0,1740276.0,174027.6,166950.3638112571,359930.0,123.0,6393253.0,532771.0833333333,1416573.0670362997,4999648.0,3.0,0,0,0,0,240,280,1.6416308020082815,1.940109129646151,0.0,1460.0,275.28,462.3126215019443,213732.96,0,0,0,1,0,0,0,0,1.0,286.75,215.8181818181818,346.7692307692308,240,0,0,0,0,0,0,11,2374,13,4508,65535,656,4,20,0,0,0,0,0,0,0,0,BENIGN
180.149.134.221-10.42.0.42-80-45362-6,10.42.0.42,45362,180.149.134.221,80,6,08/08/2017 02:58:41,10576896,5,5,963.0,472.0,963.0,0.0,192.6,430.6666924664595,236.0,0.0,94.4,129.2625235712192,135.67307459579825,0.945456965824378,1175210.6666666665,2396067.8863669536,7017814.0,309.0,3559082.0,889770.5,1409732.0916312432,2997734.0,29316.0,1.0317461E7,2579365.25,3253380.045363322,7020003.0,309.0,0,0,0,0,132,112,0.472728482912189,0.472728482912189,0.0,963.0,130.45454545454547,291.8147918239799,85155.87272727273,0,0,0,1,0,0,0,0,1.0,143.5,192.6,94.4,132,0,0,0,0,0,0,5,963,5,472,65535,61,1,20,0,0,0,0,0,0,0,0,BENIGN
10.42.0.42-123.125.115.164-52740-443-6,10.42.0.42,52740,123.125.115.164,443,6,08/08/2017 02:58:45,6743172,12,13,2406.0,4508.0,1034.0,0.0,200.50000000000003,394.90862003990003,1460.0,0.0,346.7692307692307,526.6324071947076,1025.3334780723374,3.7074539993937567,280965.5,1012583.2974133643,4996855.0,4.0,1746312.0,158755.63636363638,164325.9204613032,367065.0,156.0,6431911.0,535992.5833333334,1416046.025563336,4999700.0,4.0,0,0,0,0,272,280,1.7795779197090034,1.9278760796847536,0.0,1460.0,265.9230769230769,458.28497012901687,210025.11384615386,0,0,0,1,0,0,0,0,1.0,276.56,200.5,346.7692307692308,272,0,0,0,0,0,0,12,2406,13,4508,65535,656,4,20,0,0,0,0,0,0,0,0,BENIGN
10.42.0.42-123.125.115.164-52739-443-6,10.42.0.42,52739,123.125.115.164,443,6,08/08/2017 02:58:45,6749364,11,13,2422.0,4508.0,1050.0,0.0,220.1818181818182,412.06160174950014,1460.0,0.0,346.7692307692307,526.6324071947076,1026.7634105969096,3.5558905994698167,293450.6086956522,1033750.1238125347,4996840.0,1.0,1752520.0,175252.00000000003,173149.94011292962,360711.0,1.0,6432776.0,536064.6666666667,1416203.0076761486,5000146.0,3.0,0,0,0,0,240,280,1.629783191423666,1.9261074080461507,0.0,1460.0,277.2,465.54484209364836,216731.99999999997,0,0,0,1,0,0,0,0,1.0,288.75,220.1818181818182,346.7692307692308,240,0,0,0,0,0,0,11,2422,13,4508,65535,656,4,20,0,0,0,0,0,0,0,0,BENIGN
10.42.0.42-123.125.115.164-52742-443-6,10.42.0.42,52742,123.125.115.164,443,6,08/08/2017 02:58:45,6781226,12,13,2438.0,4508.0,1050.0,0.0,203.16666666666669,401.049947769677,1460.0,0.0,346.7692307692307,526.6324071947076,1024.2985560428158,3.686648992379844,282551.0833333334,1012437.598706208,4995964.0,1.0,1785258.0,162296.18181818182,168739.22558777977,369985.0,1.0,6461977.0,538498.0833333334,1415804.2596479128,5000295.0,2.0,0,0,0,0,260,280,1.769591516342325,1.9170574760375187,0.0,1460.0,267.15384615384613,460.4457572663857,212010.2953846154,0,0,0,1,0,0,0,0,1.0,277.84,203.16666666666666,346.7692307692308,260,0,0,0,0,0,0,12,2438,13,4508,65535,656,4,20,0,0,0,0,0,0,0,0,BENIGN
10.42.0.42-104.192.110.245-50658-80-6,10.42.0.42,50658,104.192.110.245,80,6,08/08/2017 02:58:51,835224,2,0,0.0,0.0,0.0,0.0,0.0,0.0,0,0,0,0,0.0,2.3945672059232015,835224.0,0.0,835224.0,835224.0,835224.0,835224.0,0.0,835224.0,835224.0,0,0,0,0,0,0,0,0,0,40,0,2.3945672059232015,0.0,0.0,0.0,0.0,0.0,0.0,0,0,0,0,1,0,0,0,0.0,0.0,0.0,0.0,40,0,0,0,0,0,0,2,0,0,0,1388,-1,0,20,0,0,0,0,0,0,0,0,BENIGN
10.42.0.42-23.208.87.120-36867-80-6,10.42.0.42,36867,23.208.87.120,80,6,08/08/2017 02:58:40,11824959,3,1,0.0,0.0,0.0,0.0,0.0,0.0,0.0,0.0,0.0,0.0,0.0,0.3382675576295867,3941653.0,6804868.504320124,1.1799229E7,2381.0,1.1824959E7,5912479.5,8325120.981193036,1.1799229E7,25730.0,0,0,0,0,0,0,0,0,0,104,40,0.25370066822219006,0.08456688940739668,0.0,0.0,0.0,0.0,0.0,0,0,0,1,0,0,0,0,0.0,0.0,0.0,0.0,104,0,0,0,0,0,0,3,0,1,0,65535,28960,0,32,0,0,0,0,0,0,0,0,BENIGN
220.243.205.152-10.42.0.42-80-35759-6,10.42.0.42,35759,220.243.205.152,80,6,08/08/2017 02:58:51,895684,2,0,0.0,0.0,0.0,0.0,0.0,0.0,0,0,0,0,0.0,2.2329303638336735,895684.0,0.0,895684.0,895684.0,895684.0,895684.0,0.0,895684.0,895684.0,0,0,0,0,0,0,0,0,0,40,0,2.2329303638336735,0.0,0.0,0.0,0.0,0.0,0.0,0,0,0,0,1,0,0,0,0.0,0.0,0.0,0.0,40,0,0,0,0,0,0,2,0,0,0,1552,-1,0,20,0,0,0,0,0,0,0,0,BENIGN
10.42.0.42-106.11.135.2-52863-80-6,10.42.0.42,52863,106.11.135.2,80,6,08/08/2017 02:58:40,12021727,3,1,0.0,0.0,0.0,0.0,0.0,0.0,0.0,0.0,0.0,0.0,0.0,0.3327308963179749,4007242.3333333335,6726150.290671874,1.1772651E7,2395.0,1.2021727E7,6010863.5,8148398.02601177,1.1772651E7,249076.0,0,0,0,0,0,0,0,0,0,80,40,0.2495481722384812,0.08318272407949373,0.0,0.0,0.0,0.0,0.0,0,0,0,1,0,0,0,0,0.0,0.0,0.0,0.0,80,0,0,0,0,0,0,3,0,1,0,65535,11520,0,20,0,0,0,0,0,0,0,0,BENIGN
10.42.0.42-104.192.110.245-50632-80-6,10.42.0.42,50632,104.192.110.245,80,6,08/08/2017 02:58:51,835638,2,0,0.0,0.0,0.0,0.0,0.0,0.0,0,0,0,0,0.0,2.39338086587733,835638.0,0.0,835638.0,835638.0,835638.0,835638.0,0.0,835638.0,835638.0,0,0,0,0,0,0,0,0,0,40,0,2.39338086587733,0.0,0.0,0.0,0.0,0.0,0.0,0,0,0,0,1,0,0,0,0.0,0.0,0.0,0.0,40,0,0,0,0,0,0,2,0,0,0,1506,-1,0,20,0,0,0,0,0,0,0,0,BENIGN
10.42.0.42-104.192.110.245-50631-80-6,10.42.0.42,50631,104.192.110.245,80,6,08/08/2017 02:58:51,635107,2,0,0.0,0.0,0.0,0.0,0.0,0.0,0,0,0,0,0.0,3.149075667564678,635107.0,0.0,635107.0,635107.0,635107.0,635107.0,0.0,635107.0,635107.0,0,0,0,0,0,0,0,0,0,40,0,3.149075667564678,0.0,0.0,0.0,0.0,0.0,0.0,0,0,0,0,1,0,0,0,0.0,0.0,0.0,0.0,40,0,0,0,0,0,0,2,0,0,0,4152,-1,0,20,0,0,0,0,0,0,0,0,BENIGN
203.130.53.126-10.42.0.42-80-57354-6,10.42.0.42,57354,203.130.53.126,80,6,08/08/2017 02:58:50,1682688,2,0,0.0,0.0,0.0,0.0,0.0,0.0,0,0,0,0,0.0,1.1885744713220752,1682688.0,0.0,1682688.0,1682688.0,1682688.0,1682688.0,0.0,1682688.0,1682688.0,0,0,0,0,0,0,0,0,0,40,0,1.1885744713220752,0.0,0.0,0.0,0.0,0.0,0.0,0,0,0,0,1,0,0,0,0.0,0.0,0.0,0.0,40,0,0,0,0,0,0,2,0,0,0,4745,-1,0,20,0,0,0,0,0,0,0,0,BENIGN
203.130.53.126-10.42.0.42-80-57359-6,10.42.0.42,57359,203.130.53.126,80,6,08/08/2017 02:58:51,1072344,2,0,0.0,0.0,0.0,0.0,0.0,0.0,0,0,0,0,0.0,1.8650731481688712,1072344.0,0.0,1072344.0,1072344.0,1072344.0,1072344.0,0.0,1072344.0,1072344.0,0,0,0,0,0,0,0,0,0,40,0,1.8650731481688712,0.0,0.0,0.0,0.0,0.0,0.0,0,0,0,0,1,0,0,0,0.0,0.0,0.0,0.0,40,0,0,0,0,0,0,2,0,0,0,8170,-1,0,20,0,0,0,0,0,0,0,0,BENIGN
10.42.0.42-123.125.29.220-44986-80-6,10.42.0.42,44986,123.125.29.220,80,6,08/08/2017 02:58:40,11894369,5,2,0.0,0.0,0.0,0.0,0.0,0.0,0.0,0.0,0.0,0.0,0.0,0.5885137748795249,1982394.8333333333,3541123.547236917,9112009.0,3519.0,1.1894369E7,2973592.25,4119939.5471130703,9112009.0,309205.0,1470990.0,1470990.0,0.0,1470990.0,1470990.0,0,0,0,0,152,64,0.42036698205680356,0.1681467928227214,0.0,0.0,0.0,0.0,0.0,0,0,0,1,0,0,0,0,0.0,0.0,0.0,0.0,152,0,0,0,0,0,0,5,0,2,0,65535,14600,0,20,0,0,0,0,0,0,0,0,BENIGN
180.149.134.221-10.42.0.42-80-45364-6,10.42.0.42,45364,180.149.134.221,80,6,08/08/2017 02:58:41,10762438,3,1,0.0,0.0,0.0,0.0,0.0,0.0,0.0,0.0,0.0,0.0,0.0,0.3716630005208857,3587479.3333333335,5986939.895352077,1.0498986E7,2281.0,1.0762438E7,5381219.0,7237615.500465468,1.0498986E7,263452.0,0,0,0,0,0,0,0,0,0,80,24,0.2787472503906643,0.09291575013022142,0.0,0.0,0.0,0.0,0.0,0,0,0,1,0,0,0,0,0.0,0.0,0.0,0.0,80,0,0,0,0,0,0,3,0,1,0,65535,5840,0,20,0,0,0,0,0,0,0,0,BENIGN
180.149.134.221-10.42.0.42-80-45362-6,10.42.0.42,45362,180.149.134.221,80,6,08/08/2017 02:58:52,135532,2,0,0.0,0.0,0.0,0.0,0.0,0.0,0,0,0,0,0.0,14.756662633178879,135532.0,0.0,135532.0,135532.0,135532.0,135532.0,0.0,135532.0,135532.0,0,0,0,0,0,0,0,0,0,40,0,14.756662633178879,0.0,0.0,0.0,0.0,0.0,0.0,0,0,0,0,1,0,0,0,0.0,0.0,0.0,0.0,40,0,0,0,0,0,0,2,0,0,0,1386,-1,0,20,0,0,0,0,0,0,0,0,BENIGN
220.243.225.102-10.42.0.42-80-57903-6,10.42.0.42,57903,220.243.225.102,80,6,08/08/2017 02:58:50,1765749,2,0,0.0,0.0,0.0,0.0,0.0,0.0,0,0,0,0,0.0,1.1326638157518425,1765749.0,0.0,1765749.0,1765749.0,1765749.0,1765749.0,0.0,1765749.0,1765749.0,0,0,0,0,0,0,0,0,0,40,0,1.1326638157518425,0.0,0.0,0.0,0.0,0.0,0.0,0,0,0,0,1,0,0,0,0.0,0.0,0.0,0.0,40,0,0,0,0,0,0,2,0,0,0,2236,-1,0,20,0,0,0,0,0,0,0,0,BENIGN
10.42.0.42-123.125.29.138-60023-443-6,10.42.0.42,60023,123.125.29.138,443,6,08/08/2017 02:58:40,11748838,3,1,0.0,0.0,0.0,0.0,0.0,0.0,0.0,0.0,0.0,0.0,0.0,0.3404592011567442,3916279.3333333335,6519878.967729488,1.14428E7,3230.0,1.1748838E7,5874419.0,7874879.930660658,1.14428E7,306038.0,0,0,0,0,0,0,0,0,0,80,32,0.25534440086755816,0.08511480028918605,0.0,0.0,0.0,0.0,0.0,0,0,0,1,0,0,0,0,0.0,0.0,0.0,0.0,80,0,0,0,0,0,0,3,0,1,0,65535,14600,0,20,0,0,0,0,0,0,0,0,BENIGN
10.42.0.42-115.236.16.203-58177-443-6,10.42.0.42,58177,115.236.16.203,443,6,08/08/2017 02:58:40,11913578,5,3,0.0,0.0,0.0,0.0,0.0,0.0,0.0,0.0,0.0,0.0,0.0,0.6715027173196835,1701939.7142857143,2378077.669833747,5989684.0,2159.0,1.1913578E7,2978394.5,2505389.8338401685,5992004.0,341547.0,9949151.0,4974575.5,1449426.772969404,5999475.0,3949676.0,0,0,0,0,192,120,0.41968919832480217,0.2518135189948813,0.0,0.0,0.0,0.0,0.0,0,0,0,1,0,0,0,0,0.0,0.0,0.0,0.0,192,0,0,0,0,0,0,5,0,3,0,65535,5792,0,32,4298855.0,0.0,4298855.0,4298855.0,5989684.0,0.0,5989684.0,5989684.0,BENIGN
10.42.0.42-106.11.94.1-56629-443-6,10.42.0.42,56629,106.11.94.1,443,6,08/08/2017 02:58:41,11249416,3,1,0.0,0.0,0.0,0.0,0.0,0.0,0.0,0.0,0.0,0.0,0.0,0.35557401379769404,3749805.3333333335,6209842.658583012,1.0917884E7,4112.0,1.1249416E7,5624708.0,7485681.287227769,1.0917884E7,331532.0,0,0,0,0,0,0,0,0,0,80,40,0.2666805103482705,0.08889350344942351,0.0,0.0,0.0,0.0,0.0,0,0,0,1,0,0,0,0,0.0,0.0,0.0,0.0,80,0,0,0,0,0,0,3,0,1,0,65535,11520,0,20,0,0,0,0,0,0,0,0,BENIGN
174.35.73.78-10.42.0.42-80-57480-6,10.42.0.42,57480,174.35.73.78,80,6,08/08/2017 02:58:41,11468469,3,1,0.0,0.0,0.0,0.0,0.0,0.0,0.0,0.0,0.0,0.0,0.0,0.34878238760552954,3822823.0,6598999.286257955,1.1442682E7,2735.0,1.1468469E7,5734234.5,8072963.874594788,1.1442682E7,25787.0,0,0,0,0,0,0,0,0,0,104,40,0.26158679070414714,0.08719559690138239,0.0,0.0,0.0,0.0,0.0,0,0,0,1,0,0,0,0,0.0,0.0,0.0,0.0,104,0,0,0,0,0,0,3,0,1,0,65535,65535,0,32,0,0,0,0,0,0,0,0,BENIGN
180.149.134.221-10.42.0.42-80-45363-6,10.42.0.42,45363,180.149.134.221,80,6,08/08/2017 02:58:41,10867950,6,5,1929.0,472.0,976.0,0.0,321.5,498.1187609395977,236.0,0.0,94.4,129.2625235712192,220.92482942965324,1.0121504055502648,1086795.0,3132748.4714915534,9996538.0,226.0,871412.0,174282.4,125437.1098550983,266794.0,29513.0,1.0608456E7,2652114.0,4900193.07537346,9999249.0,226.0,0,0,0,0,140,112,0.5520820393910535,0.46006836615921126,0.0,976.0,200.08333333333331,368.26089031192726,135616.0833333333,0,0,0,1,0,0,0,0,0.0,218.27272727272728,321.5,94.4,140,0,0,0,0,0,0,6,1929,5,472,65535,76,2,20,0,0,0,0,0,0,0,0,BENIGN
174.35.73.78-10.42.0.42-80-57480-6,174.35.73.78,80,10.42.0.42,57480,6,08/08/2017 02:58:52,1,2,0,0.0,0.0,0.0,0.0,0.0,0.0,0,0,0,0,0.0,2000000.0,1.0,0.0,1.0,1.0,1.0,1.0,0.0,1.0,1.0,0,0,0,0,0,0,0,0,0,64,0,2000000.0,0.0,0.0,0.0,0.0,0.0,0.0,0,0,0,0,1,0,0,0,0.0,0.0,0.0,0.0,64,0,0,0,0,0,0,2,0,0,0,679,-1,0,32,0,0,0,0,0,0,0,0,BENIGN
180.149.134.221-10.42.0.42-80-45364-6,180.149.134.221,80,10.42.0.42,45364,6,08/08/2017 02:58:52,5,2,0,0.0,0.0,0.0,0.0,0.0,0.0,0,0,0,0,0.0,399999.99999999994,5.0,0.0,5.0,5.0,5.0,5.0,0.0,5.0,5.0,0,0,0,0,0,0,0,0,0,40,0,399999.99999999994,0.0,0.0,0.0,0.0,0.0,0.0,0,0,0,0,1,0,0,0,0.0,0.0,0.0,0.0,40,0,0,0,0,0,0,2,0,0,0,5840,-1,0,20,0,0,0,0,0,0,0,0,BENIGN
10.42.0.42-123.125.115.164-52741-443-6,10.42.0.42,52741,123.125.115.164,443,6,08/08/2017 02:58:45,7562677,13,13,3456.0,4508.0,1050.0,0.0,265.84615384615387,445.4978200758201,1460.0,0.0,346.7692307692307,526.6324071947076,1053.0662621185593,3.4379360641741012,302507.07999999996,993319.2157196128,4979165.0,2.0,2583504.0,215292.0,245910.77677741722,815082.0,2.0,7251389.0,604282.4166666667,1427404.4538280251,4999484.0,4.0,0,0,0,0,292,280,1.7189680320870506,1.7189680320870506,0.0,1460.0,294.96296296296293,474.0429614968767,224716.72934472933,0,0,0,1,0,0,0,0,1.0,306.3076923076923,265.84615384615387,346.7692307692308,292,0,0,0,0,0,0,13,3456,13,4508,65535,656,5,20,0,0,0,0,0,0,0,0,BENIGN
10.42.0.42-115.239.210.141-48170-443-6,10.42.0.42,48170,115.239.210.141,443,6,08/08/2017 02:58:51,1986759,2,0,0.0,0.0,0.0,0.0,0.0,0.0,0,0,0,0,0.0,1.0066646231374816,1986759.0,0.0,1986759.0,1986759.0,1986759.0,1986759.0,0.0,1986759.0,1986759.0,0,0,0,0,0,0,0,0,0,40,0,1.0066646231374816,0.0,0.0,0.0,0.0,0.0,0.0,0,0,0,0,1,1,0,0,0.0,0.0,0.0,0.0,40,0,0,0,0,0,0,2,0,0,0,1369,-1,0,20,0,0,0,0,0,0,0,0,BENIGN
10.42.0.42-115.239.210.141-44275-80-6,10.42.0.42,44275,115.239.210.141,80,6,08/08/2017 02:58:47,7697071,2,0,0.0,0.0,0.0,0.0,0.0,0.0,0,0,0,0,0.0,0.25983909983420966,7697071.0,0.0,7697071.0,7697071.0,7697071.0,7697071.0,0.0,7697071.0,7697071.0,0,0,0,0,0,0,0,0,0,40,0,0.25983909983420966,0.0,0.0,0.0,0.0,0.0,0.0,0,0,0,0,1,1,0,0,0.0,0.0,0.0,0.0,40,0,0,0,0,0,0,2,0,0,0,1369,-1,0,20,0,0,0,0,0,0,0,0,BENIGN
180.149.153.68-10.42.0.42-80-55166-6,10.42.0.42,55166,180.149.153.68,80,6,08/08/2017 02:58:44,10495800,4,4,1088.0,375.0,1088.0,0.0,272.0,544.0,375.0,0.0,93.75,187.5,139.3890889689209,0.7622096457630672,1499399.9999999998,3748602.796238886,9996553.0,263.0,499247.0,166415.66666666666,140092.4478775831,247494.0,4651.0,1.0252606E7,3417535.3333333335,5701915.845920943,9999931.0,263.0,0,0,0,0,136,136,0.3811048228815336,0.3811048228815336,0.0,1088.0,162.55555555555554,368.53599251331985,135818.77777777775,0,0,0,1,0,0,0,0,1.0,182.875,272.0,93.75,136,0,0,0,0,0,0,4,1088,4,375,65535,132,1,32,0,0,0,0,0,0,0,0,BENIGN
10.42.0.42-117.121.27.10-59643-80-6,10.42.0.42,59643,117.121.27.10,80,6,08/08/2017 02:58:44,10509098,4,4,480.0,154.0,480.0,0.0,120.0,240.0,154.0,0.0,38.5,77.0,60.32867901698129,0.7612451610975557,1501299.7142857143,3748685.3353824685,9998312.0,2.0,510786.0,170262.0,145264.78871013442,255485.0,2532.0,1.025582E7,3418606.6666666665,5701588.796220956,1.0000585E7,2.0,0,0,0,0,100,92,0.38062258054877784,0.38062258054877784,0.0,480.0,70.44444444444444,161.80784213930355,26181.777777777777,0,0,0,1,0,0,0,0,1.0,79.25,120.0,38.5,100,0,0,0,0,0,0,4,480,4,154,65535,31,1,20,0,0,0,0,0,0,0,0,BENIGN
10.42.0.42-36.110.210.167-37171-80-6,10.42.0.42,37171,36.110.210.167,80,6,08/08/2017 02:58:44,10557628,2,2,0.0,0.0,0.0,0.0,0.0,0.0,0.0,0.0,0.0,0.0,0.0,0.37887298169626743,3519209.3333333335,5857833.780617655,1.028148E7,3954.0,276148.0,276148.0,0.0,276148.0,276148.0,1.0285434E7,1.0285434E7,0.0,1.0285434E7,1.0285434E7,0,0,0,0,60,52,0.18943649084813372,0.18943649084813372,0.0,0.0,0.0,0.0,0.0,0,0,0,1,0,0,0,0,1.0,0.0,0.0,0.0,60,0,0,0,0,0,0,2,0,2,0,65535,115,0,20,0,0,0,0,0,0,0,0,BENIGN
10.42.0.42-106.11.94.1-56629-443-6,10.42.0.42,56629,106.11.94.1,443,6,08/08/2017 02:58:53,1970198,2,0,0.0,0.0,0.0,0.0,0.0,0.0,0,0,0,0,0.0,1.0151263984635048,1970198.0,0.0,1970198.0,1970198.0,1970198.0,1970198.0,0.0,1970198.0,1970198.0,0,0,0,0,0,0,0,0,0,40,0,1.0151263984635048,0.0,0.0,0.0,0.0,0.0,0.0,0,0,0,0,1,1,0,0,0.0,0.0,0.0,0.0,40,0,0,0,0,0,0,2,0,0,0,65535,-1,0,20,0,0,0,0,0,0,0,0,BENIGN
180.149.153.68-10.42.0.42-80-55167-6,10.42.0.42,55167,180.149.153.68,80,6,08/08/2017 02:58:44,11222387,3,1,0.0,0.0,0.0,0.0,0.0,0.0,0.0,0.0,0.0,0.0,0.0,0.35643041003665266,3740795.6666666665,6266858.608616148,1.0975806E7,2933.0,1.1222387E7,5611193.5,7586707.754376235,1.0975806E7,246581.0,0,0,0,0,0,0,0,0,0,104,40,0.2673228075274895,0.08910760250916316,0.0,0.0,0.0,0.0,0.0,0,0,0,1,0,0,0,0,0.0,0.0,0.0,0.0,104,0,0,0,0,0,0,3,0,1,0,65535,14480,0,32,0,0,0,0,0,0,0,0,BENIGN
180.149.153.68-10.42.0.42-80-55166-6,10.42.0.42,55166,180.149.153.68,80,6,08/08/2017 02:58:54,689846,2,0,0.0,0.0,0.0,0.0,0.0,0.0,0,0,0,0,0.0,2.8991977919709617,689846.0,0.0,689846.0,689846.0,689846.0,689846.0,0.0,689846.0,689846.0,0,0,0,0,0,0,0,0,0,64,0,2.8991977919709617,0.0,0.0,0.0,0.0,0.0,0.0,0,0,0,0,1,0,0,0,0.0,0.0,0.0,0.0,64,0,0,0,0,0,0,2,0,0,0,1386,-1,0,32,0,0,0,0,0,0,0,0,BENIGN
10.42.0.42-117.121.27.10-59644-80-6,10.42.0.42,59644,117.121.27.10,80,6,08/08/2017 02:58:44,11116376,3,1,0.0,0.0,0.0,0.0,0.0,0.0,0.0,0.0,0.0,0.0,0.0,0.3598294983904826,3705458.6666666665,6198221.666857868,1.0861084E7,2261.0,1.1116376E7,5558188.0,7499427.443054036,1.0861084E7,255292.0,0,0,0,0,0,0,0,0,0,80,32,0.26987212379286196,0.08995737459762065,0.0,0.0,0.0,0.0,0.0,0,0,0,1,0,0,0,0,0.0,0.0,0.0,0.0,80,0,0,0,0,0,0,3,0,1,0,65535,14600,0,20,0,0,0,0,0,0,0,0,BENIGN
10.42.0.42-117.121.27.10-59643-80-6,10.42.0.42,59643,117.121.27.10,80,6,08/08/2017 02:58:55,559898,2,0,0.0,0.0,0.0,0.0,0.0,0.0,0,0,0,0,0.0,3.5720792001400254,559898.0,0.0,559898.0,559898.0,559898.0,559898.0,0.0,559898.0,559898.0,0,0,0,0,0,0,0,0,0,40,0,3.5720792001400254,0.0,0.0,0.0,0.0,0.0,0.0,0,0,0,0,1,0,0,0,0.0,0.0,0.0,0.0,40,0,0,0,0,0,0,2,0,0,0,1386,-1,0,20,0,0,0,0,0,0,0,0,BENIGN
10.42.0.42-36.110.210.167-37171-80-6,10.42.0.42,37171,36.110.210.167,80,6,08/08/2017 02:58:55,119924,2,0,0.0,0.0,0.0,0.0,0.0,0.0,0,0,0,0,0.0,16.67722891164404,119924.0,0.0,119924.0,119924.0,119924.0,119924.0,0.0,119924.0,119924.0,0,0,0,0,0,0,0,0,0,40,0,16.67722891164404,0.0,0.0,0.0,0.0,0.0,0.0,0,0,0,0,1,0,0,0,0.0,0.0,0.0,0.0,40,0,0,0,0,0,0,2,0,0,0,1369,-1,0,20,0,0,0,0,0,0,0,0,BENIGN
221.228.208.97-10.42.0.42-80-37181-6,10.42.0.42,37181,221.228.208.97,80,6,08/08/2017 02:58:44,10862077,3,1,0.0,0.0,0.0,0.0,0.0,0.0,0.0,0.0,0.0,0.0,0.0,0.3682536958631393,3620692.3333333335,5922012.080296471,1.0454881E7,2039.0,1.0862077E7,5431038.5,7104786.198726356,1.0454881E7,407196.0,0,0,0,0,0,0,0,0,0,80,32,0.27619027189735446,0.09206342396578482,0.0,0.0,0.0,0.0,0.0,0,0,0,1,0,0,0,0,0.0,0.0,0.0,0.0,80,0,0,0,0,0,0,3,0,1,0,65535,14600,0,20,0,0,0,0,0,0,0,0,BENIGN
10.42.0.42-106.11.135.2-52892-80-6,10.42.0.42,52892,106.11.135.2,80,6,08/08/2017 02:58:43,12406715,3,1,0.0,0.0,0.0,0.0,0.0,0.0,0.0,0.0,0.0,0.0,0.0,0.3224060518839999,4135571.6666666665,6946053.531520638,1.2154921E7,2662.0,1.2406715E7,6203357.5,8416781.819024686,1.2154921E7,251794.0,0,0,0,0,0,0,0,0,0,80,40,0.24180453891299994,0.08060151297099998,0.0,0.0,0.0,0.0,0.0,0,0,0,1,0,0,0,0,0.0,0.0,0.0,0.0,80,0,0,0,0,0,0,3,0,1,0,65535,11520,0,20,0,0,0,0,0,0,0,0,BENIGN
180.76.172.9-10.42.0.42-80-60010-6,10.42.0.42,60010,180.76.172.9,80,6,08/08/2017 02:58:44,10863095,3,1,0.0,0.0,0.0,0.0,0.0,0.0,0.0,0.0,0.0,0.0,0.0,0.3682191861527493,3621031.6666666665,6046401.083877113,1.0601234E7,2293.0,1.0863095E7,5431547.5,7311040.761517097,1.0601234E7,261861.0,0,0,0,0,0,0,0,0,0,104,40,0.27616438961456197,0.09205479653818732,0.0,0.0,0.0,0.0,0.0,0,0,0,1,0,0,0,0,0.0,0.0,0.0,0.0,104,0,0,0,0,0,0,3,0,1,0,65535,65535,0,32,0,0,0,0,0,0,0,0,BENIGN
180.149.134.221-10.42.0.42-80-45363-6,10.42.0.42,45363,180.149.134.221,80,6,08/08/2017 02:58:52,2969911,2,0,0.0,0.0,0.0,0.0,0.0,0.0,0,0,0,0,0.0,0.6734208533521712,2969911.0,0.0,2969911.0,2969911.0,2969911.0,2969911.0,0.0,2969911.0,2969911.0,0,0,0,0,0,0,0,0,0,40,0,0.6734208533521712,0.0,0.0,0.0,0.0,0.0,0.0,0,0,0,0,1,0,0,0,0.0,0.0,0.0,0.0,40,0,0,0,0,0,0,2,0,0,0,1403,-1,0,20,0,0,0,0,0,0,0,0,BENIGN
10.42.0.42-106.11.94.21-52026-443-6,10.42.0.42,52026,106.11.94.21,443,6,08/08/2017 02:58:42,12713921,3,1,0.0,0.0,0.0,0.0,0.0,0.0,0.0,0.0,0.0,0.0,0.0,0.31461576645001965,4237973.666666666,7065918.030590669,1.2394975E7,2328.0,1.2713921E7,6356960.5,8539041.995705402,1.2394975E7,318946.0,0,0,0,0,0,0,0,0,0,80,40,0.23596182483751474,0.07865394161250491,0.0,0.0,0.0,0.0,0.0,0,0,0,1,0,0,0,0,0.0,0.0,0.0,0.0,80,0,0,0,0,0,0,3,0,1,0,65535,11520,0,20,0,0,0,0,0,0,0,0,BENIGN
222.73.28.96-10.42.0.42-80-36951-6,10.42.0.42,36951,222.73.28.96,80,6,08/08/2017 02:58:44,11509745,4,1,0.0,0.0,0.0,0.0,0.0,0.0,0.0,0.0,0.0,0.0,0.0,0.43441448963465307,2877436.25,4873312.371675031,1.0161689E7,2101.0,1.1509745E7,3836581.6666666665,5486779.526423158,1.0161689E7,358572.0,0,0,0,0,0,0,0,0,0,120,32,0.34753159170772246,0.08688289792693062,0.0,0.0,0.0,0.0,0.0,0,0,0,1,0,0,0,0,0.0,0.0,0.0,0.0,120,0,0,0,0,0,0,4,0,1,0,65535,14600,0,20,0,0,0,0,0,0,0,0,BENIGN
222.73.28.96-10.42.0.42-80-36966-6,10.42.0.42,36966,222.73.28.96,80,6,08/08/2017 02:58:45,10505968,3,1,0.0,0.0,0.0,0.0,0.0,0.0,0.0,0.0,0.0,0.0,0.0,0.3807359778746709,3501989.3333333335,5757002.35177035,1.014646E7,2742.0,1.0505968E7,5252984.0,6920420.126347244,1.014646E7,359508.0,0,0,0,0,0,0,0,0,0,80,32,0.2855519834060032,0.09518399446866772,0.0,0.0,0.0,0.0,0.0,0,0,0,1,0,0,0,0,0.0,0.0,0.0,0.0,80,0,0,0,0,0,0,3,0,1,0,65535,14600,0,20,0,0,0,0,0,0,0,0,BENIGN
10.42.0.42-106.11.94.21-52026-443-6,106.11.94.21,443,10.42.0.42,52026,6,08/08/2017 02:58:55,299639,2,0,0.0,0.0,0.0,0.0,0.0,0.0,0,0,0,0,0.0,6.674698553926558,299639.0,0.0,299639.0,299639.0,299639.0,299639.0,0.0,299639.0,299639.0,0,0,0,0,0,0,0,0,0,40,0,6.674698553926558,0.0,0.0,0.0,0.0,0.0,0.0,0,0,0,0,1,0,0,0,0.0,0.0,0.0,0.0,40,0,0,0,0,0,0,2,0,0,0,14600,-1,0,20,0,0,0,0,0,0,0,0,BENIGN
174.35.73.99-10.42.0.42-80-60572-6,10.42.0.42,60572,174.35.73.99,80,6,08/08/2017 02:58:50,6146897,6,9,624.0,5836.0,624.0,0.0,104.0,254.74693324945054,1448.0,0.0,648.4444444444446,688.6107592666395,1050.9367571963546,2.44025562816491,439064.0714285715,1608888.6160338456,6028769.0,2.0,118128.0,23625.6,28214.3974824911,71881.0,1914.0,6123969.0,765496.125,2128710.3516323436,6033549.0,2.0,0,0,0,0,212,304,0.976102251265964,1.4641533768989459,0.0,1448.0,403.74999999999994,597.7151495486793,357263.4,0,0,0,1,0,0,0,0,1.0,430.6666666666667,104.0,648.4444444444445,212,0,0,0,0,0,0,6,624,9,5836,65535,674,1,32,0,0,0,0,0,0,0,0,BENIGN
180.163.255.159-10.42.0.42-80-39290-6,10.42.0.42,39290,180.163.255.159,80,6,08/08/2017 02:58:48,8329604,2,0,0.0,0.0,0.0,0.0,0.0,0.0,0,0,0,0,0.0,0.24010745288731614,8329604.0,0.0,8329604.0,8329604.0,8329604.0,8329604.0,0.0,8329604.0,8329604.0,0,0,0,0,0,0,0,0,0,40,0,0.24010745288731614,0.0,0.0,0.0,0.0,0.0,0.0,0,0,0,0,1,1,0,0,0.0,0.0,0.0,0.0,40,0,0,0,0,0,0,2,0,0,0,1460,-1,0,20,0,0,0,0,0,0,0,0,BENIGN
10.42.0.42-104.193.88.109-40371-80-6,10.42.0.42,40371,104.193.88.109,80,6,08/08/2017 02:58:37,20179462,15,19,1175.0,22225.0,1175.0,0.0,78.33333333333333,303.3836954529143,1448.0,0.0,1169.7368421052631,563.1352553245745,1159.5948395452763,1.6848813907922817,611498.8484848485,3460706.1010130406,1.9888826E7,1.0,290636.0,20759.714285714286,38547.83843970537,96678.0,1.0,2.0091502E7,1116194.5555555553,4687535.601252378,1.9898459E7,1.0,0,0,0,0,488,616,0.7433300253495361,0.9415513654427456,0.0,1448.0,668.5714285714286,716.2327622692912,512989.3697478991,0,0,0,1,0,0,0,0,1.0,688.2352941176471,78.33333333333333,1169.7368421052631,488,0,0,0,0,0,0,15,1175,19,22225,65535,4208,1,32,0,0,0,0,0,0,0,0,BENIGN
10.42.0.42-104.193.88.109-40373-80-6,10.42.0.42,40373,104.193.88.109,80,6,08/08/2017 02:58:37,20179801,11,14,1176.0,15290.0,1176.0,0.0,106.9090909090909,354.57734122345,1448.0,0.0,1092.1428571428569,615.4595352746104,815.964438896102,1.2388625636100177,840825.0416666666,4056508.4276599837,1.9885054E7,1.0,294747.0,29474.699999999997,46972.86929482687,107184.0,1.0,2.009235E7,1545565.3846153847,5512849.531230598,1.9893026E7,1.0,0,0,0,0,360,456,0.5450995279884078,0.6937630356216099,0.0,1448.0,633.3076923076922,709.3115405366399,503122.8615384613,0,0,0,1,0,0,0,0,1.0,658.64,106.9090909090909,1092.142857142857,360,0,0,0,0,0,0,11,1176,14,15290,65535,4208,1,32,0,0,0,0,0,0,0,0,BENIGN
10.42.0.42-104.193.88.109-40369-80-6,10.42.0.42,40369,104.193.88.109,80,6,08/08/2017 02:58:37,20377393,49,74,1175.0,101090.0,1175.0,0.0,23.979591836734702,167.8571428571429,1448.0,0.0,1366.0810810810813,316.317196305018,5018.551686174968,6.036100888862475,167027.81147540984,1801331.0874663722,1.9899455E7,1.0,477938.0,9957.041666666664,26977.646032317858,99761.0,1.0,2.0289776E7,277942.1369863014,2328962.84592857,1.9903269E7,1.0,0,0,0,0,1576,2376,2.404625557351718,3.631475331510758,0.0,1448.0,824.7177419354836,712.5023527045324,507659.6026094939,0,0,0,1,0,0,0,0,1.0,831.4227642276422,23.979591836734695,1366.081081081081,1576,0,0,0,0,0,0,49,1175,74,101090,65535,4208,1,32,0,0,0,0,0,0,0,0,BENIGN
10.42.0.42-36.51.254.232-48440-443-6,10.42.0.42,48440,36.51.254.232,443,6,08/08/2017 02:58:28,29618619,15,23,1459.0,23973.0,497.0,0.0,97.26666666666668,177.38193927497912,1460.0,0.0,1042.304347826087,614.3631169965297,858.6490815118693,1.2829767653920665,800503.2162162161,4081485.9268529825,2.4743878E7,1.0,4874736.0,348195.4285714285,854776.7351956896,3285935.0,4.0,2.9384166E7,1335643.9090909094,5285264.946889497,2.4756838E7,1.0,0,0,0,0,320,472,0.5064381968652893,0.776538568526777,0.0,1460.0,652.1025641025641,674.517909514944,454974.41025641013,0,0,0,1,0,0,0,0,1.0,669.2631578947369,97.26666666666667,1042.304347826087,320,0,0,0,0,0,0,15,1459,23,23973,65535,148,4,20,4874736.0,0.0,4874736.0,4874736.0,2.4743878E7,0.0,2.4743878E7,2.4743878E7,BENIGN
10.42.0.42-104.193.88.109-40369-80-6,10.42.0.42,40369,104.193.88.109,80,6,08/08/2017 02:58:58,450856,2,0,0.0,0.0,0.0,0.0,0.0,0.0,0,0,0,0,0.0,4.436006174920596,450856.0,0.0,450856.0,450856.0,450856.0,450856.0,0.0,450856.0,450856.0,0,0,0,0,0,0,0,0,0,64,0,4.436006174920596,0.0,0.0,0.0,0.0,0.0,0.0,0,0,0,0,1,0,0,0,0.0,0.0,0.0,0.0,64,0,0,0,0,0,0,2,0,0,0,4582,-1,0,32,0,0,0,0,0,0,0,0,BENIGN
10.42.0.42-104.193.88.109-40371-80-6,10.42.0.42,40371,104.193.88.109,80,6,08/08/2017 02:58:58,651024,2,0,0.0,0.0,0.0,0.0,0.0,0.0,0,0,0,0,0.0,3.072083364054167,651024.0,0.0,651024.0,651024.0,651024.0,651024.0,0.0,651024.0,651024.0,0,0,0,0,0,0,0,0,0,64,0,3.072083364054167,0.0,0.0,0.0,0.0,0.0,0.0,0,0,0,0,1,0,0,0,0.0,0.0,0.0,0.0,64,0,0,0,0,0,0,2,0,0,0,2093,-1,0,32,0,0,0,0,0,0,0,0,BENIGN
10.42.0.42-104.193.88.109-40373-80-6,10.42.0.42,40373,104.193.88.109,80,6,08/08/2017 02:58:58,650905,2,0,0.0,0.0,0.0,0.0,0.0,0.0,0,0,0,0,0.0,3.072645009640424,650905.0,0.0,650905.0,650905.0,650905.0,650905.0,0.0,650905.0,650905.0,0,0,0,0,0,0,0,0,0,64,0,3.072645009640424,0.0,0.0,0.0,0.0,0.0,0.0,0,0,0,0,1,0,0,0,0.0,0.0,0.0,0.0,64,0,0,0,0,0,0,2,0,0,0,1867,-1,0,32,0,0,0,0,0,0,0,0,BENIGN
180.149.153.234-10.42.0.42-80-56606-6,10.42.0.42,56606,180.149.153.234,80,6,08/08/2017 02:58:45,12725715,3,1,0.0,0.0,0.0,0.0,0.0,0.0,0.0,0.0,0.0,0.0,0.0,0.31432418532082484,4241905.0,7089693.802739791,1.2426807E7,10556.0,1.2725715E7,6362857.5,8575719.624445548,1.2426807E7,298908.0,0,0,0,0,0,0,0,0,0,80,32,0.2357431389906186,0.07858104633020621,0.0,0.0,0.0,0.0,0.0,0,0,0,1,0,0,0,0,0.0,0.0,0.0,0.0,80,0,0,0,0,0,0,3,0,1,0,65535,14600,0,20,0,0,0,0,0,0,0,0,BENIGN
174.35.73.99-10.42.0.42-80-60572-6,10.42.0.42,60572,174.35.73.99,80,6,08/08/2017 02:58:56,1730069,2,0,0.0,0.0,0.0,0.0,0.0,0.0,0,0,0,0,0.0,1.1560232568758817,1730069.0,0.0,1730069.0,1730069.0,1730069.0,1730069.0,0.0,1730069.0,1730069.0,0,0,0,0,0,0,0,0,0,64,0,1.1560232568758817,0.0,0.0,0.0,0.0,0.0,0.0,0,0,0,0,1,0,0,0,0.0,0.0,0.0,0.0,64,0,0,0,0,0,0,2,0,0,0,1567,-1,0,32,0,0,0,0,0,0,0,0,BENIGN
222.73.28.96-10.42.0.42-80-36949-6,10.42.0.42,36949,222.73.28.96,80,6,08/08/2017 02:58:43,14761750,5,1,0.0,0.0,0.0,0.0,0.0,0.0,0.0,0.0,0.0,0.0,0.0,0.40645587413416434,2952350.0,4816918.089844066,1.1458371E7,5319.0,1.476175E7,3690437.5,5225529.7335078865,1.1458371E7,301108.0,0,0,0,0,0,0,0,0,0,160,32,0.33871322844513696,0.0677426456890274,0.0,0.0,0.0,0.0,0.0,0,0,0,1,0,0,0,0,0.0,0.0,0.0,0.0,160,0,0,0,0,0,0,5,0,1,0,65535,14600,0,20,0,0,0,0,0,0,0,0,BENIGN
10.42.0.42-104.193.88.109-40370-80-6,10.42.0.42,40370,104.193.88.109,80,6,08/08/2017 02:58:37,21409514,79,124,5534.0,160905.0,1448.0,0.0,70.05063291139241,305.5712975988762,1448.0,0.0,1297.6209677419358,408.42271647049364,7774.067174061027,9.481765910239718,105987.69306930693,1393506.6654597248,1.9807391E7,0.0,1602123.0,20540.038461538465,54501.950499218656,323772.0,1.0,2.1321693E7,173347.0975609756,1786113.9424553658,1.9812119E7,0.0,0,0,0,0,2536,3976,3.689948309896245,5.791817600343473,0.0,1448.0,815.8774509803917,706.0199062777659,498464.10806046537,0,0,0,1,0,0,0,0,1.0,819.8965517241379,70.0506329113924,1297.6209677419354,2536,0,0,0,0,0,0,79,5534,124,160905,65535,6380,7,32,0,0,0,0,0,0,0,0,BENIGN
10.42.0.42-104.193.88.109-40367-80-6,10.42.0.42,40367,104.193.88.109,80,6,08/08/2017 02:58:37,21468281,28,47,3806.0,58989.0,1448.0,0.0,135.92857142857142,401.38814027502,1448.0,0.0,1255.0851063829784,487.0322652371747,2925.012952830271,3.493526100203365,290111.90540540544,2311443.551877017,1.9887128E7,1.0,1581153.0,58561.22222222222,160627.64737916103,832911.0,1.0,2.1380628E7,464796.2608695652,2932278.5074141193,1.9897952E7,1.0,0,0,0,0,904,1512,1.3042497440759229,2.189276356127442,0.0,1448.0,826.2500000000002,711.1534878866399,505739.2833333333,0,0,0,1,0,0,0,0,1.0,837.2666666666667,135.92857142857142,1255.0851063829787,904,0,0,0,0,0,0,28,3806,47,58989,65535,5656,4,32,0,0,0,0,0,0,0,0,BENIGN
10.42.0.42-106.11.94.1-56629-443-6,106.11.94.1,443,10.42.0.42,56629,6,08/08/2017 02:58:57,2560320,1,2,0.0,0.0,0.0,0.0,0.0,0.0,0.0,0.0,0.0,0.0,0.0,1.1717285339332584,1280160.0,1799746.5642523116,2552773.0,7547.0,0,0,0,0,0,2552773.0,2552773.0,0.0,2552773.0,2552773.0,0,0,0,0,20,40,0.3905761779777528,0.7811523559555056,0.0,0.0,0.0,0.0,0.0,0,0,0,0,1,1,0,0,2.0,0.0,0.0,0.0,20,0,0,0,0,0,0,1,0,2,0,14600,65535,0,20,0,0,0,0,0,0,0,0,BENIGN
10.42.0.42-104.193.88.109-40374-80-6,10.42.0.42,40374,104.193.88.109,80,6,08/08/2017 02:58:37,21959063,23,49,2904.0,60588.0,1448.0,0.0,126.26086956521736,417.06661963934647,1448.0,0.0,1236.4897959183672,486.8087031220519,2891.380201422984,3.2788284272420913,309282.57746478874,2365023.456872152,1.9901947E7,0.0,2057116.0,93505.27272727272,312666.67826832883,1480813.0,1.0,2.1871571E7,455657.7291666667,2876005.9178992747,1.9905119E7,0.0,0,0,0,0,744,1576,1.0474035253690013,2.23142490187309,0.0,1448.0,869.7534246575342,699.8280697750365,489759.3272450533,0,0,0,1,0,0,0,0,2.0,881.8333333333334,126.26086956521739,1236.4897959183672,744,0,0,0,0,0,0,23,2904,49,60588,65535,5068,4,32,0,0,0,0,0,0,0,0,BENIGN
10.42.0.42-104.193.88.109-40377-80-6,10.42.0.42,40377,104.193.88.109,80,6,08/08/2017 02:58:38,21635761,100,154,5535.0,202602.0,1448.0,0.0,55.350000000000016,272.8292978358002,1448.0,0.0,1315.5974025974022,381.9373476233363,9620.045257479042,11.739822786912834,85516.84189723321,1256916.82161613,1.9992509E7,1.0,1643252.0,16598.505050505053,50596.12440638515,324421.0,1.0,2.1547831E7,140835.49673202613,1616730.2051953345,1.9997665E7,1.0,0,0,0,0,3208,4936,4.6219774751625335,7.117845311750301,0.0,1448.0,816.2235294117651,706.1342756106792,498625.6151922187,0,0,0,1,0,0,0,0,1.0,819.4370078740158,55.35,1315.5974025974026,3208,0,0,0,0,0,0,100,5535,154,202602,65535,6516,7,32,0,0,0,0,0,0,0,0,BENIGN
10.42.0.42-104.193.88.109-40394-80-6,10.42.0.42,40394,104.193.88.109,80,6,08/08/2017 02:58:39,20640698,27,43,1452.0,54801.0,1448.0,0.0,53.77777777777779,278.63918402083164,1448.0,0.0,1274.4418604651162,450.1644303990002,2725.3438812970376,3.391358179844499,299140.5507246377,2372862.748266263,1.9717995E7,1.0,922703.0,35488.57692307693,93594.11781011586,458936.0,1.0,2.0553213E7,489362.21428571426,3041245.963955511,1.9721673E7,1.0,0,0,0,0,872,1384,1.308095297940021,2.0832628819044783,0.0,1448.0,792.2957746478872,715.9370561791468,512565.86841046286,0,0,0,1,0,0,0,0,1.0,803.6142857142858,53.77777777777778,1274.4418604651162,872,0,0,0,0,0,0,27,1452,43,54801,65535,4344,2,32,0,0,0,0,0,0,0,0,BENIGN
10.42.0.42-119.146.74.33-48019-443-6,10.42.0.42,48019,119.146.74.33,443,6,08/08/2017 02:58:40,18920346,2,0,0.0,0.0,0.0,0.0,0.0,0.0,0,0,0,0,0.0,0.10570631213615228,1.8920346E7,0.0,1.8920346E7,1.8920346E7,1.8920346E7,1.8920346E7,0.0,1.8920346E7,1.8920346E7,0,0,0,0,0,0,0,0,0,40,0,0.10570631213615228,0.0,0.0,0.0,0.0,0.0,0.0,0,0,0,0,1,1,0,0,0.0,0.0,0.0,0.0,40,0,0,0,0,0,0,2,0,0,0,2316,-1,0,20,0,0,0,0,0,0,0,0,BENIGN
10.42.0.42-104.193.88.109-40372-80-6,10.42.0.42,40372,104.193.88.109,80,6,08/08/2017 02:58:37,22087198,97,160,8719.0,204263.0,1448.0,0.0,89.88659793814429,350.5451966903561,1448.0,0.0,1276.6437499999997,436.7303234633358,9642.780401570177,11.635699557725701,86278.1171875,1247212.4400848297,1.9953292E7,0.0,2133906.0,22228.187500000004,65077.94959250386,433927.0,1.0,2.1999443E7,138361.27672955973,1586121.2006089098,1.9997968E7,0.0,0,0,0,0,3112,5128,4.391684268869233,7.244015288856468,0.0,1448.0,825.5116279069765,705.3408218453985,497505.67496154225,0,0,0,1,0,0,0,0,1.0,828.7237354085603,89.88659793814433,1276.64375,3112,0,0,0,0,0,0,97,8719,160,204263,65535,7964,12,32,0,0,0,0,0,0,0,0,BENIGN
10.42.0.42-104.193.88.109-40368-80-6,10.42.0.42,40368,104.193.88.109,80,6,08/08/2017 02:58:37,22103899,75,112,5256.0,144099.0,1448.0,0.0,70.07999999999997,298.49617499473334,1448.0,0.0,1286.5982142857144,418.4108386582409,6756.952698707138,8.460045895070367,118838.16666666667,1453395.1595520761,1.9812173E7,0.0,2291726.0,30969.270270270266,106576.53528420889,825327.0,1.0,2.2015717E7,198339.79279279278,1881565.7313642765,1.9815885E7,0.0,0,0,0,0,2408,3616,3.39306653545603,5.066979359614338,0.0,1448.0,794.4414893617019,705.7364354660273,498063.91634429403,0,0,0,1,0,0,0,0,1.0,798.6898395721926,70.08,1286.5982142857142,2408,0,0,0,0,0,0,75,5256,112,144099,65535,6380,6,32,0,0,0,0,0,0,0,0,BENIGN
203.130.53.126-10.42.0.42-80-57358-6,10.42.0.42,57358,203.130.53.126,80,6,08/08/2017 02:58:20,39955892,50,85,4053.0,109625.0,449.0,0.0,81.05999999999997,163.96993377956053,1460.0,0.0,1289.7058823529414,349.06172954996737,2845.087277741165,3.378725720852384,298178.2985074627,2643853.7925235983,2.9994865E7,0.0,9961027.0,203286.26530612246,911364.2780788357,5736166.0,1.0,3.9931182E7,475371.2142857143,3335891.5362205794,2.9999926E7,0.0,0,0,0,0,1056,1712,1.251379896611994,2.1273458242403898,0.0,1460.0,835.8676470588235,656.8449031524761,431445.2267973858,0,0,0,1,0,0,0,0,1.0,842.0592592592593,81.06,1289.7058823529412,1056,0,0,0,0,0,0,50,4053,85,109625,65535,99,10,20,4192937.0,0.0,4192937.0,4192937.0,5736166.0,0.0,5736166.0,5736166.0,BENIGN
220.181.7.190-10.42.0.42-443-48005-6,10.42.0.42,48005,220.181.7.190,443,6,08/08/2017 02:58:41,19247095,2,0,0.0,0.0,0.0,0.0,0.0,0.0,0,0,0,0,0.0,0.10391178512913246,1.9247095E7,0.0,1.9247095E7,1.9247095E7,1.9247095E7,1.9247095E7,0.0,1.9247095E7,1.9247095E7,0,0,0,0,0,0,0,0,0,40,0,0.10391178512913246,0.0,0.0,0.0,0.0,0.0,0.0,0,0,0,0,1,1,0,0,0.0,0.0,0.0,0.0,40,0,0,0,0,0,0,2,0,0,0,1962,-1,0,20,0,0,0,0,0,0,0,0,BENIGN
220.181.7.190-10.42.0.42-443-48007-6,10.42.0.42,48007,220.181.7.190,443,6,08/08/2017 02:58:41,19246999,2,0,0.0,0.0,0.0,0.0,0.0,0.0,0,0,0,0,0.0,0.10391230341935385,1.9246999E7,0.0,1.9246999E7,1.9246999E7,1.9246999E7,1.9246999E7,0.0,1.9246999E7,1.9246999E7,0,0,0,0,0,0,0,0,0,40,0,0.10391230341935385,0.0,0.0,0.0,0.0,0.0,0.0,0,0,0,0,1,1,0,0,0.0,0.0,0.0,0.0,40,0,0,0,0,0,0,2,0,0,0,1419,-1,0,20,0,0,0,0,0,0,0,0,BENIGN
10.42.0.42-119.146.74.33-48024-443-6,10.42.0.42,48024,119.146.74.33,443,6,08/08/2017 02:58:41,19255394,2,0,0.0,0.0,0.0,0.0,0.0,0.0,0,0,0,0,0.0,0.10386699955347578,1.9255394E7,0.0,1.9255394E7,1.9255394E7,1.9255394E7,1.9255394E7,0.0,1.9255394E7,1.9255394E7,0,0,0,0,0,0,0,0,0,40,0,0.10386699955347578,0.0,0.0,0.0,0.0,0.0,0.0,0,0,0,0,1,1,0,0,0.0,0.0,0.0,0.0,40,0,0,0,0,0,0,2,0,0,0,2221,-1,0,20,0,0,0,0,0,0,0,0,BENIGN
10.42.0.42-119.146.74.33-48022-443-6,10.42.0.42,48022,119.146.74.33,443,6,08/08/2017 02:58:41,19255369,2,0,0.0,0.0,0.0,0.0,0.0,0.0,0,0,0,0,0.0,0.1038671344080708,1.9255369E7,0.0,1.9255369E7,1.9255369E7,1.9255369E7,1.9255369E7,0.0,1.9255369E7,1.9255369E7,0,0,0,0,0,0,0,0,0,40,0,0.1038671344080708,0.0,0.0,0.0,0.0,0.0,0.0,0,0,0,0,1,1,0,0,0.0,0.0,0.0,0.0,40,0,0,0,0,0,0,2,0,0,0,2902,-1,0,20,0,0,0,0,0,0,0,0,BENIGN
10.42.0.42-106.39.162.36-41751-80-6,10.42.0.42,41751,106.39.162.36,80,6,08/08/2017 02:58:54,6019936,2,0,0.0,0.0,0.0,0.0,0.0,0.0,0,0,0,0,0.0,0.3322294456286578,6019936.0,0.0,6019936.0,6019936.0,6019936.0,6019936.0,0.0,6019936.0,6019936.0,0,0,0,0,0,0,0,0,0,40,0,0.3322294456286578,0.0,0.0,0.0,0.0,0.0,0.0,0,0,0,0,1,1,0,0,0.0,0.0,0.0,0.0,40,0,0,0,0,0,0,2,0,0,0,1369,-1,0,20,0,0,0,0,0,0,0,0,BENIGN
219.142.78.162-10.42.0.42-443-49807-6,10.42.0.42,49807,219.142.78.162,443,6,08/08/2017 02:58:22,38022459,17,13,4132.0,7923.0,735.0,0.0,243.05882352941177,330.423491633887,1460.0,0.0,609.4615384615385,603.3276632401081,317.0494575324547,0.7890073600973573,1311119.2758620689,4775347.601101021,2.4999133E7,2.0,1.3023096E7,813943.5,1876992.7138685791,6921766.0,2.0,3.7765831E7,3147152.5833333335,7232544.127145786,2.500135E7,230.0,0,0,0,0,372,272,0.4471041707218358,0.3419031893755215,0.0,1460.0,388.87096774193554,491.94069709911736,242005.64946236552,0,0,0,1,0,0,0,0,0.0,401.8333333333333,243.05882352941177,609.4615384615385,372,0,0,0,0,0,0,17,4132,13,7923,65535,188,7,20,3050665.0,3943328.043497269,5839019.0,262311.0,1.59604495E7,1.2782628791697916E7,2.4999133E7,6921766.0,BENIGN
203.90.242.126-10.42.0.42-80-54551-6,10.42.0.42,54551,203.90.242.126,80,6,08/08/2017 02:58:23,37162366,6,5,709.0,690.0,356.0,0.0,118.16666666666667,183.06547098419915,389.0,0.0,138.0,191.50848545168958,37.645611692215724,0.2959983764219964,3716236.5999999996,8305102.229032707,2.5131388E7,180.0,1.2030978E7,2406195.6,4958464.968758204,1.1274025E7,496.0,3.6913396E7,9228349.0,1.1888238444881648E7,2.5133649E7,180.0,0,0,0,0,200,168,0.16145365986654348,0.13454471655545291,0.0,389.0,116.58333333333334,173.24887948389232,30015.17424242425,0,0,0,1,0,0,0,0,0.0,127.18181818181819,118.16666666666667,138.0,200,0,0,0,0,0,0,6,709,5,690,65535,243,2,32,505504.0,0.0,505504.0,505504.0,1.1274025E7,0.0,1.1274025E7,1.1274025E7,BENIGN
219.142.78.162-10.42.0.42-443-49805-6,10.42.0.42,49805,219.142.78.162,443,6,08/08/2017 02:58:22,38527645,13,10,2687.0,4311.0,735.0,0.0,206.69230769230768,309.76829636987935,1460.0,0.0,431.1,529.7849563738102,181.63580981915712,0.5969739391026885,1751256.5909090908,5750425.95285934,2.49993E7,8.0,1.3528337E7,1127361.4166666665,3326306.07041323,1.1682173E7,613.0,3.8272323E7,4252480.333333333,8699922.94435596,2.5000512E7,8.0,0,0,0,0,280,212,0.3374200525363022,0.2595538865663863,0.0,1460.0,291.58333333333337,419.6727417225564,176125.21014492752,0,0,0,1,0,0,0,0,0.0,304.2608695652174,206.69230769230768,431.1,280,0,0,0,0,0,0,13,2687,10,4311,65535,165,5,20,923082.0,245573.94246540085,1096729.0,749435.0,1.83407365E7,9416630.807622464,2.49993E7,1.1682173E7,BENIGN
219.142.78.162-10.42.0.42-443-49804-6,10.42.0.42,49804,219.142.78.162,443,6,08/08/2017 02:58:22,38527656,17,13,4130.0,8071.0,735.0,0.0,242.94117647058823,330.2431813429755,1460.0,0.0,620.8461538461538,582.7218956692014,316.68160658411193,0.7786614373840962,1328539.8620689653,4756522.644436094,2.4998902E7,2.0,1.3528752E7,845547.0,1795080.2607198376,6619486.0,380.0,3.827174E7,3189311.666666667,7188405.1658700835,2.5001188E7,2.0,0,0,0,0,372,272,0.4412414811843212,0.33741995619977505,0.0,1460.0,393.5806451612903,484.1441090001714,234395.51827956983,0,0,0,1,0,0,0,0,0.0,406.7,242.94117647058823,620.8461538461538,372,0,0,0,0,0,0,17,4130,13,8071,65535,188,7,20,3454633.0,3824630.2707801703,6159055.0,750211.0,1.5809194E7,1.299620968784853E7,2.4998902E7,6619486.0,BENIGN
219.142.78.162-10.42.0.42-443-49806-6,10.42.0.42,49806,219.142.78.162,443,6,08/08/2017 02:58:22,38525150,29,22,7810.0,15102.0,735.0,0.0,269.31034482758616,346.0697806851217,1460.0,0.0,686.4545454545453,630.0530383775886,594.7283787344112,1.3238105497317987,770503.0000000001,3642521.34546559,2.4998888E7,1.0,1.3526257E7,483080.6071428571,1339414.2712589884,7246307.0,123.0,3.8268513E7,1822310.1428571427,5547481.009016581,2.5001119E7,1.0,0,0,0,0,624,452,0.7527550184749443,0.5710555312568544,0.0,1460.0,440.6153846153846,525.1418913333638,275774.0060331825,0,0,0,1,0,0,0,0,0.0,449.2549019607843,269.3103448275862,686.4545454545455,624,0,0,0,0,0,0,29,7810,22,15102,65535,245,12,20,3139975.0,3375204.5143664996,5526605.0,753345.0,1.61225975E7,1.2552970408663461E7,2.4998888E7,7246307.0,BENIGN
219.142.78.162-10.42.0.42-443-49808-6,10.42.0.42,49808,219.142.78.162,443,6,08/08/2017 02:58:22,38529155,22,14,6333.0,8320.0,735.0,0.0,287.8636363636364,347.9849881073204,1460.0,0.0,594.2857142857144,488.53035943318,380.3094046573302,0.9343573717098129,1100833.0,4250200.624512345,2.499864E7,2.0,1.3530515E7,644310.2380952381,1072566.97575172,3868266.0,121.0,3.8272443E7,2944034.076923077,6768076.996662167,2.5000935E7,2.0,0,0,0,0,460,292,0.5709961716004412,0.3633612001093717,0.0,1460.0,396.02702702702703,428.5013604598192,183613.4159159159,0,0,0,1,0,0,0,0,0.0,407.02777777777777,287.8636363636364,594.2857142857143,460,0,0,0,0,0,0,22,6333,14,8320,65535,222,10,20,0,0,0,0,0,0,0,0,BENIGN
219.142.78.162-10.42.0.42-443-49809-6,10.42.0.42,49809,219.142.78.162,443,6,08/08/2017 02:58:22,38529249,26,18,7092.0,12951.0,735.0,0.0,272.76923076923083,346.7867711078158,1460.0,0.0,719.5,608.785507479972,520.2021975564589,1.1419895570764953,896029.0465116279,3911774.7117975377,2.4997933E7,5.0,1.3531311E7,541252.44,1370042.2111231368,6923716.0,149.0,3.8273313E7,2251371.3529411764,6106799.939828766,2.5000321E7,5.0,0,0,0,0,564,372,0.6748120109997472,0.4671775460767481,0.0,1460.0,445.4,514.177074203395,264378.06363636354,0,0,0,1,0,0,0,0,0.0,455.52272727272725,272.7692307692308,719.5,564,0,0,0,0,0,0,26,7092,18,12951,65535,234,11,20,3303797.5,3582807.5297889644,5837225.0,770370.0,1.59608245E7,1.2780401405337177E7,2.4997933E7,6923716.0,BENIGN
10.42.0.42-119.146.74.49-51576-80-6,10.42.0.42,51576,119.146.74.49,80,6,08/08/2017 02:58:38,23120020,2,0,0.0,0.0,0.0,0.0,0.0,0.0,0,0,0,0,0.0,0.0865051154800039,2.312002E7,0.0,2.312002E7,2.312002E7,2.312002E7,2.312002E7,0.0,2.312002E7,2.312002E7,0,0,0,0,0,0,0,0,0,40,0,0.0865051154800039,0.0,0.0,0.0,0.0,0.0,0.0,0,0,0,0,1,1,0,0,0.0,0.0,0.0,0.0,40,0,0,0,0,0,0,2,0,0,0,2327,-1,0,20,0,0,0,0,0,0,0,0,BENIGN
10.42.0.42-119.146.74.33-48021-443-6,10.42.0.42,48021,119.146.74.33,443,6,08/08/2017 02:58:42,20200408,2,0,0.0,0.0,0.0,0.0,0.0,0.0,0,0,0,0,0.0,0.09900790122654948,2.0200408E7,0.0,2.0200408E7,2.0200408E7,2.0200408E7,2.0200408E7,0.0,2.0200408E7,2.0200408E7,0,0,0,0,0,0,0,0,0,40,0,0.09900790122654948,0.0,0.0,0.0,0.0,0.0,0.0,0,0,0,0,1,1,0,0,0.0,0.0,0.0,0.0,40,0,0,0,0,0,0,2,0,0,0,2540,-1,0,20,0,0,0,0,0,0,0,0,BENIGN
203.130.53.126-10.42.0.42-80-57455-6,10.42.0.42,57455,203.130.53.126,80,6,08/08/2017 02:58:29,33778928,20,20,614.0,23117.0,614.0,0.0,30.700000000000003,137.2945738184871,1460.0,0.0,1155.85,563.8525633158855,702.5385767126772,1.1841702022041671,866126.358974359,4822460.842384358,2.9985279E7,1.0,3793649.0,199665.7368421053,853612.9210625754,3724446.0,1.0,3.3754286E7,1776541.3684210523,6887626.52266896,2.9996648E7,1.0,0,0,0,0,420,412,0.5920851011020836,0.5920851011020836,0.0,1460.0,578.8048780487807,696.4521957576197,485045.6609756099,0,0,0,1,0,0,0,0,1.0,593.275,30.7,1155.85,420,0,0,0,0,0,0,20,614,20,23117,65535,62,1,20,0,0,0,0,0,0,0,0,BENIGN
203.130.53.126-10.42.0.42-80-57457-6,10.42.0.42,57457,203.130.53.126,80,6,08/08/2017 02:58:29,33769443,10,10,572.0,7834.0,572.0,0.0,57.2,180.8822821616313,1460.0,0.0,783.4,690.107914266554,248.92326473966418,0.5922514031398148,1777339.105263158,6877554.76166234,2.9960517E7,1.0,3808926.0,423213.9999999999,1234413.6742953109,3714722.0,1.0,3.3745592E7,3749510.222222222,9909154.357308319,2.9967467E7,1.0,0,0,0,0,232,212,0.2961257015699074,0.2961257015699074,0.0,1460.0,400.2857142857142,607.69146306799,369288.9142857142,0,0,0,1,0,0,0,0,1.0,420.3,57.2,783.4,232,0,0,0,0,0,0,10,572,10,7834,65535,62,1,20,0,0,0,0,0,0,0,0,BENIGN
203.130.53.126-10.42.0.42-80-57456-6,10.42.0.42,57456,203.130.53.126,80,6,08/08/2017 02:58:29,33779670,27,29,1243.0,34566.0,652.0,0.0,46.03703703703704,166.08164847482084,1460.0,0.0,1191.9310344827586,529.330097591993,1060.075483271447,1.6578018672177672,614175.8181818182,4064454.1573227867,2.9986244E7,1.0,3793426.0,145901.0,723533.8576287912,3693022.0,1.0,3.375537E7,1205548.9285714286,5686225.35131334,2.9997013E7,1.0,0,0,0,0,560,592,0.7992973288371378,0.8585045383806295,0.0,1460.0,628.2280701754387,698.5160806397236,487924.7149122808,0,0,0,1,0,0,0,0,1.0,639.4464285714286,46.03703703703704,1191.9310344827586,560,0,0,0,0,0,0,27,1243,29,34566,65535,68,2,20,0,0,0,0,0,0,0,0,BENIGN
10.42.0.42-119.146.74.33-48025-443-6,10.42.0.42,48025,119.146.74.33,443,6,08/08/2017 02:58:42,20889663,2,0,0.0,0.0,0.0,0.0,0.0,0.0,0,0,0,0,0.0,0.09574113282727444,2.0889663E7,0.0,2.0889663E7,2.0889663E7,2.0889663E7,2.0889663E7,0.0,2.0889663E7,2.0889663E7,0,0,0,0,0,0,0,0,0,40,0,0.09574113282727444,0.0,0.0,0.0,0.0,0.0,0.0,0,0,0,0,1,1,0,0,0.0,0.0,0.0,0.0,40,0,0,0,0,0,0,2,0,0,0,2358,-1,0,20,0,0,0,0,0,0,0,0,BENIGN
10.42.0.42-119.146.74.33-48023-443-6,10.42.0.42,48023,119.146.74.33,443,6,08/08/2017 02:58:42,20890207,2,0,0.0,0.0,0.0,0.0,0.0,0.0,0,0,0,0,0.0,0.09573863964105286,2.0890207E7,0.0,2.0890207E7,2.0890207E7,2.0890207E7,2.0890207E7,0.0,2.0890207E7,2.0890207E7,0,0,0,0,0,0,0,0,0,40,0,0.09573863964105286,0.0,0.0,0.0,0.0,0.0,0.0,0,0,0,0,1,1,0,0,0.0,0.0,0.0,0.0,40,0,0,0,0,0,0,2,0,0,0,1681,-1,0,20,0,0,0,0,0,0,0,0,BENIGN
10.42.0.42-119.146.74.33-48026-443-6,10.42.0.42,48026,119.146.74.33,443,6,08/08/2017 02:58:43,21205635,2,0,0.0,0.0,0.0,0.0,0.0,0.0,0,0,0,0,0.0,0.09431455365519589,2.1205635E7,0.0,2.1205635E7,2.1205635E7,2.1205635E7,2.1205635E7,0.0,2.1205635E7,2.1205635E7,0,0,0,0,0,0,0,0,0,40,0,0.09431455365519589,0.0,0.0,0.0,0.0,0.0,0.0,0,0,0,0,1,1,0,0,0.0,0.0,0.0,0.0,40,0,0,0,0,0,0,2,0,0,0,1594,-1,0,20,0,0,0,0,0,0,0,0,BENIGN
203.130.53.126-10.42.0.42-80-57480-6,10.42.0.42,57480,203.130.53.126,80,6,08/08/2017 02:58:32,32659057,18,29,1722.0,36369.0,583.0,0.0,95.66666666666666,220.13525254207858,1460.0,0.0,1254.1034482758623,449.9970908499287,1166.3227140942863,1.439110749584717,709979.5,4425555.006073841,2.9991884E7,1.0,2667173.0,156892.52941176473,536512.4198109395,2216478.0,1.0,3.2634582E7,1165520.7857142857,5666761.5503039155,2.9998221E7,1.0,0,0,0,0,380,592,0.551148797713296,0.8879619518714212,0.0,1460.0,793.5624999999999,684.8105159963221,468965.4428191489,0,0,0,1,0,0,0,0,1.0,810.4468085106383,95.66666666666667,1254.103448275862,380,0,0,0,0,0,0,18,1722,29,36369,65535,71,3,20,0,0,0,0,0,0,0,0,BENIGN
10.42.0.42-115.239.210.141-48170-443-6,10.42.0.42,48170,115.239.210.141,443,6,08/08/2017 02:58:57,7927247,2,0,0.0,0.0,0.0,0.0,0.0,0.0,0,0,0,0,0.0,0.25229439678112714,7927247.0,0.0,7927247.0,7927247.0,7927247.0,7927247.0,0.0,7927247.0,7927247.0,0,0,0,0,0,0,0,0,0,40,0,0.25229439678112714,0.0,0.0,0.0,0.0,0.0,0.0,0,0,0,0,1,1,0,0,0.0,0.0,0.0,0.0,40,0,0,0,0,0,0,2,0,0,0,1369,-1,0,20,0,0,0,0,0,0,0,0,BENIGN
220.170.182.31-10.42.0.42-443-41858-6,10.42.0.42,41858,220.170.182.31,443,6,08/08/2017 02:58:44,22480780,2,0,0.0,0.0,0.0,0.0,0.0,0.0,0,0,0,0,0.0,0.08896488467037177,2.248078E7,0.0,2.248078E7,2.248078E7,2.248078E7,2.248078E7,0.0,2.248078E7,2.248078E7,0,0,0,0,0,0,0,0,0,40,0,0.08896488467037177,0.0,0.0,0.0,0.0,0.0,0.0,0,0,0,0,1,1,0,0,0.0,0.0,0.0,0.0,40,0,0,0,0,0,0,2,0,0,0,2590,-1,0,20,0,0,0,0,0,0,0,0,BENIGN
10.42.0.42-119.146.74.33-48031-443-6,10.42.0.42,48031,119.146.74.33,443,6,08/08/2017 02:58:44,22440955,2,0,0.0,0.0,0.0,0.0,0.0,0.0,0,0,0,0,0.0,0.08912276683412092,2.2440955E7,0.0,2.2440955E7,2.2440955E7,2.2440955E7,2.2440955E7,0.0,2.2440955E7,2.2440955E7,0,0,0,0,0,0,0,0,0,40,0,0.08912276683412092,0.0,0.0,0.0,0.0,0.0,0.0,0,0,0,0,1,1,0,0,0.0,0.0,0.0,0.0,40,0,0,0,0,0,0,2,0,0,0,1860,-1,0,20,0,0,0,0,0,0,0,0,BENIGN
174.35.73.99-10.42.0.42-443-37924-6,10.42.0.42,37924,174.35.73.99,443,6,08/08/2017 02:58:36,30888021,14,19,891.0,15921.0,560.0,0.0,63.64285714285714,155.61174918211182,1448.0,0.0,837.9473684210525,656.5800682056318,544.2886742404119,1.0683753420136564,965250.65625,5334072.073150031,3.0194633E7,1.0,693388.0,53337.538461538476,85125.83673853608,273313.0,332.0,3.0865157E7,1714730.9444444443,7110037.7840266945,3.0202171E7,1.0,0,0,0,0,468,616,0.45325014509670275,0.6151251969169537,0.0,1448.0,494.4705882352941,631.476731752721,398762.86274509795,0,0,0,1,0,0,0,0,1.0,509.45454545454544,63.642857142857146,837.9473684210526,468,0,0,0,0,0,0,14,891,19,15921,65535,674,3,32,0,0,0,0,0,0,0,0,BENIGN
174.35.73.99-10.42.0.42-443-37927-6,10.42.0.42,37927,174.35.73.99,443,6,08/08/2017 02:58:36,30549546,46,60,927.0,74936.0,596.0,0.0,20.15217391304348,93.62287645212083,1448.0,0.0,1248.9333333333336,463.3326537409152,2483.277492896294,3.4697733314923895,290948.0571428571,2945293.5801957445,3.01835E7,1.0,366046.0,8134.355555555554,19885.318172592877,94359.0,1.0,3.0526396E7,517396.5423728814,3929776.087304288,3.0190474E7,1.0,0,0,0,0,1528,1928,1.5057506910249991,1.9640226404673904,0.0,1448.0,708.9999999999998,706.3209890854449,498889.3396226412,0,0,0,1,0,0,0,0,1.0,715.688679245283,20.152173913043477,1248.9333333333334,1528,0,0,0,0,0,0,46,927,60,74936,65535,674,3,32,0,0,0,0,0,0,0,0,BENIGN
174.35.73.99-10.42.0.42-443-37925-6,10.42.0.42,37925,174.35.73.99,443,6,08/08/2017 02:58:36,30698795,23,24,917.0,23146.0,586.0,0.0,39.86956521739131,128.75922009275018,1448.0,0.0,964.4166666666665,636.124196013344,783.8418413491474,1.5310047185891171,667365.1086956521,4450569.549128402,3.0195257E7,1.0,503538.0,22888.090909090908,55916.421189647044,261862.0,1.0,3.0675913E7,1333735.347826087,6293074.175284154,3.0200715E7,1.0,0,0,0,0,756,776,0.7492150750542489,0.7817896435348684,0.0,1448.0,501.31249999999994,651.8001963873886,424843.4960106383,0,0,0,1,0,0,0,0,1.0,511.97872340425533,39.869565217391305,964.4166666666666,756,0,0,0,0,0,0,23,917,24,23146,65535,674,3,32,0,0,0,0,0,0,0,0,BENIGN
174.35.73.99-10.42.0.42-443-37926-6,10.42.0.42,37926,174.35.73.99,443,6,08/08/2017 02:58:36,30652798,15,19,926.0,15887.0,595.0,0.0,61.73333333333334,159.18563586789688,1448.0,0.0,836.157894736842,659.2595394462465,548.4980522822093,1.109197274584852,928872.6666666666,5254067.0896985885,3.0196167E7,1.0,456631.0,32616.5,38363.49770439844,120744.0,1.0,3.0629929E7,1701662.722222222,7112744.945115508,3.0201406E7,1.0,0,0,0,0,500,616,0.48935173878743465,0.6198455357974172,0.0,1448.0,480.37142857142845,628.7873055574929,395373.4756302519,0,0,0,1,0,0,0,0,1.0,494.5,61.733333333333334,836.1578947368421,500,0,0,0,0,0,0,15,926,19,15887,65535,674,3,32,0,0,0,0,0,0,0,0,BENIGN
174.35.73.99-10.42.0.42-443-37924-6,10.42.0.42,37924,174.35.73.99,443,6,08/08/2017 02:59:06,16062,1,1,0.0,0.0,0.0,0.0,0.0,0.0,0.0,0.0,0.0,0.0,0.0,124.51749470800648,16062.0,0.0,16062.0,16062.0,0,0,0,0,0,0,0,0,0,0,0,0,0,0,32,32,62.25874735400324,62.25874735400324,0.0,0.0,0.0,0.0,0.0,0,0,0,0,1,0,0,0,1.0,0.0,0.0,0.0,32,0,0,0,0,0,0,1,0,1,0,1957,674,0,32,0,0,0,0,0,0,0,0,BENIGN
174.35.73.99-10.42.0.42-443-37927-6,10.42.0.42,37927,174.35.73.99,443,6,08/08/2017 02:59:06,15943,1,1,0.0,0.0,0.0,0.0,0.0,0.0,0.0,0.0,0.0,0.0,0.0,125.44690459762906,15943.0,0.0,15943.0,15943.0,0,0,0,0,0,0,0,0,0,0,0,0,0,0,32,32,62.72345229881453,62.72345229881453,0.0,0.0,0.0,0.0,0.0,0,0,0,0,1,0,0,0,1.0,0.0,0.0,0.0,32,0,0,0,0,0,0,1,0,1,0,3541,674,0,32,0,0,0,0,0,0,0,0,BENIGN
174.35.73.99-10.42.0.42-443-37925-6,10.42.0.42,37925,174.35.73.99,443,6,08/08/2017 02:59:06,15944,1,1,0.0,0.0,0.0,0.0,0.0,0.0,0.0,0.0,0.0,0.0,0.0,125.43903662819869,15944.0,0.0,15944.0,15944.0,0,0,0,0,0,0,0,0,0,0,0,0,0,0,32,32,62.719518314099346,62.719518314099346,0.0,0.0,0.0,0.0,0.0,0,0,0,0,1,0,0,0,1.0,0.0,0.0,0.0,32,0,0,0,0,0,0,1,0,1,0,2184,674,0,32,0,0,0,0,0,0,0,0,BENIGN
174.35.73.99-10.42.0.42-443-37926-6,10.42.0.42,37926,174.35.73.99,443,6,08/08/2017 02:59:06,15944,1,1,0.0,0.0,0.0,0.0,0.0,0.0,0.0,0.0,0.0,0.0,0.0,125.43903662819869,15944.0,0.0,15944.0,15944.0,0,0,0,0,0,0,0,0,0,0,0,0,0,0,32,32,62.719518314099346,62.719518314099346,0.0,0.0,0.0,0.0,0.0,0,0,0,0,1,0,0,0,1.0,0.0,0.0,0.0,32,0,0,0,0,0,0,1,0,1,0,1957,674,0,32,0,0,0,0,0,0,0,0,BENIGN
10.42.0.42-123.125.29.138-60018-443-6,10.42.0.42,60018,123.125.29.138,443,6,08/08/2017 02:58:40,26284226,10,11,1203.0,8721.0,678.0,0.0,120.3,225.81607560136192,1460.0,0.0,792.8181818181819,671.120677401884,377.5648558188474,0.7989582801487097,1314211.3,5575919.256810412,2.4997901E7,1.0,1286325.0,142924.99999999997,165053.6708361859,347013.0,125.0,2.598188E7,2598188.0,7873114.851557334,2.5001177E7,1.0,0,0,0,0,244,232,0.38045632388033795,0.4185019562683718,0.0,1460.0,451.0909090909091,599.4135156722467,359296.5627705628,0,0,0,1,0,0,0,0,1.0,472.57142857142856,120.3,792.8181818181819,244,0,0,0,0,0,0,10,1203,11,8721,65535,142,3,20,0,0,0,0,0,0,0,0,BENIGN
183.232.231.30-10.42.0.42-80-32944-6,10.42.0.42,32944,183.232.231.30,80,6,08/08/2017 02:58:41,26000149,2,0,0.0,0.0,0.0,0.0,0.0,0.0,0,0,0,0,0.0,0.07692263609720083,2.6000149E7,0.0,2.6000149E7,2.6000149E7,2.6000149E7,2.6000149E7,0.0,2.6000149E7,2.6000149E7,0,0,0,0,0,0,0,0,0,40,0,0.07692263609720083,0.0,0.0,0.0,0.0,0.0,0.0,0,0,0,0,1,1,0,0,0.0,0.0,0.0,0.0,40,0,0,0,0,0,0,2,0,0,0,1369,-1,0,20,0,0,0,0,0,0,0,0,BENIGN
10.42.0.42-61.135.185.139-52661-80-6,10.42.0.42,52661,61.135.185.139,80,6,08/08/2017 02:58:41,26292993,2,0,0.0,0.0,0.0,0.0,0.0,0.0,0,0,0,0,0.0,0.07606589329712293,2.6292993E7,0.0,2.6292993E7,2.6292993E7,2.6292993E7,2.6292993E7,0.0,2.6292993E7,2.6292993E7,0,0,0,0,0,0,0,0,0,40,0,0.07606589329712293,0.0,0.0,0.0,0.0,0.0,0.0,0,0,0,0,1,1,0,0,0.0,0.0,0.0,0.0,40,0,0,0,0,0,0,2,0,0,0,2555,-1,0,20,0,0,0,0,0,0,0,0,BENIGN
220.170.182.31-10.42.0.42-443-41867-6,10.42.0.42,41867,220.170.182.31,443,6,08/08/2017 02:58:44,23258700,2,0,0.0,0.0,0.0,0.0,0.0,0.0,0,0,0,0,0.0,0.08598932872430531,2.32587E7,0.0,2.32587E7,2.32587E7,2.32587E7,2.32587E7,0.0,2.32587E7,2.32587E7,0,0,0,0,0,0,0,0,0,40,0,0.08598932872430531,0.0,0.0,0.0,0.0,0.0,0.0,0,0,0,0,1,1,0,0,0.0,0.0,0.0,0.0,40,0,0,0,0,0,0,2,0,0,0,1594,-1,0,20,0,0,0,0,0,0,0,0,BENIGN
10.42.0.42-106.39.162.36-41747-80-6,10.42.0.42,41747,106.39.162.36,80,6,08/08/2017 02:58:38,30515592,6,5,1755.0,458.0,1452.0,0.0,292.5,580.8227784789436,229.0,0.0,91.6,125.42846566868303,72.5203037188333,0.3604714599670883,3051559.2,9395801.358867265,2.9790661E7,154.0,724931.0,144986.2,132574.70064344857,263430.0,154.0,3.0266989E7,7566747.25,1.4821637610877132E7,2.9798613E7,7082.0,0,0,0,0,152,120,0.19662079634568452,0.16385066362140377,0.0,1452.0,184.41666666666669,415.26343409571916,172443.7196969697,0,0,0,1,0,0,0,0,0.0,201.1818181818182,292.5,91.6,152,0,0,0,0,0,0,6,1755,5,458,65535,548,2,20,0,0,0,0,0,0,0,0,BENIGN
10.42.0.42-106.39.162.36-41746-80-6,10.42.0.42,41746,106.39.162.36,80,6,08/08/2017 02:58:38,30519804,6,5,1479.0,458.0,1452.0,0.0,246.5,590.6707204526055,229.0,0.0,91.6,125.42846566868303,63.46698687842163,0.3604217117514909,3051980.4,9396843.970389055,2.9794052E7,325.0,725752.0,145150.4,133623.96224966538,268694.0,325.0,3.0271289E7,7567822.25,1.4820384278498817E7,2.9797838E7,12556.0,0,0,0,0,152,120,0.19659366095535868,0.16382805079613225,0.0,1452.0,161.41666666666663,415.7414971159872,172840.9924242424,0,0,0,1,0,0,0,0,0.0,176.0909090909091,246.5,91.6,152,0,0,0,0,0,0,6,1479,5,458,65535,548,2,20,0,0,0,0,0,0,0,0,BENIGN
10.42.0.42-106.39.162.36-41747-80-6,10.42.0.42,41747,106.39.162.36,80,6,08/08/2017 02:59:09,160946,1,1,0.0,0.0,0.0,0.0,0.0,0.0,0.0,0.0,0.0,0.0,0.0,12.426528152299529,160946.0,0.0,160946.0,160946.0,0,0,0,0,0,0,0,0,0,0,0,0,0,0,20,20,6.213264076149764,6.213264076149764,0.0,0.0,0.0,0.0,0.0,0,0,0,0,1,0,0,0,1.0,0.0,0.0,0.0,20,0,0,0,0,0,0,1,0,1,0,1386,548,0,20,0,0,0,0,0,0,0,0,BENIGN
10.42.0.42-106.39.162.36-41746-80-6,10.42.0.42,41746,106.39.162.36,80,6,08/08/2017 02:59:09,166502,1,1,0.0,0.0,0.0,0.0,0.0,0.0,0.0,0.0,0.0,0.0,0.0,12.011867725312609,166502.0,0.0,166502.0,166502.0,0,0,0,0,0,0,0,0,0,0,0,0,0,0,20,20,6.005933862656304,6.005933862656304,0.0,0.0,0.0,0.0,0.0,0,0,0,0,1,0,0,0,1.0,0.0,0.0,0.0,20,0,0,0,0,0,0,1,0,1,0,1386,548,0,20,0,0,0,0,0,0,0,0,BENIGN
10.42.0.42-106.39.162.36-41750-80-6,10.42.0.42,41750,106.39.162.36,80,6,08/08/2017 02:58:38,31321943,13,12,4994.0,1145.0,1452.0,0.0,384.15384615384613,618.6497186283805,229.0,0.0,95.41666666666667,117.91866097467613,195.99678091490046,0.7981624894726358,1305080.9583333333,6112028.89360668,2.999701E7,17.0,1324933.0,110411.08333333333,108462.54617018586,277023.0,124.0,3.1073071E7,2824824.6363636367,9013980.11127905,3.0000059E7,17.0,0,0,0,0,304,260,0.41504449452577064,0.3831179949468652,0.0,1452.0,236.1153846153846,461.47098083611513,212955.46615384615,0,0,0,1,0,0,0,0,0.0,245.56,384.15384615384613,95.41666666666667,304,0,0,0,0,0,0,13,4994,12,1145,65535,820,6,20,0,0,0,0,0,0,0,0,BENIGN
203.130.53.126-10.42.0.42-80-57479-6,10.42.0.42,57479,203.130.53.126,80,6,08/08/2017 02:58:32,37336263,25,30,1703.0,35587.0,581.0,0.0,68.11999999999999,188.34063112704422,1460.0,0.0,1186.2333333333331,501.7879537959362,998.7609097353958,1.4730986869253626,691412.2777777778,4125525.119038135,2.9995776E7,1.0,7340487.0,305853.625,1060803.8128627953,4634048.0,1.0,3.7311887E7,1286616.793103448,5608087.935728841,3.0000296E7,1.0,0,0,0,0,520,612,0.6695903122388012,0.8035083746865613,0.0,1460.0,665.8928571428573,682.9431675695057,466411.37012987,0,0,0,1,0,0,0,0,1.0,678.0,68.12,1186.2333333333333,520,0,0,0,0,0,0,25,1703,30,35587,65535,71,3,20,0,0,0,0,0,0,0,0,BENIGN
10.42.0.42-106.39.162.36-41750-80-6,10.42.0.42,41750,106.39.162.36,80,6,08/08/2017 02:59:10,94764,1,1,0.0,0.0,0.0,0.0,0.0,0.0,0.0,0.0,0.0,0.0,0.0,21.10506099362627,94764.0,0.0,94764.0,94764.0,0,0,0,0,0,0,0,0,0,0,0,0,0,0,20,20,10.552530496813135,10.552530496813135,0.0,0.0,0.0,0.0,0.0,0,0,0,0,1,0,0,0,1.0,0.0,0.0,0.0,20,0,0,0,0,0,0,1,0,1,0,1419,820,0,20,0,0,0,0,0,0,0,0,BENIGN
10.42.0.42-61.135.185.139-52662-80-6,10.42.0.42,52662,61.135.185.139,80,6,08/08/2017 02:58:42,27609426,2,0,0.0,0.0,0.0,0.0,0.0,0.0,0,0,0,0,0.0,0.07243902861290923,2.7609426E7,0.0,2.7609426E7,2.7609426E7,2.7609426E7,2.7609426E7,0.0,2.7609426E7,2.7609426E7,0,0,0,0,0,0,0,0,0,40,0,0.07243902861290923,0.0,0.0,0.0,0.0,0.0,0.0,0,0,0,0,1,1,0,0,0.0,0.0,0.0,0.0,40,0,0,0,0,0,0,2,0,0,0,2054,-1,0,20,0,0,0,0,0,0,0,0,BENIGN
10.42.0.42-123.125.29.138-60019-443-6,10.42.0.42,60019,123.125.29.138,443,6,08/08/2017 02:58:40,30610874,8,9,843.0,5300.0,318.0,0.0,105.375,149.41116567569983,1460.0,0.0,588.8888888888889,684.8195828910788,200.68032033322538,0.5553582037546527,1913179.6249999998,7067749.036154909,2.8390625E7,3.0,2219963.0,317137.5714285714,438650.12517185684,1244136.0,122.0,3.0308004E7,3788500.5,9970530.782934878,2.8427752E7,3.0,0,0,0,0,192,192,0.26134503706101303,0.29401316669363964,0.0,1460.0,341.27777777777777,543.4942291544437,295385.977124183,0,0,0,1,0,0,0,0,1.0,361.3529411764706,105.375,588.8888888888889,192,0,0,0,0,0,0,8,843,9,5300,65535,131,3,20,2219963.0,0.0,2219963.0,2219963.0,2.8390625E7,0.0,2.8390625E7,2.8390625E7,BENIGN
183.232.231.172-10.42.0.42-80-45912-6,10.42.0.42,45912,183.232.231.172,80,6,08/08/2017 02:58:43,28251171,2,0,0.0,0.0,0.0,0.0,0.0,0.0,0,0,0,0,0.0,0.07079352569137753,2.8251171E7,0.0,2.8251171E7,2.8251171E7,2.8251171E7,2.8251171E7,0.0,2.8251171E7,2.8251171E7,0,0,0,0,0,0,0,0,0,40,0,0.07079352569137753,0.0,0.0,0.0,0.0,0.0,0.0,0,0,0,0,1,1,0,0,0.0,0.0,0.0,0.0,40,0,0,0,0,0,0,2,0,0,0,1397,-1,0,20,0,0,0,0,0,0,0,0,BENIGN
10.42.0.42-104.193.88.109-40377-80-6,10.42.0.42,40377,104.193.88.109,80,6,08/08/2017 02:58:59,15514429,2,0,0.0,0.0,0.0,0.0,0.0,0.0,0,0,0,0,0.0,0.12891225323213637,1.5514429E7,0.0,1.5514429E7,1.5514429E7,1.5514429E7,1.5514429E7,0.0,1.5514429E7,1.5514429E7,0,0,0,0,0,0,0,0,0,64,0,0.12891225323213637,0.0,0.0,0.0,0.0,0.0,0.0,0,0,0,0,1,0,0,0,0.0,0.0,0.0,0.0,64,0,0,0,0,0,0,2,0,0,0,7885,-1,0,32,0,0,0,0,0,0,0,0,BENIGN
10.42.0.42-104.193.88.109-40394-80-6,10.42.0.42,40394,104.193.88.109,80,6,08/08/2017 02:58:59,15514431,2,0,0.0,0.0,0.0,0.0,0.0,0.0,0,0,0,0,0.0,0.12891223661376947,1.5514431E7,0.0,1.5514431E7,1.5514431E7,1.5514431E7,1.5514431E7,0.0,1.5514431E7,1.5514431E7,0,0,0,0,0,0,0,0,0,64,0,0.12891223661376947,0.0,0.0,0.0,0.0,0.0,0.0,0,0,0,0,1,0,0,0,0.0,0.0,0.0,0.0,64,0,0,0,0,0,0,2,0,0,0,3134,-1,0,32,0,0,0,0,0,0,0,0,BENIGN
10.42.0.42-104.193.88.109-40370-80-6,10.42.0.42,40370,104.193.88.109,80,6,08/08/2017 02:58:59,16114763,2,0,0.0,0.0,0.0,0.0,0.0,0.0,0,0,0,0,0.0,0.12410979919468874,1.6114763E7,0.0,1.6114763E7,1.6114763E7,1.6114763E7,1.6114763E7,0.0,1.6114763E7,1.6114763E7,0,0,0,0,0,0,0,0,0,64,0,0.12410979919468874,0.0,0.0,0.0,0.0,0.0,0.0,0,0,0,0,1,0,0,0,0.0,0.0,0.0,0.0,64,0,0,0,0,0,0,2,0,0,0,6573,-1,0,32,0,0,0,0,0,0,0,0,BENIGN
10.42.0.42-104.193.88.109-40367-80-6,10.42.0.42,40367,104.193.88.109,80,6,08/08/2017 02:58:59,16064835,2,0,0.0,0.0,0.0,0.0,0.0,0.0,0,0,0,0,0.0,0.12449552080678078,1.6064835E7,0.0,1.6064835E7,1.6064835E7,1.6064835E7,1.6064835E7,0.0,1.6064835E7,1.6064835E7,0,0,0,0,0,0,0,0,0,64,0,0.12449552080678078,0.0,0.0,0.0,0.0,0.0,0.0,0,0,0,0,1,0,0,0,0.0,0.0,0.0,0.0,64,0,0,0,0,0,0,2,0,0,0,3224,-1,0,32,0,0,0,0,0,0,0,0,BENIGN
10.42.0.42-104.193.88.109-40368-80-6,10.42.0.42,40368,104.193.88.109,80,6,08/08/2017 02:58:59,15434125,2,0,0.0,0.0,0.0,0.0,0.0,0.0,0,0,0,0,0.0,0.1295829857539705,1.5434125E7,0.0,1.5434125E7,1.5434125E7,1.5434125E7,1.5434125E7,0.0,1.5434125E7,1.5434125E7,0,0,0,0,0,0,0,0,0,64,0,0.1295829857539705,0.0,0.0,0.0,0.0,0.0,0.0,0,0,0,0,1,0,0,0,0.0,0.0,0.0,0.0,64,0,0,0,0,0,0,2,0,0,0,6075,-1,0,32,0,0,0,0,0,0,0,0,BENIGN
10.42.0.42-104.193.88.109-40374-80-6,10.42.0.42,40374,104.193.88.109,80,6,08/08/2017 02:58:59,15514534,2,0,0.0,0.0,0.0,0.0,0.0,0.0,0,0,0,0,0.0,0.12891138077366682,1.5514534E7,0.0,1.5514534E7,1.5514534E7,1.5514534E7,1.5514534E7,0.0,1.5514534E7,1.5514534E7,0,0,0,0,0,0,0,0,0,64,0,0.12891138077366682,0.0,0.0,0.0,0.0,0.0,0.0,0,0,0,0,1,0,0,0,0.0,0.0,0.0,0.0,64,0,0,0,0,0,0,2,0,0,0,3315,-1,0,32,0,0,0,0,0,0,0,0,BENIGN
10.42.0.42-104.193.88.109-40372-80-6,10.42.0.42,40372,104.193.88.109,80,6,08/08/2017 02:58:59,15444885,2,0,0.0,0.0,0.0,0.0,0.0,0.0,0,0,0,0,0.0,0.12949270907488142,1.5444885E7,0.0,1.5444885E7,1.5444885E7,1.5444885E7,1.5444885E7,0.0,1.5444885E7,1.5444885E7,0,0,0,0,0,0,0,0,0,64,0,0.12949270907488142,0.0,0.0,0.0,0.0,0.0,0.0,0,0,0,0,1,0,0,0,0.0,0.0,0.0,0.0,64,0,0,0,0,0,0,2,0,0,0,7930,-1,0,32,0,0,0,0,0,0,0,0,BENIGN
203.90.242.126-10.42.0.42-80-54551-6,10.42.0.42,54551,203.90.242.126,80,6,08/08/2017 02:59:01,14204710,2,0,0.0,0.0,0.0,0.0,0.0,0.0,0,0,0,0,0.0,0.1407983689916936,1.420471E7,0.0,1.420471E7,1.420471E7,1.420471E7,1.420471E7,0.0,1.420471E7,1.420471E7,0,0,0,0,0,0,0,0,0,64,0,0.1407983689916936,0.0,0.0,0.0,0.0,0.0,0.0,0,0,0,0,1,0,0,0,0.0,0.0,0.0,0.0,64,0,0,0,0,0,0,2,0,0,0,1403,-1,0,32,0,0,0,0,0,0,0,0,BENIGN
203.130.53.126-10.42.0.42-80-57456-6,10.42.0.42,57456,203.130.53.126,80,6,08/08/2017 02:59:02,12444233,2,0,0.0,0.0,0.0,0.0,0.0,0.0,0,0,0,0,0.0,0.16071701646859232,1.2444233E7,0.0,1.2444233E7,1.2444233E7,1.2444233E7,1.2444233E7,0.0,1.2444233E7,1.2444233E7,0,0,0,0,0,0,0,0,0,40,0,0.16071701646859232,0.0,0.0,0.0,0.0,0.0,0.0,0,0,0,0,1,0,0,0,0.0,0.0,0.0,0.0,40,0,0,0,0,0,0,2,0,0,0,2555,-1,0,20,0,0,0,0,0,0,0,0,BENIGN
203.130.53.126-10.42.0.42-80-57455-6,10.42.0.42,57455,203.130.53.126,80,6,08/08/2017 02:59:02,12444328,2,0,0.0,0.0,0.0,0.0,0.0,0.0,0,0,0,0,0.0,0.16071578955488797,1.2444328E7,0.0,1.2444328E7,1.2444328E7,1.2444328E7,1.2444328E7,0.0,1.2444328E7,1.2444328E7,0,0,0,0,0,0,0,0,0,40,0,0.16071578955488797,0.0,0.0,0.0,0.0,0.0,0.0,0,0,0,0,1,0,0,0,0.0,0.0,0.0,0.0,40,0,0,0,0,0,0,2,0,0,0,2145,-1,0,20,0,0,0,0,0,0,0,0,BENIGN
203.130.53.126-10.42.0.42-80-57457-6,10.42.0.42,57457,203.130.53.126,80,6,08/08/2017 02:59:02,12444237,2,0,0.0,0.0,0.0,0.0,0.0,0.0,0,0,0,0,0.0,0.16071696480869016,1.2444237E7,0.0,1.2444237E7,1.2444237E7,1.2444237E7,1.2444237E7,0.0,1.2444237E7,1.2444237E7,0,0,0,0,0,0,0,0,0,40,0,0.16071696480869016,0.0,0.0,0.0,0.0,0.0,0.0,0,0,0,0,1,0,0,0,0.0,0.0,0.0,0.0,40,0,0,0,0,0,0,2,0,0,0,1643,-1,0,20,0,0,0,0,0,0,0,0,BENIGN
203.130.53.126-10.42.0.42-80-57480-6,10.42.0.42,57480,203.130.53.126,80,6,08/08/2017 02:59:05,9784439,2,0,0.0,0.0,0.0,0.0,0.0,0.0,0,0,0,0,0.0,0.20440620049856714,9784439.0,0.0,9784439.0,9784439.0,9784439.0,9784439.0,0.0,9784439.0,9784439.0,0,0,0,0,0,0,0,0,0,40,0,0.20440620049856714,0.0,0.0,0.0,0.0,0.0,0.0,0,0,0,0,1,0,0,0,0.0,0.0,0.0,0.0,40,0,0,0,0,0,0,2,0,0,0,2555,-1,0,20,0,0,0,0,0,0,0,0,BENIGN
203.130.53.126-10.42.0.42-80-57479-6,10.42.0.42,57479,203.130.53.126,80,6,08/08/2017 02:59:10,5173006,2,0,0.0,0.0,0.0,0.0,0.0,0.0,0,0,0,0,0.0,0.3866224009792372,5173006.0,0.0,5173006.0,5173006.0,5173006.0,5173006.0,0.0,5173006.0,5173006.0,0,0,0,0,0,0,0,0,0,40,0,0.3866224009792372,0.0,0.0,0.0,0.0,0.0,0.0,0,0,0,0,1,0,0,0,0.0,0.0,0.0,0.0,40,0,0,0,0,0,0,2,0,0,0,2601,-1,0,20,0,0,0,0,0,0,0,0,BENIGN
203.130.53.126-10.42.0.42-80-57358-6,10.42.0.42,57358,203.130.53.126,80,6,08/08/2017 02:59:00,14904445,2,0,0.0,0.0,0.0,0.0,0.0,0.0,0,0,0,0,0.0,0.13418815662039074,1.4904445E7,0.0,1.4904445E7,1.4904445E7,1.4904445E7,1.4904445E7,0.0,1.4904445E7,1.4904445E7,0,0,0,0,0,0,0,0,0,40,0,0.13418815662039074,0.0,0.0,0.0,0.0,0.0,0.0,0,0,0,0,1,0,0,0,0.0,0.0,0.0,0.0,40,0,0,0,0,0,0,2,0,0,0,4974,-1,0,20,0,0,0,0,0,0,0,0,BENIGN
10.42.0.42-122.225.81.54-38261-80-6,10.42.0.42,38261,122.225.81.54,80,6,08/08/2017 02:58:50,25367787,3,1,0.0,0.0,0.0,0.0,0.0,0.0,0.0,0.0,0.0,0.0,0.0,0.1576802895735446,8455929.0,1.4355601006446613E7,2.5031238E7,2055.0,2.5367787E7,1.26838935E7,1.7461782051192842E7,2.5031238E7,336549.0,0,0,0,0,0,0,0,0,0,104,44,0.11826021718015844,0.03942007239338615,0.0,0.0,0.0,0.0,0.0,0,0,0,1,0,0,0,0,0.0,0.0,0.0,0.0,104,0,0,0,0,0,0,3,0,1,0,65535,16384,0,32,0,0,0,0,0,0,0,0,BENIGN
10.42.0.42-106.39.162.36-41747-80-6,10.42.0.42,41747,106.39.162.36,80,6,08/08/2017 02:59:09,5724574,2,0,0.0,0.0,0.0,0.0,0.0,0.0,0,0,0,0,0.0,0.34937097502801084,5724574.0,0.0,5724574.0,5724574.0,5724574.0,5724574.0,0.0,5724574.0,5724574.0,0,0,0,0,0,0,0,0,0,52,0,0.34937097502801084,0.0,0.0,0.0,0.0,0.0,0.0,0,0,0,0,1,0,0,0,0.0,0.0,0.0,0.0,52,0,0,0,0,0,0,2,0,0,0,1386,-1,0,20,0,0,0,0,0,0,0,0,BENIGN
10.42.0.42-106.39.162.36-41746-80-6,10.42.0.42,41746,106.39.162.36,80,6,08/08/2017 02:59:09,5724472,2,0,0.0,0.0,0.0,0.0,0.0,0.0,0,0,0,0,0.0,0.3493772002029183,5724472.0,0.0,5724472.0,5724472.0,5724472.0,5724472.0,0.0,5724472.0,5724472.0,0,0,0,0,0,0,0,0,0,52,0,0.3493772002029183,0.0,0.0,0.0,0.0,0.0,0.0,0,0,0,0,1,0,0,0,0.0,0.0,0.0,0.0,52,0,0,0,0,0,0,2,0,0,0,1386,-1,0,20,0,0,0,0,0,0,0,0,BENIGN
203.130.53.126-10.42.0.42-80-57456-6,203.130.53.126,80,10.42.0.42,57456,6,08/08/2017 02:59:15,186076,1,1,0.0,0.0,0.0,0.0,0.0,0.0,0.0,0.0,0.0,0.0,0.0,10.74829639502139,186076.0,0.0,186076.0,186076.0,0,0,0,0,0,0,0,0,0,0,0,0,0,0,20,20,5.374148197510695,5.374148197510695,0.0,0.0,0.0,0.0,0.0,0,0,0,0,1,0,0,0,1.0,0.0,0.0,0.0,20,0,0,0,0,0,0,1,0,1,0,68,2555,0,20,0,0,0,0,0,0,0,0,BENIGN
180.163.255.159-10.42.0.42-443-44896-6,10.42.0.42,44896,180.163.255.159,443,6,08/08/2017 02:58:40,36297257,11,7,456.0,5222.0,204.0,0.0,41.45454545454545,73.80022172915693,1460.0,0.0,745.9999999999999,696.0373553193822,156.4305534161989,0.4959052415448363,2135132.7647058824,8147129.025102359,3.3732677E7,3.0,3.6297257E7,3629725.7,1.0581977868239209E7,3.3732677E7,3.0,2176274.0,362712.3333333333,593525.1564490477,1404060.0,3.0,0,0,0,0,264,152,0.3030532031662888,0.19285203837854745,0.0,1460.0,298.84210526315786,536.3955073925183,287720.14035087713,0,0,0,1,0,0,0,0,0.0,315.44444444444446,41.45454545454545,746.0,264,0,0,0,0,0,0,11,456,7,5222,65535,31,3,20,0,0,0,0,0,0,0,0,BENIGN
10.42.0.42-123.125.29.138-60018-443-6,123.125.29.138,443,10.42.0.42,60018,6,08/08/2017 02:59:07,9387774,1,3,31.0,0.0,31.0,31.0,31.0,0.0,0.0,0.0,0.0,0.0,3.3021672656372,0.4260860987918968,3129258.0,5415262.685150924,9382264.0,124.0,0,0,0,0,0,9382388.0,4691194.0,6634174.816041555,9382264.0,124.0,1,0,0,0,20,72,0.1065215246979742,0.3195645740939226,0.0,31.0,12.399999999999999,16.97939928266015,288.3,0,1,0,0,1,0,0,0,3.0,15.5,31.0,0.0,20,0,0,0,0,0,0,1,31,3,0,142,1689,0,20,0,0,0,0,0,0,0,0,BENIGN
10.42.0.42-119.146.74.49-33741-443-6,10.42.0.42,33741,119.146.74.49,443,6,08/08/2017 02:58:40,35418138,7,5,568.0,152.0,517.0,0.0,81.14285714285715,193.13244900104917,152.0,0.0,30.4,67.97646651599361,20.328567244274673,0.3388094540712445,3219830.727272727,1.0416910428110113E7,3.4626428E7,371.0,3.5418138E7,5903023.0,1.419679864811968E7,3.4881383E7,2211.0,536802.0,134200.5,125775.01112303667,276896.0,371.0,0,0,0,0,172,124,0.19763884820822597,0.14117060586301855,0.0,517.0,55.38461538461539,145.23460243202976,21093.089743589746,0,0,0,1,0,0,0,0,0.0,60.0,81.14285714285714,30.4,172,0,0,0,0,0,0,7,568,5,152,65535,4380,2,20,0,0,0,0,0,0,0,0,BENIGN
10.42.0.42-123.125.115.164-52737-443-6,10.42.0.42,52737,123.125.115.164,443,6,08/08/2017 02:58:52,23947383,3,0,0.0,0.0,0.0,0.0,0.0,0.0,0,0,0,0,0.0,0.1252746490086203,1.19736915E7,1.6885828021567214E7,2.3913775E7,33608.0,2.3947383E7,1.19736915E7,1.6885828021567214E7,2.3913775E7,33608.0,0,0,0,0,0,0,0,0,0,60,0,0.1252746490086203,0.0,0.0,0.0,0.0,0.0,0.0,0,0,0,0,1,0,0,0,0.0,0.0,0.0,0.0,60,0,0,0,0,0,0,3,0,0,0,1643,-1,0,20,0,0,0,0,0,0,0,0,BENIGN
10.42.0.42-123.125.115.164-52740-443-6,10.42.0.42,52740,123.125.115.164,443,6,08/08/2017 02:58:52,23947309,3,0,0.0,0.0,0.0,0.0,0.0,0.0,0,0,0,0,0.0,0.1252750361220127,1.19736545E7,1.688601611197101E7,2.3913871E7,33438.0,2.3947309E7,1.19736545E7,1.688601611197101E7,2.3913871E7,33438.0,0,0,0,0,0,0,0,0,0,60,0,0.1252750361220127,0.0,0.0,0.0,0.0,0.0,0.0,0,0,0,0,1,0,0,0,0.0,0.0,0.0,0.0,60,0,0,0,0,0,0,3,0,0,0,1597,-1,0,20,0,0,0,0,0,0,0,0,BENIGN
10.42.0.42-123.125.115.164-52739-443-6,10.42.0.42,52739,123.125.115.164,443,6,08/08/2017 02:58:52,23947152,3,0,0.0,0.0,0.0,0.0,0.0,0.0,0,0,0,0,0.0,0.12527585743807865,1.1973576E7,1.6886544320736554E7,2.3914166E7,32986.0,2.3947152E7,1.1973576E7,1.6886544320736554E7,2.3914166E7,32986.0,0,0,0,0,0,0,0,0,0,60,0,0.12527585743807865,0.0,0.0,0.0,0.0,0.0,0.0,0,0,0,0,1,0,0,0,0.0,0.0,0.0,0.0,60,0,0,0,0,0,0,3,0,0,0,1643,-1,0,20,0,0,0,0,0,0,0,0,BENIGN
10.42.0.42-123.125.115.164-52742-443-6,10.42.0.42,52742,123.125.115.164,443,6,08/08/2017 02:58:52,23948455,3,0,0.0,0.0,0.0,0.0,0.0,0.0,0,0,0,0,0.0,0.12526904136404624,1.19742275E7,1.688765094284911E7,2.39156E7,32855.0,2.3948455E7,1.19742275E7,1.688765094284911E7,2.39156E7,32855.0,0,0,0,0,0,0,0,0,0,60,0,0.12526904136404624,0.0,0.0,0.0,0.0,0.0,0.0,0,0,0,0,1,0,0,0,0.0,0.0,0.0,0.0,60,0,0,0,0,0,0,3,0,0,0,1643,-1,0,20,0,0,0,0,0,0,0,0,BENIGN
10.42.0.42-123.125.115.164-52738-443-6,10.42.0.42,52738,123.125.115.164,443,6,08/08/2017 02:58:45,30778127,10,7,472.0,3597.0,204.0,0.0,47.199999999999996,78.3507781993545,1460.0,0.0,513.8571428571428,665.79336848891,132.20427610815952,0.5523403032289781,1923632.9375,7079064.939241703,2.845288E7,4.0,3.0778127E7,3419791.888888889,9393366.828462325,2.845288E7,122.0,1655970.0,275995.0,526261.6964883535,1314457.0,4.0,0,0,0,0,232,160,0.3249060607229283,0.22743424250604982,0.0,1460.0,226.05555555555554,464.3614809254965,215631.58496732023,0,0,0,1,0,0,0,0,0.0,239.35294117647058,47.2,513.8571428571429,232,0,0,0,0,0,0,10,472,7,3597,65535,528,3,20,0,0,0,0,0,0,0,0,BENIGN
10.42.0.42-123.125.115.164-52741-443-6,10.42.0.42,52741,123.125.115.164,443,6,08/08/2017 02:58:53,23131191,3,0,0.0,0.0,0.0,0.0,0.0,0.0,0,0,0,0,0.0,0.12969500792241956,1.15655955E7,1.630957417866636E7,2.3098206E7,32985.0,2.3131191E7,1.15655955E7,1.630957417866636E7,2.3098206E7,32985.0,0,0,0,0,0,0,0,0,0,60,0,0.12969500792241956,0.0,0.0,0.0,0.0,0.0,0.0,0,0,0,0,1,0,0,0,0.0,0.0,0.0,0.0,60,0,0,0,0,0,0,3,0,0,0,1597,-1,0,20,0,0,0,0,0,0,0,0,BENIGN
183.232.231.30-10.42.0.42-443-46000-6,10.42.0.42,46000,183.232.231.30,443,6,08/08/2017 02:58:45,30708501,2,0,0.0,0.0,0.0,0.0,0.0,0.0,0,0,0,0,0.0,0.06512854534970626,3.0708501E7,0.0,3.0708501E7,3.0708501E7,3.0708501E7,3.0708501E7,0.0,3.0708501E7,3.0708501E7,0,0,0,0,0,0,0,0,0,40,0,0.06512854534970626,0.0,0.0,0.0,0.0,0.0,0.0,0,0,0,0,1,0,0,0,0.0,0.0,0.0,0.0,40,0,0,0,0,0,0,2,0,0,0,1643,-1,0,20,0,0,0,0,0,0,0,0,BENIGN
174.35.73.99-10.42.0.42-443-37924-6,10.42.0.42,37924,174.35.73.99,443,6,08/08/2017 02:59:06,9436727,2,0,0.0,0.0,0.0,0.0,0.0,0.0,0,0,0,0,0.0,0.21193788905835678,9436727.0,0.0,9436727.0,9436727.0,9436727.0,9436727.0,0.0,9436727.0,9436727.0,0,0,0,0,0,0,0,0,0,76,0,0.21193788905835678,0.0,0.0,0.0,0.0,0.0,0.0,0,0,0,0,1,0,0,0,0.0,0.0,0.0,0.0,76,0,0,0,0,0,0,2,0,0,0,1957,-1,0,32,0,0,0,0,0,0,0,0,BENIGN
174.35.73.99-10.42.0.42-443-37925-6,10.42.0.42,37925,174.35.73.99,443,6,08/08/2017 02:59:06,9436551,2,0,0.0,0.0,0.0,0.0,0.0,0.0,0,0,0,0,0.0,0.21194184188693518,9436551.0,0.0,9436551.0,9436551.0,9436551.0,9436551.0,0.0,9436551.0,9436551.0,0,0,0,0,0,0,0,0,0,76,0,0.21194184188693518,0.0,0.0,0.0,0.0,0.0,0.0,0,0,0,0,1,0,0,0,0.0,0.0,0.0,0.0,76,0,0,0,0,0,0,2,0,0,0,2184,-1,0,32,0,0,0,0,0,0,0,0,BENIGN
174.35.73.99-10.42.0.42-443-37926-6,10.42.0.42,37926,174.35.73.99,443,6,08/08/2017 02:59:06,9436552,2,0,0.0,0.0,0.0,0.0,0.0,0.0,0,0,0,0,0.0,0.21194181942726537,9436552.0,0.0,9436552.0,9436552.0,9436552.0,9436552.0,0.0,9436552.0,9436552.0,0,0,0,0,0,0,0,0,0,76,0,0.21194181942726537,0.0,0.0,0.0,0.0,0.0,0.0,0,0,0,0,1,0,0,0,0.0,0.0,0.0,0.0,76,0,0,0,0,0,0,2,0,0,0,1957,-1,0,32,0,0,0,0,0,0,0,0,BENIGN
174.35.73.99-10.42.0.42-443-37927-6,10.42.0.42,37927,174.35.73.99,443,6,08/08/2017 02:59:06,9436556,2,0,0.0,0.0,0.0,0.0,0.0,0.0,0,0,0,0,0.0,0.21194172958863383,9436556.0,0.0,9436556.0,9436556.0,9436556.0,9436556.0,0.0,9436556.0,9436556.0,0,0,0,0,0,0,0,0,0,76,0,0.21194172958863383,0.0,0.0,0.0,0.0,0.0,0.0,0,0,0,0,1,0,0,0,0.0,0.0,0.0,0.0,76,0,0,0,0,0,0,2,0,0,0,3541,-1,0,32,0,0,0,0,0,0,0,0,BENIGN
10.42.0.42-36.51.254.232-48440-443-6,10.42.0.42,48440,36.51.254.232,443,6,08/08/2017 02:58:58,18123525,3,0,0.0,0.0,0.0,0.0,0.0,0.0,0,0,0,0,0.0,0.16553071215450635,9061762.5,1.27598076274419E7,1.8084309E7,39216.0,1.8123525E7,9061762.5,1.27598076274419E7,1.8084309E7,39216.0,0,0,0,0,0,0,0,0,0,60,0,0.16553071215450635,0.0,0.0,0.0,0.0,0.0,0.0,0,0,0,0,1,0,0,0,0.0,0.0,0.0,0.0,60,0,0,0,0,0,0,3,0,0,0,2236,-1,0,20,0,0,0,0,0,0,0,0,BENIGN
10.42.0.42-106.11.94.21-52023-443-6,10.42.0.42,52023,106.11.94.21,443,6,08/08/2017 02:58:48,27566119,3,0,0.0,0.0,0.0,0.0,0.0,0.0,0,0,0,0,0.0,0.10882924796196373,1.37830595E7,1.916506793678281E7,2.7334809E7,231310.0,2.7566119E7,1.37830595E7,1.916506793678281E7,2.7334809E7,231310.0,0,0,0,0,0,0,0,0,0,60,0,0.10882924796196373,0.0,0.0,0.0,0.0,0.0,0.0,0,0,0,0,1,0,0,0,0.0,0.0,0.0,0.0,60,0,0,0,0,0,0,3,0,0,0,65535,-1,0,20,0,0,0,0,0,0,0,0,BENIGN
10.42.0.42-115.239.210.141-48168-443-6,10.42.0.42,48168,115.239.210.141,443,6,08/08/2017 02:58:50,25966591,3,0,0.0,0.0,0.0,0.0,0.0,0.0,0,0,0,0,0.0,0.11553307093719002,1.29832955E7,1.8309342866540037E7,2.5929956E7,36635.0,2.5966591E7,1.29832955E7,1.8309342866540037E7,2.5929956E7,36635.0,0,0,0,0,0,0,0,0,0,60,0,0.11553307093719002,0.0,0.0,0.0,0.0,0.0,0.0,0,0,0,0,1,0,0,0,0.0,0.0,0.0,0.0,60,0,0,0,0,0,0,3,0,0,0,1597,-1,0,20,0,0,0,0,0,0,0,0,BENIGN
219.142.78.162-10.42.0.42-443-49807-6,10.42.0.42,49807,219.142.78.162,443,6,08/08/2017 02:59:01,15383816,3,0,0.0,0.0,0.0,0.0,0.0,0.0,0,0,0,0,0.0,0.19501013272649648,7691908.0,1.0829515716353709E7,1.5349532E7,34284.0,1.5383816E7,7691908.0,1.0829515716353709E7,1.5349532E7,34284.0,0,0,0,0,0,0,0,0,0,60,0,0.19501013272649648,0.0,0.0,0.0,0.0,0.0,0.0,0,0,0,0,1,0,0,0,0.0,0.0,0.0,0.0,60,0,0,0,0,0,0,3,0,0,0,1734,-1,0,20,0,0,0,0,0,0,0,0,BENIGN
219.142.78.162-10.42.0.42-443-49805-6,10.42.0.42,49805,219.142.78.162,443,6,08/08/2017 02:59:01,14729674,3,0,0.0,0.0,0.0,0.0,0.0,0.0,0,0,0,0,0.0,0.20367049535515858,7364837.0,1.0360139649215642E7,1.4690562E7,39112.0,1.4729674E7,7364837.0,1.0360139649215642E7,1.4690562E7,39112.0,0,0,0,0,0,0,0,0,0,60,0,0.20367049535515858,0.0,0.0,0.0,0.0,0.0,0.0,0,0,0,0,1,0,0,0,0.0,0.0,0.0,0.0,60,0,0,0,0,0,0,3,0,0,0,1643,-1,0,20,0,0,0,0,0,0,0,0,BENIGN
219.142.78.162-10.42.0.42-443-49804-6,10.42.0.42,49804,219.142.78.162,443,6,08/08/2017 02:59:01,14727856,3,0,0.0,0.0,0.0,0.0,0.0,0.0,0,0,0,0,0.0,0.20369563635059987,7363928.0,1.0361273848492665E7,1.4690455E7,37401.0,1.4727856E7,7363928.0,1.0361273848492665E7,1.4690455E7,37401.0,0,0,0,0,0,0,0,0,0,60,0,0.20369563635059987,0.0,0.0,0.0,0.0,0.0,0.0,0,0,0,0,1,0,0,0,0.0,0.0,0.0,0.0,60,0,0,0,0,0,0,3,0,0,0,1734,-1,0,20,0,0,0,0,0,0,0,0,BENIGN
219.142.78.162-10.42.0.42-443-49806-6,10.42.0.42,49806,219.142.78.162,443,6,08/08/2017 02:59:01,14728142,3,0,0.0,0.0,0.0,0.0,0.0,0.0,0,0,0,0,0.0,0.20369168086510844,7364071.0,1.03615920465442E7,1.4690823E7,37319.0,1.4728142E7,7364071.0,1.03615920465442E7,1.4690823E7,37319.0,0,0,0,0,0,0,0,0,0,60,0,0.20369168086510844,0.0,0.0,0.0,0.0,0.0,0.0,0,0,0,0,1,0,0,0,0.0,0.0,0.0,0.0,60,0,0,0,0,0,0,3,0,0,0,2008,-1,0,20,0,0,0,0,0,0,0,0,BENIGN
219.142.78.162-10.42.0.42-443-49808-6,219.142.78.162,443,10.42.0.42,49808,6,08/08/2017 02:59:01,14885881,1,3,31.0,0.0,31.0,31.0,31.0,0.0,0.0,0.0,0.0,0.0,2.0825102659358894,0.26871100205624376,4961960.333333333,8455879.9595882,1.4725555E7,2251.0,0,0,0,0,0,1.4727806E7,7363903.0,1.041094809987102E7,1.4725555E7,2251.0,1,0,0,0,20,72,0.06717775051406094,0.20153325154218282,0.0,31.0,12.399999999999999,16.97939928266015,288.3,0,1,0,0,1,0,0,0,3.0,15.5,31.0,0.0,20,0,0,0,0,0,0,1,31,3,0,222,1871,0,20,0,0,0,0,0,0,0,0,BENIGN
219.142.78.162-10.42.0.42-443-49809-6,10.42.0.42,49809,219.142.78.162,443,6,08/08/2017 02:59:01,14725597,3,0,0.0,0.0,0.0,0.0,0.0,0.0,0,0,0,0,0.0,0.20372688455347515,7362798.5,1.0363948833445894E7,1.4691217E7,34380.0,1.4725597E7,7362798.5,1.0363948833445894E7,1.4691217E7,34380.0,0,0,0,0,0,0,0,0,0,60,0,0.20372688455347515,0.0,0.0,0.0,0.0,0.0,0.0,0,0,0,0,1,0,0,0,0.0,0.0,0.0,0.0,60,0,0,0,0,0,0,3,0,0,0,1917,-1,0,20,0,0,0,0,0,0,0,0,BENIGN
10.42.0.42-119.146.74.49-33741-443-6,119.146.74.49,443,10.42.0.42,33741,6,08/08/2017 02:59:16,5,2,0,0.0,0.0,0.0,0.0,0.0,0.0,0,0,0,0,0.0,399999.99999999994,5.0,0.0,5.0,5.0,5.0,5.0,0.0,5.0,5.0,0,0,0,0,0,0,0,0,0,40,0,399999.99999999994,0.0,0.0,0.0,0.0,0.0,0.0,0,0,0,0,1,0,0,0,0.0,0.0,0.0,0.0,40,0,0,0,0,0,0,2,0,0,0,4380,-1,0,20,0,0,0,0,0,0,0,0,BENIGN
10.42.0.42-123.125.115.164-52738-443-6,123.125.115.164,443,10.42.0.42,52738,6,08/08/2017 02:59:16,4,2,0,0.0,0.0,0.0,0.0,0.0,0.0,0,0,0,0,0.0,500000.0,4.0,0.0,4.0,4.0,4.0,4.0,0.0,4.0,4.0,0,0,0,0,0,0,0,0,0,40,0,500000.0,0.0,0.0,0.0,0.0,0.0,0.0,0,0,0,0,1,0,0,0,0.0,0.0,0.0,0.0,40,0,0,0,0,0,0,2,0,0,0,528,-1,0,20,0,0,0,0,0,0,0,0,BENIGN
10.42.0.42-61.135.185.139-52676-80-6,10.42.0.42,52676,61.135.185.139,80,6,08/08/2017 02:58:45,30812001,2,0,0.0,0.0,0.0,0.0,0.0,0.0,0,0,0,0,0.0,0.06490977330553767,3.0812001E7,0.0,3.0812001E7,3.0812001E7,3.0812001E7,3.0812001E7,0.0,3.0812001E7,3.0812001E7,0,0,0,0,0,0,0,0,0,40,0,0.06490977330553767,0.0,0.0,0.0,0.0,0.0,0.0,0,0,0,0,1,1,0,0,0.0,0.0,0.0,0.0,40,0,0,0,0,0,0,2,0,0,0,2327,-1,0,20,0,0,0,0,0,0,0,0,BENIGN
10.42.0.42-106.39.162.36-41747-80-6,10.42.0.42,41747,106.39.162.36,80,6,08/08/2017 02:59:16,1487521,2,0,0.0,0.0,0.0,0.0,0.0,0.0,0,0,0,0,0.0,1.3445188336836924,1487521.0,0.0,1487521.0,1487521.0,1487521.0,1487521.0,0.0,1487521.0,1487521.0,0,0,0,0,0,0,0,0,0,40,0,1.3445188336836924,0.0,0.0,0.0,0.0,0.0,0.0,0,0,0,0,1,1,0,0,0.0,0.0,0.0,0.0,40,0,0,0,0,0,0,2,0,0,0,1386,-1,0,20,0,0,0,0,0,0,0,0,BENIGN
10.42.0.42-106.39.162.36-41746-80-6,10.42.0.42,41746,106.39.162.36,80,6,08/08/2017 02:59:16,1486823,2,0,0.0,0.0,0.0,0.0,0.0,0.0,0,0,0,0,0.0,1.3451500279454918,1486823.0,0.0,1486823.0,1486823.0,1486823.0,1486823.0,0.0,1486823.0,1486823.0,0,0,0,0,0,0,0,0,0,40,0,1.3451500279454918,0.0,0.0,0.0,0.0,0.0,0.0,0,0,0,0,1,1,0,0,0.0,0.0,0.0,0.0,40,0,0,0,0,0,0,2,0,0,0,1386,-1,0,20,0,0,0,0,0,0,0,0,BENIGN
180.149.138.197-10.42.0.42-80-37913-6,10.42.0.42,37913,180.149.138.197,80,6,08/08/2017 02:59:17,523523,3,4,652.0,375.0,652.0,0.0,217.33333333333334,376.432375511636,375.0,0.0,93.75,187.5,1961.7094186883862,13.370950273435934,87253.83333333334,132250.44184034574,261938.0,4.0,260864.0,130432.0,180068.98446984144,257760.0,3104.0,269566.0,89855.33333333334,155010.00829731394,268845.0,4.0,0,0,0,0,80,84,5.730407260043972,7.640543013391962,0.0,652.0,128.375,248.9658252508909,61983.982142857145,0,0,0,1,0,0,0,0,1.0,146.71428571428572,217.33333333333334,93.75,80,0,0,0,0,0,0,3,652,4,375,65535,15648,1,20,0,0,0,0,0,0,0,0,BENIGN
180.149.138.197-10.42.0.42-80-37913-6,10.42.0.42,37913,180.149.138.197,80,6,08/08/2017 02:59:18,5249,2,0,0.0,0.0,0.0,0.0,0.0,0.0,0,0,0,0,0.0,381.02495713469233,5249.0,0.0,5249.0,5249.0,5249.0,5249.0,0.0,5249.0,5249.0,0,0,0,0,0,0,0,0,0,40,0,381.02495713469233,0.0,0.0,0.0,0.0,0.0,0.0,0,0,0,0,1,0,0,0,0.0,0.0,0.0,0.0,40,0,0,0,0,0,0,2,0,0,0,65535,-1,0,20,0,0,0,0,0,0,0,0,BENIGN
10.42.0.42-123.125.115.164-52737-443-6,10.42.0.42,52737,123.125.115.164,443,6,08/08/2017 02:59:17,1496043,2,0,0.0,0.0,0.0,0.0,0.0,0.0,0,0,0,0,0.0,1.3368599699340193,1496043.0,0.0,1496043.0,1496043.0,1496043.0,1496043.0,0.0,1496043.0,1496043.0,0,0,0,0,0,0,0,0,0,40,0,1.3368599699340193,0.0,0.0,0.0,0.0,0.0,0.0,0,0,0,0,1,1,0,0,0.0,0.0,0.0,0.0,40,0,0,0,0,0,0,2,0,0,0,1643,-1,0,20,0,0,0,0,0,0,0,0,BENIGN
10.42.0.42-123.125.115.164-52740-443-6,10.42.0.42,52740,123.125.115.164,443,6,08/08/2017 02:59:17,1496164,2,0,0.0,0.0,0.0,0.0,0.0,0.0,0,0,0,0,0.0,1.3367518534064446,1496164.0,0.0,1496164.0,1496164.0,1496164.0,1496164.0,0.0,1496164.0,1496164.0,0,0,0,0,0,0,0,0,0,40,0,1.3367518534064446,0.0,0.0,0.0,0.0,0.0,0.0,0,0,0,0,1,1,0,0,0.0,0.0,0.0,0.0,40,0,0,0,0,0,0,2,0,0,0,1597,-1,0,20,0,0,0,0,0,0,0,0,BENIGN
10.42.0.42-123.125.115.164-52742-443-6,10.42.0.42,52742,123.125.115.164,443,6,08/08/2017 02:59:17,1513963,2,0,0.0,0.0,0.0,0.0,0.0,0.0,0,0,0,0,0.0,1.3210362472530703,1513963.0,0.0,1513963.0,1513963.0,1513963.0,1513963.0,0.0,1513963.0,1513963.0,0,0,0,0,0,0,0,0,0,40,0,1.3210362472530703,0.0,0.0,0.0,0.0,0.0,0.0,0,0,0,0,1,1,0,0,0.0,0.0,0.0,0.0,40,0,0,0,0,0,0,2,0,0,0,1643,-1,0,20,0,0,0,0,0,0,0,0,BENIGN
10.42.0.42-123.125.115.164-52739-443-6,10.42.0.42,52739,123.125.115.164,443,6,08/08/2017 02:59:17,1543984,2,0,0.0,0.0,0.0,0.0,0.0,0.0,0,0,0,0,0.0,1.2953502108830144,1543984.0,0.0,1543984.0,1543984.0,1543984.0,1543984.0,0.0,1543984.0,1543984.0,0,0,0,0,0,0,0,0,0,40,0,1.2953502108830144,0.0,0.0,0.0,0.0,0.0,0.0,0,0,0,0,1,1,0,0,0.0,0.0,0.0,0.0,40,0,0,0,0,0,0,2,0,0,0,1643,-1,0,20,0,0,0,0,0,0,0,0,BENIGN
10.42.0.42-61.135.185.139-52686-80-6,10.42.0.42,52686,61.135.185.139,80,6,08/08/2017 02:58:46,31761475,2,0,0.0,0.0,0.0,0.0,0.0,0.0,0,0,0,0,0.0,0.06296936776393414,3.1761475E7,0.0,3.1761475E7,3.1761475E7,3.1761475E7,3.1761475E7,0.0,3.1761475E7,3.1761475E7,0,0,0,0,0,0,0,0,0,40,0,0.06296936776393414,0.0,0.0,0.0,0.0,0.0,0.0,0,0,0,0,1,1,0,0,0.0,0.0,0.0,0.0,40,0,0,0,0,0,0,2,0,0,0,1369,-1,0,20,0,0,0,0,0,0,0,0,BENIGN
10.42.0.42-123.59.190.237-33499-80-6,10.42.0.42,33499,123.59.190.237,80,6,08/08/2017 02:59:18,540065,3,7,386.0,7073.0,386.0,0.0,128.66666666666666,222.85720390719553,1460.0,0.0,1010.4285714285714,695.2131225130073,13811.300491607491,18.516289705868736,60007.22222222222,114400.2621519918,261677.0,3.0,264387.0,132193.5,186191.82208813576,263851.0,536.0,278444.0,46407.33333333333,106948.35844774182,264443.0,3.0,0,0,0,0,80,144,5.554886911760621,12.961402794108116,0.0,1460.0,678.0909090909091,716.7848288776004,513780.4909090909,0,0,0,1,0,0,0,0,2.0,745.9,128.66666666666666,1010.4285714285714,80,0,0,0,0,0,0,3,386,7,7073,65535,8190,1,20,0,0,0,0,0,0,0,0,BENIGN
10.42.0.42-123.59.190.237-33499-80-6,10.42.0.42,33499,123.59.190.237,80,6,08/08/2017 02:59:18,3706,3,0,0.0,0.0,0.0,0.0,0.0,0.0,0,0,0,0,0.0,809.4981111710739,1853.0,995.6063479106589,2557.0,1149.0,3706.0,1853.0,995.6063479106589,2557.0,1149.0,0,0,0,0,0,0,0,0,0,60,0,809.4981111710739,0.0,0.0,0.0,0.0,0.0,0.0,0,0,0,0,1,0,0,0,0.0,0.0,0.0,0.0,60,0,0,0,0,0,0,3,0,0,0,65535,-1,0,20,0,0,0,0,0,0,0,0,BENIGN
10.42.0.42-106.11.94.21-52023-443-6,10.42.0.42,52023,106.11.94.21,443,6,08/08/2017 02:59:17,1679991,2,0,0.0,0.0,0.0,0.0,0.0,0.0,0,0,0,0,0.0,1.1904825680613764,1679991.0,0.0,1679991.0,1679991.0,1679991.0,1679991.0,0.0,1679991.0,1679991.0,0,0,0,0,0,0,0,0,0,40,0,1.1904825680613764,0.0,0.0,0.0,0.0,0.0,0.0,0,0,0,0,1,1,0,0,0.0,0.0,0.0,0.0,40,0,0,0,0,0,0,2,0,0,0,65535,-1,0,20,0,0,0,0,0,0,0,0,BENIGN
10.42.0.42-115.239.210.141-48168-443-6,10.42.0.42,48168,115.239.210.141,443,6,08/08/2017 02:59:17,1844422,2,0,0.0,0.0,0.0,0.0,0.0,0.0,0,0,0,0,0.0,1.084350544506626,1844422.0,0.0,1844422.0,1844422.0,1844422.0,1844422.0,0.0,1844422.0,1844422.0,0,0,0,0,0,0,0,0,0,40,0,1.084350544506626,0.0,0.0,0.0,0.0,0.0,0.0,0,0,0,0,1,1,0,0,0.0,0.0,0.0,0.0,40,0,0,0,0,0,0,2,0,0,0,1597,-1,0,20,0,0,0,0,0,0,0,0,BENIGN
180.76.148.209-10.42.0.42-80-47954-6,10.42.0.42,47954,180.76.148.209,80,6,08/08/2017 02:59:19,549948,3,4,503.0,840.0,503.0,0.0,167.66666666666666,290.40718540238174,840.0,0.0,210.0,420.0,2442.0490664571926,12.728476146835701,91658.0,139266.7072634375,271963.0,5.0,277355.0,138677.5,194917.51976797776,276505.0,850.0,279048.0,93016.0,160563.14117193897,278418.0,5.0,0,0,0,0,104,136,5.455061205786729,7.273414941048972,0.0,840.0,167.87499999999997,323.62961082076527,104736.12499999999,0,0,0,1,0,0,0,0,1.0,191.85714285714286,167.66666666666666,210.0,104,0,0,0,0,0,0,3,503,4,840,65535,400,1,32,0,0,0,0,0,0,0,0,BENIGN
180.76.148.209-10.42.0.42-80-47953-6,10.42.0.42,47953,180.76.148.209,80,6,08/08/2017 02:59:19,550325,3,4,503.0,840.0,503.0,0.0,167.66666666666666,290.40718540238174,840.0,0.0,210.0,420.0,2440.376141371008,12.719756507518285,91720.83333333333,139444.78256774854,272424.0,15.0,277551.0,138775.5,194843.98066273436,276551.0,1000.0,279301.0,93100.33333333334,160951.47817070005,278951.0,15.0,0,0,0,0,104,136,5.451324217507837,7.268432290010449,0.0,840.0,167.87499999999997,323.62961082076527,104736.12499999999,0,0,0,1,0,0,0,0,1.0,191.85714285714286,167.66666666666666,210.0,104,0,0,0,0,0,0,3,503,4,840,65535,400,1,32,0,0,0,0,0,0,0,0,BENIGN
180.76.148.209-10.42.0.42-80-47955-6,10.42.0.42,47955,180.76.148.209,80,6,08/08/2017 02:59:19,549857,3,4,503.0,840.0,503.0,0.0,167.66666666666666,290.40718540238174,840.0,0.0,210.0,420.0,2442.453219655292,12.730582678769206,91642.83333333333,139353.68352708395,272213.0,5.0,277320.0,138660.0,194544.87449429245,276224.0,1096.0,279011.0,93003.66666666666,160806.56036783243,278687.0,5.0,0,0,0,0,104,136,5.455964005186803,7.274618673582403,0.0,840.0,167.87499999999997,323.62961082076527,104736.12499999999,0,0,0,1,0,0,0,0,1.0,191.85714285714286,167.66666666666666,210.0,104,0,0,0,0,0,0,3,503,4,840,65535,400,1,32,0,0,0,0,0,0,0,0,BENIGN
180.76.148.209-10.42.0.42-80-47956-6,10.42.0.42,47956,180.76.148.209,80,6,08/08/2017 02:59:19,550069,3,4,503.0,840.0,503.0,0.0,167.66666666666666,290.40718540238174,840.0,0.0,210.0,420.0,2441.511883054671,12.72567623334527,91678.16666666667,139461.49609037855,272333.0,5.0,277366.0,138683.0,195660.6889950048,277036.0,330.0,279005.0,93001.66666666666,160763.28322516102,278635.0,5.0,0,0,0,0,104,136,5.453861242862259,7.271814990483012,0.0,840.0,167.87499999999997,323.62961082076527,104736.12499999999,0,0,0,1,0,0,0,0,1.0,191.85714285714286,167.66666666666666,210.0,104,0,0,0,0,0,0,3,503,4,840,65535,400,1,32,0,0,0,0,0,0,0,0,BENIGN
180.76.148.209-10.42.0.42-80-47954-6,10.42.0.42,47954,180.76.148.209,80,6,08/08/2017 02:59:20,345877,3,0,0.0,0.0,0.0,0.0,0.0,0.0,0,0,0,0,0.0,8.673603622096874,172938.5,189563.30722083323,306980.0,38897.0,345877.0,172938.5,189563.30722083323,306980.0,38897.0,0,0,0,0,0,0,0,0,0,96,0,8.673603622096874,0.0,0.0,0.0,0.0,0.0,0.0,0,0,0,0,1,0,0,0,0.0,0.0,0.0,0.0,96,0,0,0,0,0,0,3,0,0,0,1395,-1,0,32,0,0,0,0,0,0,0,0,BENIGN
180.76.148.209-10.42.0.42-80-47953-6,10.42.0.42,47953,180.76.148.209,80,6,08/08/2017 02:59:20,346043,3,0,0.0,0.0,0.0,0.0,0.0,0.0,0,0,0,0,0.0,8.669442814910285,173021.5,189704.72857707052,307163.0,38880.0,346043.0,173021.5,189704.72857707052,307163.0,38880.0,0,0,0,0,0,0,0,0,0,96,0,8.669442814910285,0.0,0.0,0.0,0.0,0.0,0.0,0,0,0,0,1,0,0,0,0.0,0.0,0.0,0.0,96,0,0,0,0,0,0,3,0,0,0,1395,-1,0,32,0,0,0,0,0,0,0,0,BENIGN
180.76.148.209-10.42.0.42-80-47955-6,10.42.0.42,47955,180.76.148.209,80,6,08/08/2017 02:59:20,366408,3,0,0.0,0.0,0.0,0.0,0.0,0.0,0,0,0,0,0.0,8.187594157332809,183204.0,205857.16877971485,328767.0,37641.0,366408.0,183204.0,205857.16877971485,328767.0,37641.0,0,0,0,0,0,0,0,0,0,96,0,8.187594157332809,0.0,0.0,0.0,0.0,0.0,0.0,0,0,0,0,1,0,0,0,0.0,0.0,0.0,0.0,96,0,0,0,0,0,0,3,0,0,0,1395,-1,0,32,0,0,0,0,0,0,0,0,BENIGN
180.76.148.209-10.42.0.42-80-47956-6,10.42.0.42,47956,180.76.148.209,80,6,08/08/2017 02:59:20,363956,3,0,0.0,0.0,0.0,0.0,0.0,0.0,0,0,0,0,0.0,8.24275461869017,181978.0,209855.15052054357,330368.0,33588.0,363956.0,181978.0,209855.15052054357,330368.0,33588.0,0,0,0,0,0,0,0,0,0,96,0,8.24275461869017,0.0,0.0,0.0,0.0,0.0,0.0,0,0,0,0,1,0,0,0,0.0,0.0,0.0,0.0,96,0,0,0,0,0,0,3,0,0,0,1395,-1,0,32,0,0,0,0,0,0,0,0,BENIGN
219.142.78.162-10.42.0.42-80-49611-6,10.42.0.42,49611,219.142.78.162,80,6,08/08/2017 02:59:16,4250291,4,4,721.0,325.0,721.0,0.0,180.25,360.5,325.0,0.0,81.25,162.5,246.10079639252936,1.8822240641876051,607184.4285714286,869307.6947180165,2340030.0,2647.0,3992994.0,1330998.0,958178.9595957532,2340030.0,433420.0,3993889.0,1331296.3333333335,1299167.2900109258,2598824.0,2647.0,0,0,0,0,112,104,0.9411120320938026,0.9411120320938026,0.0,721.0,116.22222222222223,250.97249738655518,62987.194444444445,0,0,0,1,0,0,0,0,1.0,130.75,180.25,81.25,112,0,0,0,0,0,0,4,721,4,325,65535,126,1,20,0,0,0,0,0,0,0,0,BENIGN
219.142.78.162-10.42.0.42-80-49612-6,10.42.0.42,49612,219.142.78.162,80,6,08/08/2017 02:59:16,4249784,4,4,713.0,325.0,713.0,0.0,178.25,356.5,325.0,0.0,81.25,162.5,244.24770764820047,1.8824486138589631,607112.0,866839.5662016511,2325712.0,2051.0,3992461.0,1330820.3333333333,950252.8491745412,2325712.0,432596.0,3993375.0,1331125.0,1291407.169137991,2582220.0,2866.0,0,0,0,0,112,104,0.9412243069294816,0.9412243069294816,0.0,713.0,115.33333333333333,248.5653837524445,61784.75,0,0,0,1,0,0,0,0,1.0,129.75,178.25,81.25,112,0,0,0,0,0,0,4,713,4,325,65535,126,1,20,0,0,0,0,0,0,0,0,BENIGN
10.42.0.42-123.125.29.220-45081-80-6,10.42.0.42,45081,123.125.29.220,80,6,08/08/2017 02:59:16,4536580,4,4,1456.0,201.0,1456.0,0.0,364.0,728.0,201.0,0.0,50.25,100.5,365.2531201918626,1.7634429460077856,648082.8571428572,1027568.5582940324,2870247.0,1888.0,4224152.0,1408050.6666666665,1289629.4248164212,2870247.0,432759.0,4236242.0,1412080.6666666665,1625095.238275386,3189302.0,1888.0,0,0,0,0,112,104,0.8817214730038928,0.8817214730038928,0.0,1456.0,184.11111111111111,481.56838674388825,231908.11111111112,0,0,0,1,0,0,0,0,1.0,207.125,364.0,50.25,112,0,0,0,0,0,0,4,1456,4,201,65535,137,1,20,0,0,0,0,0,0,0,0,BENIGN
183.232.231.30-10.42.0.42-443-46000-6,10.42.0.42,46000,183.232.231.30,443,6,08/08/2017 02:59:17,3090029,2,0,0.0,0.0,0.0,0.0,0.0,0.0,0,0,0,0,0.0,0.6472431164885508,3090029.0,0.0,3090029.0,3090029.0,3090029.0,3090029.0,0.0,3090029.0,3090029.0,0,0,0,0,0,0,0,0,0,40,0,0.6472431164885508,0.0,0.0,0.0,0.0,0.0,0.0,0,0,0,0,1,1,0,0,0.0,0.0,0.0,0.0,40,0,0,0,0,0,0,2,0,0,0,1643,-1,0,20,0,0,0,0,0,0,0,0,BENIGN
163.177.151.166-10.42.0.42-80-51909-6,10.42.0.42,51909,163.177.151.166,80,6,08/08/2017 02:58:48,32987173,2,0,0.0,0.0,0.0,0.0,0.0,0.0,0,0,0,0,0.0,0.06062962715841094,3.2987173E7,0.0,3.2987173E7,3.2987173E7,3.2987173E7,3.2987173E7,0.0,3.2987173E7,3.2987173E7,0,0,0,0,0,0,0,0,0,40,0,0.06062962715841094,0.0,0.0,0.0,0.0,0.0,0.0,0,0,0,0,1,1,0,0,0.0,0.0,0.0,0.0,40,0,0,0,0,0,0,2,0,0,0,1403,-1,0,20,0,0,0,0,0,0,0,0,BENIGN
180.76.148.209-10.42.0.42-80-47957-6,10.42.0.42,47957,180.76.148.209,80,6,08/08/2017 02:59:19,1537609,4,4,503.0,840.0,503.0,0.0,125.75,251.5,840.0,0.0,210.0,420.0,873.4340134585581,5.20288317771293,219658.42857142858,364171.2610781989,993623.0,4.0,1266715.0,422238.3333333334,513167.7105122002,993623.0,602.0,273818.0,91272.66666666666,157778.9559647716,273460.0,4.0,0,0,0,0,144,136,2.601441588856465,2.601441588856465,0.0,840.0,149.22222222222223,307.8562074158071,94775.44444444444,0,0,0,1,0,0,0,0,1.0,167.875,125.75,210.0,144,0,0,0,0,0,0,4,503,4,840,65535,400,1,32,0,0,0,0,0,0,0,0,BENIGN
180.76.148.209-10.42.0.42-80-47958-6,10.42.0.42,47958,180.76.148.209,80,6,08/08/2017 02:59:19,1542351,4,4,503.0,840.0,503.0,0.0,125.75,251.5,840.0,0.0,210.0,420.0,870.7486168842241,5.1868867722068455,220335.85714285716,364290.97566067916,993560.0,4.0,1270857.0,423619.0,512550.1259711093,993560.0,507.0,274201.0,91400.33333333334,158002.6774024204,273846.0,4.0,0,0,0,0,144,136,2.5934433861034227,2.5934433861034227,0.0,840.0,149.22222222222223,307.8562074158071,94775.44444444444,0,0,0,1,0,0,0,0,1.0,167.875,125.75,210.0,144,0,0,0,0,0,0,4,503,4,840,65535,400,1,32,0,0,0,0,0,0,0,0,BENIGN
10.42.0.42-123.125.115.164-52741-443-6,10.42.0.42,52741,123.125.115.164,443,6,08/08/2017 02:59:18,3250031,2,0,0.0,0.0,0.0,0.0,0.0,0.0,0,0,0,0,0.0,0.6153787456181188,3250031.0,0.0,3250031.0,3250031.0,3250031.0,3250031.0,0.0,3250031.0,3250031.0,0,0,0,0,0,0,0,0,0,40,0,0.6153787456181188,0.0,0.0,0.0,0.0,0.0,0.0,0,0,0,0,1,1,0,0,0.0,0.0,0.0,0.0,40,0,0,0,0,0,0,2,0,0,0,1597,-1,0,20,0,0,0,0,0,0,0,0,BENIGN
163.177.151.166-10.42.0.42-443-58297-6,10.42.0.42,58297,163.177.151.166,443,6,08/08/2017 02:58:51,29800344,2,0,0.0,0.0,0.0,0.0,0.0,0.0,0,0,0,0,0.0,0.06711331922879817,2.9800344E7,0.0,2.9800344E7,2.9800344E7,2.9800344E7,2.9800344E7,0.0,2.9800344E7,2.9800344E7,0,0,0,0,0,0,0,0,0,40,0,0.06711331922879817,0.0,0.0,0.0,0.0,0.0,0.0,0,0,0,0,1,1,0,0,0.0,0.0,0.0,0.0,40,0,0,0,0,0,0,2,0,0,0,1643,-1,0,20,0,0,0,0,0,0,0,0,BENIGN
180.76.148.209-10.42.0.42-80-47957-6,10.42.0.42,47957,180.76.148.209,80,6,08/08/2017 02:59:21,95314,3,0,0.0,0.0,0.0,0.0,0.0,0.0,0,0,0,0,0.0,31.47491449314896,47657.0,20407.101705043762,62087.0,33227.0,95314.0,47657.0,20407.101705043762,62087.0,33227.0,0,0,0,0,0,0,0,0,0,96,0,31.47491449314896,0.0,0.0,0.0,0.0,0.0,0.0,0,0,0,0,1,0,0,0,0.0,0.0,0.0,0.0,96,0,0,0,0,0,0,3,0,0,0,1395,-1,0,32,0,0,0,0,0,0,0,0,BENIGN
180.76.148.209-10.42.0.42-80-47958-6,10.42.0.42,47958,180.76.148.209,80,6,08/08/2017 02:59:21,91370,3,0,0.0,0.0,0.0,0.0,0.0,0.0,0,0,0,0,0.0,32.83353398270767,45685.0,12729.336274920228,54686.0,36684.0,91370.0,45685.0,12729.336274920228,54686.0,36684.0,0,0,0,0,0,0,0,0,0,96,0,32.83353398270767,0.0,0.0,0.0,0.0,0.0,0.0,0,0,0,0,1,0,0,0,0.0,0.0,0.0,0.0,96,0,0,0,0,0,0,3,0,0,0,1395,-1,0,32,0,0,0,0,0,0,0,0,BENIGN
180.76.148.209-10.42.0.42-80-47960-6,10.42.0.42,47960,180.76.148.209,80,6,08/08/2017 02:59:20,689658,3,4,551.0,657.0,551.0,0.0,183.66666666666666,318.1199983234838,657.0,0.0,164.25,328.5,1751.5928184694442,10.14995838517062,114943.0,132861.32288819045,270319.0,5.0,419169.0,209584.5,88956.15439361124,272486.0,146683.0,419339.0,139779.6666666667,241744.43759129875,418922.0,5.0,0,0,0,0,104,136,4.349982165073123,5.799976220097498,0.0,657.0,151.0,281.0292308131461,78977.42857142855,0,0,0,1,0,0,0,0,1.0,172.57142857142858,183.66666666666666,164.25,104,0,0,0,0,0,0,3,551,4,657,65535,400,1,32,0,0,0,0,0,0,0,0,BENIGN
180.76.148.209-10.42.0.42-80-47960-6,10.42.0.42,47960,180.76.148.209,80,6,08/08/2017 02:59:21,11995,2,0,0.0,0.0,0.0,0.0,0.0,0.0,0,0,0,0,0.0,166.73614005835765,11995.0,0.0,11995.0,11995.0,11995.0,11995.0,0.0,11995.0,11995.0,0,0,0,0,0,0,0,0,0,64,0,166.73614005835765,0.0,0.0,0.0,0.0,0.0,0.0,0,0,0,0,1,0,0,0,0.0,0.0,0.0,0.0,64,0,0,0,0,0,0,2,0,0,0,1390,-1,0,32,0,0,0,0,0,0,0,0,BENIGN
219.142.78.162-10.42.0.42-80-49613-6,10.42.0.42,49613,219.142.78.162,80,6,08/08/2017 02:59:16,5215389,4,4,721.0,325.0,721.0,0.0,180.25,360.5,325.0,0.0,81.25,162.5,200.56030336375676,1.5339220142543537,745055.5714285714,1226558.8456237852,3384992.0,2072.0,4955181.0,1651727.0,1542082.3258474236,3384992.0,431736.0,4959004.0,1653001.3333333335,1844955.1222309808,3644765.0,2507.0,0,0,0,0,112,104,0.7669610071271769,0.7669610071271769,0.0,721.0,116.22222222222223,250.97249738655518,62987.194444444445,0,0,0,1,0,0,0,0,1.0,130.75,180.25,81.25,112,0,0,0,0,0,0,4,721,4,325,65535,126,1,20,0,0,0,0,0,0,0,0,BENIGN
180.149.135.239-10.42.0.42-80-55992-6,10.42.0.42,55992,180.149.135.239,80,6,08/08/2017 02:59:21,522227,3,3,446.0,1197.0,446.0,0.0,148.66666666666666,257.49822005857305,1197.0,0.0,399.0,691.0882722199821,3146.141428918842,11.489256587652497,104445.4,136616.25222242047,254154.0,1459.0,257792.0,128896.0,180223.13374814013,256333.0,1459.0,268073.0,134036.5,174723.96431085235,257585.0,10488.0,0,0,0,0,80,72,5.744628293826248,5.744628293826248,0.0,1197.0,234.71428571428572,455.7209359120682,207681.5714285714,0,0,0,1,0,0,0,0,1.0,273.8333333333333,148.66666666666666,399.0,80,0,0,0,0,0,0,3,446,3,1197,65535,123,1,20,0,0,0,0,0,0,0,0,BENIGN
180.149.135.239-10.42.0.42-80-55992-6,10.42.0.42,55992,180.149.135.239,80,6,08/08/2017 02:59:21,1791,2,0,0.0,0.0,0.0,0.0,0.0,0.0,0,0,0,0,0.0,1116.6945840312674,1791.0,0.0,1791.0,1791.0,1791.0,1791.0,0.0,1791.0,1791.0,0,0,0,0,0,0,0,0,0,40,0,1116.6945840312674,0.0,0.0,0.0,0.0,0.0,0.0,0,0,0,0,1,0,0,0,0.0,0.0,0.0,0.0,40,0,0,0,0,0,0,2,0,0,0,1415,-1,0,20,0,0,0,0,0,0,0,0,BENIGN
10.42.0.42-123.125.29.138-57817-80-6,10.42.0.42,57817,123.125.29.138,80,6,08/08/2017 02:59:21,634766,3,4,711.0,1072.0,711.0,0.0,237.0,410.49604139382393,1072.0,0.0,268.0,536.0,2808.909109813695,11.027685792874854,105794.33333333333,161493.8244350745,318028.0,5.0,315399.0,157699.5,222462.15732231853,315004.0,395.0,324296.0,108098.66666666666,186073.9614033445,322957.0,5.0,0,0,0,0,80,84,4.726151054089223,6.301534738785631,0.0,1072.0,222.875,423.8124374565441,179616.98214285713,0,0,0,1,0,0,0,0,1.0,254.71428571428572,237.0,268.0,80,0,0,0,0,0,0,3,711,4,1072,65535,15642,1,20,0,0,0,0,0,0,0,0,BENIGN
10.42.0.42-123.125.29.138-57817-80-6,10.42.0.42,57817,123.125.29.138,80,6,08/08/2017 02:59:21,10008,2,0,0.0,0.0,0.0,0.0,0.0,0.0,0,0,0,0,0.0,199.84012789768187,10008.0,0.0,10008.0,10008.0,10008.0,10008.0,0.0,10008.0,10008.0,0,0,0,0,0,0,0,0,0,40,0,199.84012789768187,0.0,0.0,0.0,0.0,0.0,0.0,0,0,0,0,1,0,0,0,0.0,0.0,0.0,0.0,40,0,0,0,0,0,0,2,0,0,0,65535,-1,0,20,0,0,0,0,0,0,0,0,BENIGN
180.76.148.209-10.42.0.42-80-47971-6,10.42.0.42,47971,180.76.148.209,80,6,08/08/2017 02:59:21,547546,3,4,551.0,665.0,551.0,0.0,183.66666666666666,318.1199983234838,665.0,0.0,166.25,332.5,2220.8179769370977,12.784314011973423,91257.66666666666,138606.28480652193,270324.0,5.0,276864.0,138432.0,189559.7716869273,272471.0,4393.0,277498.0,92499.33333333334,159903.60257459283,277140.0,5.0,0,0,0,0,104,136,5.4789917194171815,7.305322292556242,0.0,665.0,152.0,283.09362408927547,80142.0,0,0,0,1,0,0,0,0,1.0,173.71428571428572,183.66666666666666,166.25,104,0,0,0,0,0,0,3,551,4,665,65535,400,1,32,0,0,0,0,0,0,0,0,BENIGN
180.76.148.209-10.42.0.42-80-47971-6,10.42.0.42,47971,180.76.148.209,80,6,08/08/2017 02:59:22,6002,2,0,0.0,0.0,0.0,0.0,0.0,0.0,0,0,0,0,0.0,333.22225924691764,6002.0,0.0,6002.0,6002.0,6002.0,6002.0,0.0,6002.0,6002.0,0,0,0,0,0,0,0,0,0,64,0,333.22225924691764,0.0,0.0,0.0,0.0,0.0,0.0,0,0,0,0,1,0,0,0,0.0,0.0,0.0,0.0,64,0,0,0,0,0,0,2,0,0,0,1390,-1,0,32,0,0,0,0,0,0,0,0,BENIGN
180.76.148.209-10.42.0.42-80-47972-6,10.42.0.42,47972,180.76.148.209,80,6,08/08/2017 02:59:21,563185,3,4,551.0,657.0,551.0,0.0,183.66666666666666,318.1199983234838,657.0,0.0,164.25,328.5,2144.9434910375808,12.429308308992603,93864.16666666666,136917.16480181244,270657.0,4.0,292267.0,146133.5,179112.26899489606,272785.0,19482.0,293088.0,97696.0,168988.45041303858,292827.0,4.0,0,0,0,0,104,136,5.326846418139687,7.102461890852917,0.0,657.0,151.0,281.0292308131461,78977.42857142855,0,0,0,1,0,0,0,0,1.0,172.57142857142858,183.66666666666666,164.25,104,0,0,0,0,0,0,3,551,4,657,65535,400,1,32,0,0,0,0,0,0,0,0,BENIGN
180.76.148.209-10.42.0.42-80-47973-6,10.42.0.42,47973,180.76.148.209,80,6,08/08/2017 02:59:21,564994,3,4,551.0,657.0,551.0,0.0,183.66666666666666,318.1199983234838,657.0,0.0,164.25,328.5,2138.0758025748946,12.389512101013462,94165.66666666667,136439.164929527,270218.0,5.0,294310.0,147155.0,184720.33287648656,277772.0,16538.0,294938.0,98312.66666666666,169879.11885906794,294472.0,5.0,0,0,0,0,104,136,5.309790900434341,7.0797212005791215,0.0,657.0,151.0,281.0292308131461,78977.42857142855,0,0,0,1,0,0,0,0,1.0,172.57142857142858,183.66666666666666,164.25,104,0,0,0,0,0,0,3,551,4,657,65535,400,1,32,0,0,0,0,0,0,0,0,BENIGN
180.76.148.209-10.42.0.42-80-47972-6,10.42.0.42,47972,180.76.148.209,80,6,08/08/2017 02:59:22,14832,2,0,0.0,0.0,0.0,0.0,0.0,0.0,0,0,0,0,0.0,134.8435814455232,14832.0,0.0,14832.0,14832.0,14832.0,14832.0,0.0,14832.0,14832.0,0,0,0,0,0,0,0,0,0,64,0,134.8435814455232,0.0,0.0,0.0,0.0,0.0,0.0,0,0,0,0,1,0,0,0,0.0,0.0,0.0,0.0,64,0,0,0,0,0,0,2,0,0,0,1390,-1,0,32,0,0,0,0,0,0,0,0,BENIGN
180.76.148.209-10.42.0.42-80-47973-6,10.42.0.42,47973,180.76.148.209,80,6,08/08/2017 02:59:22,47187,3,0,0.0,0.0,0.0,0.0,0.0,0.0,0,0,0,0,0.0,63.57683260219976,23593.5,13094.910480793673,32853.0,14334.0,47187.0,23593.5,13094.910480793673,32853.0,14334.0,0,0,0,0,0,0,0,0,0,96,0,63.57683260219976,0.0,0.0,0.0,0.0,0.0,0.0,0,0,0,0,1,0,0,0,0.0,0.0,0.0,0.0,96,0,0,0,0,0,0,3,0,0,0,1390,-1,0,32,0,0,0,0,0,0,0,0,BENIGN
219.142.78.162-10.42.0.42-80-49614-6,10.42.0.42,49614,219.142.78.162,80,6,08/08/2017 02:59:16,5889876,4,4,721.0,325.0,721.0,0.0,180.25,360.5,325.0,0.0,81.25,162.5,177.59287292296136,1.3582628904241787,841410.8571428572,1513322.4506661303,4184015.0,2056.0,5631978.0,1877326.0,2018980.6881055103,4184015.0,431283.0,5633528.0,1877842.6666666665,2297512.316431913,4440827.0,3142.0,0,0,0,0,112,104,0.6791314452120893,0.6791314452120893,0.0,721.0,116.22222222222223,250.97249738655518,62987.194444444445,0,0,0,1,0,0,0,0,1.0,130.75,180.25,81.25,112,0,0,0,0,0,0,4,721,4,325,65535,126,1,20,0,0,0,0,0,0,0,0,BENIGN
219.142.78.162-10.42.0.42-80-49615-6,10.42.0.42,49615,219.142.78.162,80,6,08/08/2017 02:59:16,5890490,4,4,721.0,325.0,721.0,0.0,180.25,360.5,325.0,0.0,81.25,162.5,177.5743613858949,1.3581213107907832,841498.5714285714,1452796.3356551228,4003344.0,1990.0,5632967.0,1877655.6666666667,1880531.708164564,4003344.0,430772.0,5633777.0,1877925.6666666665,2173847.516807546,4260471.0,2386.0,0,0,0,0,112,104,0.6790606553953916,0.6790606553953916,0.0,721.0,116.22222222222223,250.97249738655518,62987.194444444445,0,0,0,1,0,0,0,0,1.0,130.75,180.25,81.25,112,0,0,0,0,0,0,4,721,4,325,65535,126,1,20,0,0,0,0,0,0,0,0,BENIGN
10.42.0.42-123.125.29.220-45082-80-6,10.42.0.42,45082,123.125.29.220,80,6,08/08/2017 02:59:16,6013810,5,5,1472.0,201.0,1460.0,0.0,294.4,651.6109268574307,201.0,0.0,40.2,89.88993269549155,278.1930257191364,1.662839364728849,668201.1111111111,1404402.2597794447,4321819.0,121.0,5714146.0,1428536.5,1968664.9027909753,4321819.0,121.0,5712815.0,1428203.75,2189632.01540569,4621273.0,456.0,0,0,0,0,132,136,0.8314196823644245,0.8314196823644245,0.0,1460.0,152.0909090909091,437.91516405474124,191769.69090909092,0,0,0,1,0,0,0,0,1.0,167.3,294.4,40.2,132,0,0,0,0,0,0,5,1472,5,201,65535,137,2,20,0,0,0,0,0,0,0,0,BENIGN
10.42.0.42-123.125.29.138-57821-80-6,10.42.0.42,57821,123.125.29.138,80,6,08/08/2017 02:59:21,1179615,3,4,688.0,690.0,688.0,0.0,229.33333333333334,397.2169852024625,690.0,0.0,172.5,345.0,1168.1777529109072,5.934139528575001,196602.5,229179.4600218353,552651.0,5.0,874756.0,437378.0,163020.6399754338,552651.0,322105.0,868950.0,289650.0,501013.16452265007,868170.0,5.0,0,0,0,0,80,92,2.543202655103572,3.390936873471429,0.0,690.0,172.24999999999997,318.9454722765543,101726.21428571429,0,0,0,1,0,0,0,0,1.0,196.85714285714286,229.33333333333334,172.5,80,0,0,0,0,0,0,3,688,4,690,65535,125,1,20,0,0,0,0,0,0,0,0,BENIGN
10.42.0.42-123.125.29.138-57821-80-6,10.42.0.42,57821,123.125.29.138,80,6,08/08/2017 02:59:22,1942,2,0,0.0,0.0,0.0,0.0,0.0,0.0,0,0,0,0,0.0,1029.8661174047375,1942.0,0.0,1942.0,1942.0,1942.0,1942.0,0.0,1942.0,1942.0,0,0,0,0,0,0,0,0,0,40,0,1029.8661174047375,0.0,0.0,0.0,0.0,0.0,0.0,0,0,0,0,1,0,0,0,0.0,0.0,0.0,0.0,40,0,0,0,0,0,0,2,0,0,0,1391,-1,0,20,0,0,0,0,0,0,0,0,BENIGN
10.42.0.42-123.125.29.220-45084-80-6,10.42.0.42,45084,123.125.29.220,80,6,08/08/2017 02:59:16,6268977,5,5,1470.0,201.0,1460.0,0.0,294.0,651.8281982240412,201.0,0.0,40.2,89.88993269549155,266.55066687914154,1.595156594130111,696553.0000000001,1424830.7315098871,4365904.0,335.0,5962623.0,1490655.75,1976623.4141068915,4365904.0,335.0,5968405.0,1492101.25,2209070.640881119,4678233.0,619.0,0,0,0,0,132,136,0.7975782970650555,0.7975782970650555,0.0,1460.0,151.9090909090909,437.97955535514546,191826.0909090909,0,0,0,1,0,0,0,0,1.0,167.1,294.0,40.2,132,0,0,0,0,0,0,5,1470,5,201,65535,137,2,20,0,0,0,0,0,0,0,0,BENIGN
10.42.0.42-106.11.94.1-56629-443-6,10.42.0.42,56629,106.11.94.1,443,6,08/08/2017 02:59:07,15860060,2,0,0.0,0.0,0.0,0.0,0.0,0.0,0,0,0,0,0.0,0.12610292773167314,1.586006E7,0.0,1.586006E7,1.586006E7,1.586006E7,1.586006E7,0.0,1.586006E7,1.586006E7,0,0,0,0,0,0,0,0,0,40,0,0.12610292773167314,0.0,0.0,0.0,0.0,0.0,0.0,0,0,0,0,1,1,0,0,0.0,0.0,0.0,0.0,40,0,0,0,0,0,0,2,0,0,0,65535,-1,0,20,0,0,0,0,0,0,0,0,BENIGN
180.149.138.210-10.42.0.42-80-40979-6,10.42.0.42,40979,180.149.138.210,80,6,08/08/2017 02:59:22,536937,3,3,751.0,361.0,751.0,0.0,250.33333333333334,433.59005216140895,361.0,0.0,120.33333333333333,208.42344717745488,2071.006468170381,11.174495331854574,107387.4,134081.98262555635,254147.0,736.0,257097.0,128548.5,180754.17094081122,256361.0,736.0,282790.0,141395.0,162774.56681558085,256494.0,26296.0,0,0,0,0,80,72,5.587247665927287,5.587247665927287,0.0,751.0,158.85714285714283,293.7325476071889,86278.80952380951,0,0,0,1,0,0,0,0,1.0,185.33333333333334,250.33333333333334,120.33333333333333,80,0,0,0,0,0,0,3,751,3,361,65535,126,1,20,0,0,0,0,0,0,0,0,BENIGN
180.149.138.210-10.42.0.42-80-40979-6,180.149.138.210,80,10.42.0.42,40979,6,08/08/2017 02:59:23,25120,5,7,7300.0,0.0,1460.0,1460.0,1460.0,0.0,0.0,0.0,0.0,0.0,290605.0955414013,477.7070063694268,2283.6363636363635,7177.67419534667,23917.0,1.0,490.0,122.5,139.20129309744217,248.0,2.0,713.0,118.83333333333333,256.6089762004959,640.0,1.0,0,0,0,0,100,200,199.04458598726114,278.6624203821656,0.0,1460.0,673.8461538461538,757.5568016276453,573892.3076923076,0,0,0,0,1,0,0,0,1.0,730.0,1460.0,0.0,100,0,0,0,0,0,0,5,7300,7,0,126,1597,4,20,0,0,0,0,0,0,0,0,BENIGN
10.42.0.42-123.125.29.220-45085-80-6,10.42.0.42,45085,123.125.29.220,80,6,08/08/2017 02:59:16,7336454,5,5,1500.0,201.0,1460.0,0.0,300.0,648.6909896090742,201.0,0.0,40.2,89.88993269549155,231.8558802386003,1.3630563212145814,815161.5555555555,1795973.667574925,5513746.0,6.0,7032058.0,1758014.4999999998,2543692.272288782,5513746.0,135.0,7035777.0,1758944.25,2766724.3529312634,5819162.0,6.0,0,0,0,0,132,136,0.6815281606072907,0.6815281606072907,0.0,1460.0,154.63636363636363,437.10005095567595,191056.45454545453,0,0,0,1,0,0,0,0,1.0,170.1,300.0,40.2,132,0,0,0,0,0,0,5,1500,5,201,65535,137,2,20,1518177.0,0.0,1518177.0,1518177.0,5513746.0,0.0,5513746.0,5513746.0,BENIGN
174.35.73.99-10.42.0.42-80-60615-6,10.42.0.42,60615,174.35.73.99,80,6,08/08/2017 02:59:17,6761379,6,6,1287.0,690.0,649.0,0.0,214.49999999999997,332.32017693784405,366.0,0.0,115.0,178.6516162815215,292.3959742531812,1.7747858831756067,614670.8181818182,1990969.373025955,6617514.0,532.0,143865.0,28773.0,25189.9248212455,69721.0,532.0,6738359.0,1347671.8,2971094.354441087,6662413.0,612.0,0,0,0,0,200,200,0.8873929415878034,0.8873929415878034,0.0,649.0,152.07692307692307,252.73848854051414,63876.7435897436,0,0,0,1,0,0,0,0,1.0,164.75,214.5,115.0,200,0,0,0,0,0,0,6,1287,6,690,65535,672,2,32,0,0,0,0,0,0,0,0,BENIGN
174.35.73.99-10.42.0.42-80-60616-6,10.42.0.42,60616,174.35.73.99,80,6,08/08/2017 02:59:17,6644673,4,4,659.0,318.0,659.0,0.0,164.75,329.5,318.0,0.0,79.5,159.0,147.03507606770114,1.203971963706867,949239.0000000001,2487603.581671994,6590548.0,760.0,54125.0,18041.666666666668,15017.932425381776,27926.0,760.0,6621596.0,2207198.6666666665,3797957.7217202317,6592681.0,2567.0,0,0,0,0,136,136,0.6019859818534335,0.6019859818534335,0.0,659.0,108.55555555555557,231.66414866737102,53668.27777777779,0,0,0,1,0,0,0,0,1.0,122.125,164.75,79.5,136,0,0,0,0,0,0,4,659,4,318,65535,674,1,32,0,0,0,0,0,0,0,0,BENIGN
174.35.73.99-10.42.0.42-80-60616-6,10.42.0.42,60616,174.35.73.99,80,6,08/08/2017 02:59:23,37532,2,0,0.0,0.0,0.0,0.0,0.0,0.0,0,0,0,0,0.0,53.287861025258444,37532.0,0.0,37532.0,37532.0,37532.0,37532.0,0.0,37532.0,37532.0,0,0,0,0,0,0,0,0,0,64,0,53.287861025258444,0.0,0.0,0.0,0.0,0.0,0.0,0,0,0,0,1,0,0,0,0.0,0.0,0.0,0.0,64,0,0,0,0,0,0,2,0,0,0,1386,-1,0,32,0,0,0,0,0,0,0,0,BENIGN
174.35.73.99-10.42.0.42-80-60615-6,10.42.0.42,60615,174.35.73.99,80,6,08/08/2017 02:59:23,37814,2,0,0.0,0.0,0.0,0.0,0.0,0.0,0,0,0,0,0.0,52.89046384936796,37814.0,0.0,37814.0,37814.0,37814.0,37814.0,0.0,37814.0,37814.0,0,0,0,0,0,0,0,0,0,64,0,52.89046384936796,0.0,0.0,0.0,0.0,0.0,0.0,0,0,0,0,1,0,0,0,0.0,0.0,0.0,0.0,64,0,0,0,0,0,0,2,0,0,0,1403,-1,0,32,0,0,0,0,0,0,0,0,BENIGN
180.149.136.194-10.42.0.42-80-55703-6,10.42.0.42,55703,180.149.136.194,80,6,08/08/2017 02:59:23,521686,3,3,636.0,317.0,636.0,0.0,212.0,367.194771204602,317.0,0.0,105.66666666666667,183.02003533311137,1826.7693593464269,11.501171202600798,104337.2,140440.99654908464,258364.0,756.0,260935.0,130467.5,183439.76249575772,260179.0,756.0,263688.0,131844.0,183079.84514413375,261301.0,2387.0,0,0,0,0,80,72,5.750585601300399,5.750585601300399,0.0,636.0,136.14285714285714,250.08027282683227,62540.14285714286,0,0,0,1,0,0,0,0,1.0,158.83333333333334,212.0,105.66666666666667,80,0,0,0,0,0,0,3,636,3,317,65535,124,1,20,0,0,0,0,0,0,0,0,BENIGN
180.149.138.210-10.42.0.42-80-40981-6,10.42.0.42,40981,180.149.138.210,80,6,08/08/2017 02:59:23,1646453,3,7,771.0,5857.0,771.0,0.0,257.0,445.13705754520146,1460.0,0.0,836.7142857142858,777.3945189511167,4025.6235677544396,6.073662594680808,182939.2222222222,356905.04731678206,1091019.0,4.0,1358986.0,679493.0,581985.6504691503,1091019.0,267967.0,1392909.0,232151.5,552230.3092702356,1359060.0,4.0,0,0,0,0,80,152,1.8220987784042424,4.251563816276565,0.0,1460.0,602.5454545454546,716.0627575340535,512745.87272727274,0,0,0,1,0,0,0,0,2.0,662.8,257.0,836.7142857142857,80,0,0,0,0,0,0,3,771,7,5857,65535,127,1,20,0,0,0,0,0,0,0,0,BENIGN
180.149.138.210-10.42.0.42-80-40981-6,180.149.138.210,80,10.42.0.42,40981,6,08/08/2017 02:59:24,6185,4,6,5840.0,0.0,1460.0,1460.0,1460.0,0.0,0.0,0.0,0.0,0.0,944219.8868229587,1616.814874696847,687.2222222222222,1009.5470243849192,2713.0,2.0,479.0,159.66666666666666,78.58965156643292,250.0,107.0,3568.0,713.6,1139.950569103766,2713.0,2.0,0,0,0,0,80,144,646.7259498787388,970.0889248181082,0.0,1460.0,663.6363636363636,762.4601330859565,581345.4545454545,0,0,0,0,1,0,0,0,1.0,730.0,1460.0,0.0,80,0,0,0,0,0,0,4,5840,6,0,127,1689,3,20,0,0,0,0,0,0,0,0,BENIGN
173.194.175.188-10.42.0.42-5228-35965-6,10.42.0.42,35965,173.194.175.188,5228,6,08/08/2017 02:57:22,72145962,6,6,3178.0,1014.0,1060.0,0.0,529.6666666666667,580.2212221788054,338.0,0.0,169.0,185.13022443674615,58.10443001647133,0.16632947523799047,6558723.818181818,1.8883781856401008E7,6.2928817E7,2097.0,7.2145962E7,1.44291924E7,2.737776447452987E7,6.2928817E7,106667.0,7.209259E7,1.4418518E7,2.741819763553654E7,6.2979838E7,53107.0,1,0,0,0,192,192,0.08316473761899523,0.08316473761899523,0.0,1060.0,403.8461538461539,475.0848777067537,225705.6410256411,0,1,0,0,1,0,0,0,1.0,437.5,529.6666666666666,169.0,192,0,0,0,0,0,0,6,3178,6,1014,1594,226,2,32,108186.0,493.5605332682102,108535.0,107837.0,3.59114615E7,3.820831056755533E7,6.2928817E7,8894106.0,BENIGN
10.42.0.42-123.125.29.220-45083-80-6,10.42.0.42,45083,123.125.29.220,80,6,08/08/2017 02:59:16,8926755,5,5,1472.0,201.0,1460.0,0.0,294.4,651.6109268574307,201.0,0.0,40.2,89.88993269549155,187.41412753010474,1.120227899163806,991861.6666666665,2275209.099710233,6971182.0,302.0,8616383.0,2154095.75,3250640.121358702,6971182.0,302.0,8622781.0,2155695.25,3475877.926481632,7283454.0,576.0,0,0,0,0,132,136,0.560113949581903,0.560113949581903,0.0,1460.0,152.0909090909091,437.91516405474124,191769.69090909092,0,0,0,1,0,0,0,0,1.0,167.3,294.4,40.2,132,0,0,0,0,0,0,5,1472,5,201,65535,137,2,20,1644899.0,0.0,1644899.0,1644899.0,6971182.0,0.0,6971182.0,6971182.0,BENIGN
180.149.136.194-10.42.0.42-80-55704-6,10.42.0.42,55704,180.149.136.194,80,6,08/08/2017 02:59:23,1722751,4,4,794.0,317.0,794.0,0.0,198.5,397.0,317.0,0.0,79.25,158.5,644.8987694681356,4.643735513721948,246107.28571428568,432181.8355745316,1200718.0,1179.0,1628864.0,542954.6666666666,571440.989870637,1200718.0,168737.0,1464527.0,488175.6666666666,764486.1506543682,1369461.0,3474.0,0,0,0,0,112,104,2.321867756860974,2.321867756860974,0.0,794.0,123.44444444444446,272.4376585161783,74222.27777777778,0,0,0,1,0,0,0,0,1.0,138.875,198.5,79.25,112,0,0,0,0,0,0,4,794,4,317,65535,127,1,20,0,0,0,0,0,0,0,0,BENIGN
10.42.0.42-123.125.29.220-45176-80-6,10.42.0.42,45176,123.125.29.220,80,6,08/08/2017 02:59:25,623042,3,3,1372.0,193.0,1372.0,0.0,457.3333333333333,792.1245693281664,193.0,0.0,64.33333333333333,111.42860195359776,2511.869183778943,9.630169394679653,124608.4,168390.00699061688,309902.0,620.0,312781.0,156390.5,220292.7537176382,312161.0,620.0,313140.0,156570.0,218556.80656982522,311113.0,2027.0,0,0,0,0,80,72,4.8150846973398265,4.8150846973398265,0.0,1372.0,223.57142857142856,511.4918888711261,261623.9523809524,0,0,0,1,0,0,0,0,1.0,260.8333333333333,457.3333333333333,64.33333333333333,80,0,0,0,0,0,0,3,1372,3,193,65535,136,1,20,0,0,0,0,0,0,0,0,BENIGN
10.42.0.42-123.125.29.220-45177-80-6,10.42.0.42,45177,123.125.29.220,80,6,08/08/2017 02:59:25,620427,4,4,1472.0,193.0,1460.0,0.0,368.0,728.0219776902343,193.0,0.0,48.25,96.5,2683.6356251420393,12.894345346027817,88632.42857142857,147632.93189625992,307618.0,124.0,314514.0,104838.0,180887.80650723807,313709.0,124.0,312809.0,104269.66666666666,177045.20172637646,308702.0,1299.0,0,0,0,0,100,104,6.447172673013909,6.447172673013909,0.0,1460.0,185.0,482.30799288421497,232620.99999999997,0,0,0,1,0,0,0,0,1.0,208.125,368.0,48.25,100,0,0,0,0,0,0,4,1472,4,193,65535,137,2,20,0,0,0,0,0,0,0,0,BENIGN
172.217.10.227-10.42.0.42-443-47063-6,172.217.10.227,443,10.42.0.42,47063,6,08/08/2017 02:57:56,89827301,1,3,0.0,31.0,0.0,0.0,0.0,0.0,31.0,0.0,10.333333333333332,17.8978583448784,0.34510666194902145,0.04452989186438987,2.9942433666666664E7,5.175713306956573E7,8.9706383E7,512.0,0,0,0,0,0,8.9706895E7,4.48534475E7,6.343162969634566E7,8.9706383E7,512.0,0,0,0,0,32,96,0.011132472966097467,0.0333974188982924,0.0,31.0,6.2,13.863621460498695,192.2,0,0,0,0,1,1,0,0,3.0,7.75,0.0,10.333333333333334,32,0,0,0,0,0,0,1,0,3,31,181,1775,0,32,120406.0,0.0,120406.0,120406.0,8.9706383E7,0.0,8.9706383E7,8.9706383E7,BENIGN
172.217.7.228-10.42.0.42-443-49653-6,10.42.0.42,49653,172.217.7.228,443,6,08/08/2017 02:57:20,66218897,26,29,5192.0,7031.0,1368.0,0.0,199.69230769230768,407.3291317085749,1418.0,0.0,242.44827586206895,399.3844894876987,184.5847719269622,0.8305786186683236,1226275.8703703703,5580493.281125623,3.5947158E7,1.0,6.6218897E7,2648755.88,8052775.009503041,3.5947158E7,120.0,6.6174041E7,2363358.607142857,7665461.059938005,3.6033248E7,1.0,0,0,0,0,840,936,0.3926371651886621,0.43794145347966157,0.0,1418.0,218.26785714285708,397.4399207231398,157958.49058441562,0,0,0,1,0,0,0,0,1.0,222.23636363636365,199.69230769230768,242.44827586206895,840,0,0,0,0,0,0,26,5192,29,7031,65535,217,10,32,170272.66666666666,52453.85040522129,230726.0,136813.0,2.1856699E7,1.221770096523904E7,3.5947158E7,1.4206126E7,BENIGN
163.177.151.166-10.42.0.42-443-58298-6,10.42.0.42,58298,163.177.151.166,443,6,08/08/2017 02:58:50,35600646,2,0,0.0,0.0,0.0,0.0,0.0,0.0,0,0,0,0,0.0,0.05617875585740776,3.5600646E7,0.0,3.5600646E7,3.5600646E7,3.5600646E7,3.5600646E7,0.0,3.5600646E7,3.5600646E7,0,0,0,0,0,0,0,0,0,40,0,0.05617875585740776,0.0,0.0,0.0,0.0,0.0,0.0,0,0,0,0,1,1,0,0,0.0,0.0,0.0,0.0,40,0,0,0,0,0,0,2,0,0,0,1369,-1,0,20,0,0,0,0,0,0,0,0,BENIGN
10.42.0.42-23.208.87.120-36944-80-6,10.42.0.42,36944,23.208.87.120,80,6,08/08/2017 02:59:16,10115861,3,1,0.0,0.0,0.0,0.0,0.0,0.0,0.0,0.0,0.0,0.0,0.0,0.3954186400940068,3371953.6666666665,5818136.660935727,1.0090148E7,2232.0,1.0115861E7,5057930.5,7116630.23731123,1.0090148E7,25713.0,0,0,0,0,0,0,0,0,0,104,40,0.2965639800705051,0.0988546600235017,0.0,0.0,0.0,0.0,0.0,0,0,0,1,0,0,0,0,0.0,0.0,0.0,0.0,104,0,0,0,0,0,0,3,0,1,0,65535,28960,0,32,0,0,0,0,0,0,0,0,BENIGN
10.42.0.42-23.208.87.120-36945-80-6,10.42.0.42,36945,23.208.87.120,80,6,08/08/2017 02:59:16,10115066,3,1,0.0,0.0,0.0,0.0,0.0,0.0,0.0,0.0,0.0,0.0,0.0,0.3954497182717344,3371688.6666666665,5816130.298832836,1.0087568E7,3990.0,1.0115066E7,5057533.0,7113543.716211352,1.0087568E7,27498.0,0,0,0,0,0,0,0,0,0,104,40,0.29658728870380086,0.0988624295679336,0.0,0.0,0.0,0.0,0.0,0,0,0,1,0,0,0,0,0.0,0.0,0.0,0.0,104,0,0,0,0,0,0,3,0,1,0,65535,28960,0,32,0,0,0,0,0,0,0,0,BENIGN
10.42.0.42-23.208.87.120-36946-80-6,10.42.0.42,36946,23.208.87.120,80,6,08/08/2017 02:59:16,10115187,3,1,0.0,0.0,0.0,0.0,0.0,0.0,0.0,0.0,0.0,0.0,0.0,0.39544498781881143,3371729.0,5816204.896080519,1.0087695E7,4264.0,1.0115187E7,5057593.5,7113637.761413249,1.0087695E7,27492.0,0,0,0,0,0,0,0,0,0,104,40,0.2965837408641086,0.09886124695470286,0.0,0.0,0.0,0.0,0.0,0,0,0,1,0,0,0,0,0.0,0.0,0.0,0.0,104,0,0,0,0,0,0,3,0,1,0,65535,28960,0,32,0,0,0,0,0,0,0,0,BENIGN
10.42.0.42-23.208.87.120-36947-80-6,10.42.0.42,36947,23.208.87.120,80,6,08/08/2017 02:59:16,10115472,3,1,0.0,0.0,0.0,0.0,0.0,0.0,0.0,0.0,0.0,0.0,0.0,0.39543384629011874,3371824.0,5816373.763475573,1.0087985E7,4266.0,1.0115472E7,5057736.0,7113846.357913699,1.0087985E7,27487.0,0,0,0,0,0,0,0,0,0,104,40,0.29657538471758904,0.09885846157252969,0.0,0.0,0.0,0.0,0.0,0,0,0,1,0,0,0,0,0.0,0.0,0.0,0.0,104,0,0,0,0,0,0,3,0,1,0,65535,28960,0,32,0,0,0,0,0,0,0,0,BENIGN
10.42.0.42-23.208.87.120-36949-80-6,10.42.0.42,36949,23.208.87.120,80,6,08/08/2017 02:59:16,10115614,3,1,0.0,0.0,0.0,0.0,0.0,0.0,0.0,0.0,0.0,0.0,0.0,0.39542829530664175,3371871.3333333335,5816455.344899102,1.0088126E7,3986.0,1.0115614E7,5057807.0,7113945.352863065,1.0088126E7,27488.0,0,0,0,0,0,0,0,0,0,104,40,0.29657122147998133,0.09885707382666044,0.0,0.0,0.0,0.0,0.0,0,0,0,1,0,0,0,0,0.0,0.0,0.0,0.0,104,0,0,0,0,0,0,3,0,1,0,65535,28960,0,32,0,0,0,0,0,0,0,0,BENIGN
10.42.0.42-23.208.87.120-36948-80-6,10.42.0.42,36948,23.208.87.120,80,6,08/08/2017 02:59:16,10115618,3,1,0.0,0.0,0.0,0.0,0.0,0.0,0.0,0.0,0.0,0.0,0.0,0.3954281389431669,3371872.6666666665,5816453.326692679,1.0088125E7,3987.0,1.0115618E7,5057809.0,7113941.110222378,1.0088125E7,27493.0,0,0,0,0,0,0,0,0,0,104,40,0.2965711042073752,0.09885703473579173,0.0,0.0,0.0,0.0,0.0,0,0,0,1,0,0,0,0,0.0,0.0,0.0,0.0,104,0,0,0,0,0,0,3,0,1,0,65535,28960,0,32,0,0,0,0,0,0,0,0,BENIGN
203.130.53.126-10.42.0.42-80-57638-6,10.42.0.42,57638,203.130.53.126,80,6,08/08/2017 02:59:16,10115563,3,1,0.0,0.0,0.0,0.0,0.0,0.0,0.0,0.0,0.0,0.0,0.0,0.3954302889517865,3371854.3333333335,5815085.398162811,1.0086528E7,5225.0,1.0115563E7,5057781.5,7111721.502036233,1.0086528E7,29035.0,0,0,0,0,0,0,0,0,0,80,32,0.29657271671383983,0.09885757223794663,0.0,0.0,0.0,0.0,0.0,0,0,0,1,0,0,0,0,0.0,0.0,0.0,0.0,80,0,0,0,0,0,0,3,0,1,0,65535,14600,0,20,0,0,0,0,0,0,0,0,BENIGN
203.130.53.126-10.42.0.42-80-57636-6,10.42.0.42,57636,203.130.53.126,80,6,08/08/2017 02:59:16,10116054,3,1,0.0,0.0,0.0,0.0,0.0,0.0,0.0,0.0,0.0,0.0,0.0,0.3954110960657189,3372018.0,5814843.300249114,1.0086412E7,5466.0,1.0116054E7,5058027.0,7111210.263833435,1.0086412E7,29642.0,0,0,0,0,0,0,0,0,0,80,32,0.29655832204928917,0.09885277401642972,0.0,0.0,0.0,0.0,0.0,0,0,0,1,0,0,0,0,0.0,0.0,0.0,0.0,80,0,0,0,0,0,0,3,0,1,0,65535,14600,0,20,0,0,0,0,0,0,0,0,BENIGN
10.42.0.42-23.208.87.120-36970-80-6,10.42.0.42,36970,23.208.87.120,80,6,08/08/2017 02:59:16,10100747,3,1,0.0,0.0,0.0,0.0,0.0,0.0,0.0,0.0,0.0,0.0,0.0,0.3960103148806717,3366915.6666666665,5809505.584775036,1.0075144E7,2332.0,1.0100747E7,5050373.5,7106098.588912238,1.0075144E7,25603.0,0,0,0,0,0,0,0,0,0,104,40,0.29700773616050374,0.09900257872016792,0.0,0.0,0.0,0.0,0.0,0,0,0,1,0,0,0,0,0.0,0.0,0.0,0.0,104,0,0,0,0,0,0,3,0,1,0,65535,28960,0,32,0,0,0,0,0,0,0,0,BENIGN
10.42.0.42-23.208.87.120-36971-80-6,10.42.0.42,36971,23.208.87.120,80,6,08/08/2017 02:59:16,10100748,3,1,0.0,0.0,0.0,0.0,0.0,0.0,0.0,0.0,0.0,0.0,0.0,0.3960102756746332,3366916.0,5809503.016037516,1.0075141E7,2159.0,1.0100748E7,5050374.0,7106093.63916477,1.0075141E7,25607.0,0,0,0,0,0,0,0,0,0,104,40,0.29700770675597493,0.0990025689186583,0.0,0.0,0.0,0.0,0.0,0,0,0,1,0,0,0,0,0.0,0.0,0.0,0.0,104,0,0,0,0,0,0,3,0,1,0,65535,28960,0,32,0,0,0,0,0,0,0,0,BENIGN
10.42.0.42-23.208.87.120-36945-80-6,23.208.87.120,80,10.42.0.42,36945,6,08/08/2017 02:59:26,240,2,0,0.0,0.0,0.0,0.0,0.0,0.0,0,0,0,0,0.0,8333.333333333334,240.0,0.0,240.0,240.0,240.0,240.0,0.0,240.0,240.0,0,0,0,0,0,0,0,0,0,64,0,8333.333333333334,0.0,0.0,0.0,0.0,0.0,0.0,0,0,0,0,1,0,0,0,0.0,0.0,0.0,0.0,64,0,0,0,0,0,0,2,0,0,0,905,-1,0,32,0,0,0,0,0,0,0,0,BENIGN
10.42.0.42-23.208.87.120-36946-80-6,23.208.87.120,80,10.42.0.42,36946,6,08/08/2017 02:59:26,247,2,0,0.0,0.0,0.0,0.0,0.0,0.0,0,0,0,0,0.0,8097.165991902834,247.0,0.0,247.0,247.0,247.0,247.0,0.0,247.0,247.0,0,0,0,0,0,0,0,0,0,64,0,8097.165991902834,0.0,0.0,0.0,0.0,0.0,0.0,0,0,0,0,1,0,0,0,0.0,0.0,0.0,0.0,64,0,0,0,0,0,0,2,0,0,0,905,-1,0,32,0,0,0,0,0,0,0,0,BENIGN
10.42.0.42-23.208.87.120-36949-80-6,23.208.87.120,80,10.42.0.42,36949,6,08/08/2017 02:59:26,2,2,0,0.0,0.0,0.0,0.0,0.0,0.0,0,0,0,0,0.0,1000000.0,2.0,0.0,2.0,2.0,2.0,2.0,0.0,2.0,2.0,0,0,0,0,0,0,0,0,0,64,0,1000000.0,0.0,0.0,0.0,0.0,0.0,0.0,0,0,0,0,1,0,0,0,0.0,0.0,0.0,0.0,64,0,0,0,0,0,0,2,0,0,0,905,-1,0,32,0,0,0,0,0,0,0,0,BENIGN
10.42.0.42-106.39.162.36-41747-80-6,10.42.0.42,41747,106.39.162.36,80,6,08/08/2017 02:59:20,6016291,2,0,0.0,0.0,0.0,0.0,0.0,0.0,0,0,0,0,0.0,0.3324307285003335,6016291.0,0.0,6016291.0,6016291.0,6016291.0,6016291.0,0.0,6016291.0,6016291.0,0,0,0,0,0,0,0,0,0,40,0,0.3324307285003335,0.0,0.0,0.0,0.0,0.0,0.0,0,0,0,0,1,1,0,0,0.0,0.0,0.0,0.0,40,0,0,0,0,0,0,2,0,0,0,1386,-1,0,20,0,0,0,0,0,0,0,0,BENIGN
10.42.0.42-106.39.162.36-41746-80-6,10.42.0.42,41746,106.39.162.36,80,6,08/08/2017 02:59:20,6016098,2,0,0.0,0.0,0.0,0.0,0.0,0.0,0,0,0,0,0.0,0.3324413930757112,6016098.0,0.0,6016098.0,6016098.0,6016098.0,6016098.0,0.0,6016098.0,6016098.0,0,0,0,0,0,0,0,0,0,40,0,0.3324413930757112,0.0,0.0,0.0,0.0,0.0,0.0,0,0,0,0,1,1,0,0,0.0,0.0,0.0,0.0,40,0,0,0,0,0,0,2,0,0,0,1386,-1,0,20,0,0,0,0,0,0,0,0,BENIGN
219.146.248.94-10.42.0.42-80-53098-6,10.42.0.42,53098,219.146.248.94,80,6,08/08/2017 02:59:16,10615797,3,1,0.0,0.0,0.0,0.0,0.0,0.0,0.0,0.0,0.0,0.0,0.0,0.37679695646026384,3538599.0,5764513.35519244,1.0193627E7,98987.0,1.0615797E7,5307898.5,6909463.506772758,1.0193627E7,422170.0,0,0,0,0,0,0,0,0,0,80,32,0.2825977173451979,0.09419923911506596,0.0,0.0,0.0,0.0,0.0,0,0,0,1,0,0,0,0,0.0,0.0,0.0,0.0,80,0,0,0,0,0,0,3,0,1,0,65535,14600,0,20,0,0,0,0,0,0,0,0,BENIGN
219.146.248.94-10.42.0.42-80-53095-6,10.42.0.42,53095,219.146.248.94,80,6,08/08/2017 02:59:16,10620273,3,1,0.0,0.0,0.0,0.0,0.0,0.0,0.0,0.0,0.0,0.0,0.0,0.37663815233374887,3540091.0,5763486.230754699,1.0193741E7,92934.0,1.0620273E7,5310136.5,6906459.717166278,1.0193741E7,426532.0,0,0,0,0,0,0,0,0,0,80,32,0.2824786142503117,0.09415953808343722,0.0,0.0,0.0,0.0,0.0,0,0,0,1,0,0,0,0,0.0,0.0,0.0,0.0,80,0,0,0,0,0,0,3,0,1,0,65535,14600,0,20,0,0,0,0,0,0,0,0,BENIGN
219.146.248.94-10.42.0.42-80-53096-6,10.42.0.42,53096,219.146.248.94,80,6,08/08/2017 02:59:16,10619814,3,1,0.0,0.0,0.0,0.0,0.0,0.0,0.0,0.0,0.0,0.0,0.0,0.3766544310474741,3539938.0,5763877.32477774,1.019374E7,80859.0,1.0619814E7,5309907.0,6906782.86496528,1.019374E7,426074.0,0,0,0,0,0,0,0,0,0,80,32,0.2824908232856056,0.09416360776186852,0.0,0.0,0.0,0.0,0.0,0,0,0,1,0,0,0,0,0.0,0.0,0.0,0.0,80,0,0,0,0,0,0,3,0,1,0,65535,14600,0,20,0,0,0,0,0,0,0,0,BENIGN
219.146.248.94-10.42.0.42-80-53097-6,10.42.0.42,53097,219.146.248.94,80,6,08/08/2017 02:59:16,10618829,3,1,0.0,0.0,0.0,0.0,0.0,0.0,0.0,0.0,0.0,0.0,0.0,0.37668936942105385,3539609.6666666665,5763704.251966554,1.0193001E7,73005.0,1.0618829E7,5309414.5,6906434.261322155,1.0193001E7,425828.0,0,0,0,0,0,0,0,0,0,80,32,0.2825170270657904,0.09417234235526346,0.0,0.0,0.0,0.0,0.0,0,0,0,1,0,0,0,0,0.0,0.0,0.0,0.0,80,0,0,0,0,0,0,3,0,1,0,65535,14600,0,20,0,0,0,0,0,0,0,0,BENIGN
222.73.28.96-10.42.0.42-80-37012-6,10.42.0.42,37012,222.73.28.96,80,6,08/08/2017 02:59:16,10613906,3,1,0.0,0.0,0.0,0.0,0.0,0.0,0.0,0.0,0.0,0.0,0.0,0.376864087547035,3537968.6666666665,5765186.276993687,1.0193041E7,69429.0,1.0613906E7,5306953.0,6909971.916548431,1.0193041E7,420865.0,0,0,0,0,0,0,0,0,0,80,32,0.2826480656602762,0.09421602188675875,0.0,0.0,0.0,0.0,0.0,0,0,0,1,0,0,0,0,0.0,0.0,0.0,0.0,80,0,0,0,0,0,0,3,0,1,0,65535,14600,0,20,0,0,0,0,0,0,0,0,BENIGN
222.73.28.96-10.42.0.42-80-37011-6,10.42.0.42,37011,222.73.28.96,80,6,08/08/2017 02:59:16,10614447,3,1,0.0,0.0,0.0,0.0,0.0,0.0,0.0,0.0,0.0,0.0,0.0,0.37684487943648876,3538149.0,5764865.562770393,1.0192729E7,65605.0,1.0614447E7,5307223.5,6909148.137148349,1.0192729E7,421718.0,0,0,0,0,0,0,0,0,0,80,32,0.2826336595773666,0.09421121985912219,0.0,0.0,0.0,0.0,0.0,0,0,0,1,0,0,0,0,0.0,0.0,0.0,0.0,80,0,0,0,0,0,0,3,0,1,0,65535,14600,0,20,0,0,0,0,0,0,0,0,BENIGN
222.73.28.96-10.42.0.42-80-37010-6,10.42.0.42,37010,222.73.28.96,80,6,08/08/2017 02:59:16,10614913,3,1,0.0,0.0,0.0,0.0,0.0,0.0,0.0,0.0,0.0,0.0,0.0,0.3768283357574386,3538304.3333333335,5764737.0594275445,1.0192729E7,65601.0,1.0614913E7,5307456.5,6908818.625388316,1.0192729E7,422184.0,0,0,0,0,0,0,0,0,0,80,32,0.28262125181807896,0.09420708393935966,0.0,0.0,0.0,0.0,0.0,0,0,0,1,0,0,0,0,0.0,0.0,0.0,0.0,80,0,0,0,0,0,0,3,0,1,0,65535,14600,0,20,0,0,0,0,0,0,0,0,BENIGN
222.73.28.96-10.42.0.42-80-37013-6,10.42.0.42,37013,222.73.28.96,80,6,08/08/2017 02:59:16,10613398,3,1,0.0,0.0,0.0,0.0,0.0,0.0,0.0,0.0,0.0,0.0,0.0,0.37688212578101754,3537799.3333333335,5764796.664515266,1.0192297E7,65202.0,1.0613398E7,5306699.0,6909278.951902868,1.0192297E7,421101.0,0,0,0,0,0,0,0,0,0,80,32,0.28266159433576316,0.09422053144525439,0.0,0.0,0.0,0.0,0.0,0,0,0,1,0,0,0,0,0.0,0.0,0.0,0.0,80,0,0,0,0,0,0,3,0,1,0,65535,14600,0,20,0,0,0,0,0,0,0,0,BENIGN
222.73.28.96-10.42.0.42-80-37015-6,10.42.0.42,37015,222.73.28.96,80,6,08/08/2017 02:59:16,10611656,3,1,0.0,0.0,0.0,0.0,0.0,0.0,0.0,0.0,0.0,0.0,0.0,0.37694399441519777,3537218.6666666665,5765236.6076053055,1.0192177E7,62769.0,1.0611656E7,5305828.0,6910341.02628821,1.0192177E7,419479.0,0,0,0,0,0,0,0,0,0,80,32,0.2827079958113983,0.09423599860379944,0.0,0.0,0.0,0.0,0.0,0,0,0,1,0,0,0,0,0.0,0.0,0.0,0.0,80,0,0,0,0,0,0,3,0,1,0,65535,14600,0,20,0,0,0,0,0,0,0,0,BENIGN
222.73.28.96-10.42.0.42-80-37014-6,10.42.0.42,37014,222.73.28.96,80,6,08/08/2017 02:59:16,10612438,3,1,0.0,0.0,0.0,0.0,0.0,0.0,0.0,0.0,0.0,0.0,0.0,0.37691621849757806,3537479.3333333335,5764173.215121952,1.0191092E7,59770.0,1.0612438E7,5306219.0,6908253.647070148,1.0191092E7,421346.0,0,0,0,0,0,0,0,0,0,80,32,0.28268716387318354,0.09422905462439451,0.0,0.0,0.0,0.0,0.0,0,0,0,1,0,0,0,0,0.0,0.0,0.0,0.0,80,0,0,0,0,0,0,3,0,1,0,65535,14600,0,20,0,0,0,0,0,0,0,0,BENIGN
180.149.136.194-10.42.0.42-80-55739-6,10.42.0.42,55739,180.149.136.194,80,6,08/08/2017 02:59:26,527199,3,3,721.0,317.0,721.0,0.0,240.33333333333334,416.2695440857202,317.0,0.0,105.66666666666667,183.02003533311137,1968.8959956297338,11.380901708842392,105439.8,139187.81061285504,257998.0,2172.0,267029.0,133514.5,184960.0420753088,264301.0,2728.0,269394.0,134697.0,187418.65235349443,267222.0,2172.0,0,0,0,0,80,72,5.690450854421196,5.690450854421196,0.0,721.0,148.28571428571428,278.80980033331815,77734.90476190475,0,0,0,1,0,0,0,0,1.0,173.0,240.33333333333334,105.66666666666667,80,0,0,0,0,0,0,3,721,3,317,65535,126,1,20,0,0,0,0,0,0,0,0,BENIGN
219.142.78.162-10.42.0.42-443-50093-6,10.42.0.42,50093,219.142.78.162,443,6,08/08/2017 02:59:16,10659803,6,7,835.0,3009.0,517.0,0.0,139.16666666666666,224.59244570258073,1460.0,0.0,429.8571428571429,648.8272570752631,360.6070393608587,1.2195347324898969,888316.9166666666,2765706.472590567,9663719.0,2.0,995846.0,199169.2,175710.17231566305,404473.0,1105.0,1.0403823E7,1733970.5,3908202.5729177217,9703582.0,2.0,0,0,0,0,140,152,0.5628621842261062,0.6566725482637906,0.0,1460.0,274.5714285714286,490.85964064403055,240943.18681318683,0,0,0,1,0,0,0,0,1.0,295.6923076923077,139.16666666666666,429.85714285714283,140,0,0,0,0,0,0,6,835,7,3009,65535,131,2,20,995846.0,0.0,995846.0,995846.0,9663719.0,0.0,9663719.0,9663719.0,BENIGN
219.142.78.162-10.42.0.42-443-50095-6,10.42.0.42,50095,219.142.78.162,443,6,08/08/2017 02:59:16,10658787,7,7,835.0,3009.0,517.0,0.0,119.2857142857143,211.6638170036897,1460.0,0.0,429.8571428571429,648.8272570752631,360.6414125734945,1.3134702851271913,819906.6923076924,2659567.8994510365,9664213.0,5.0,994569.0,165761.5,175497.47733543065,403195.0,123.0,1.0402472E7,1733745.3333333333,3907257.1388247623,9701413.0,5.0,0,0,0,0,160,152,0.6567351425635957,0.6567351425635957,0.0,1460.0,256.26666666666665,478.28749075166473,228758.92380952375,0,0,0,1,0,0,0,0,1.0,274.57142857142856,119.28571428571429,429.85714285714283,160,0,0,0,0,0,0,7,835,7,3009,65535,131,2,20,994569.0,0.0,994569.0,994569.0,9664213.0,0.0,9664213.0,9664213.0,BENIGN
10.42.0.42-123.125.115.164-52737-443-6,10.42.0.42,52737,123.125.115.164,443,6,08/08/2017 02:59:21,6019980,2,0,0.0,0.0,0.0,0.0,0.0,0.0,0,0,0,0,0.0,0.3322270173655062,6019980.0,0.0,6019980.0,6019980.0,6019980.0,6019980.0,0.0,6019980.0,6019980.0,0,0,0,0,0,0,0,0,0,40,0,0.3322270173655062,0.0,0.0,0.0,0.0,0.0,0.0,0,0,0,0,1,1,0,0,0.0,0.0,0.0,0.0,40,0,0,0,0,0,0,2,0,0,0,1643,-1,0,20,0,0,0,0,0,0,0,0,BENIGN
10.42.0.42-123.125.115.164-52740-443-6,10.42.0.42,52740,123.125.115.164,443,6,08/08/2017 02:59:21,6020190,2,0,0.0,0.0,0.0,0.0,0.0,0.0,0,0,0,0,0.0,0.3322154284167111,6020190.0,0.0,6020190.0,6020190.0,6020190.0,6020190.0,0.0,6020190.0,6020190.0,0,0,0,0,0,0,0,0,0,40,0,0.3322154284167111,0.0,0.0,0.0,0.0,0.0,0.0,0,0,0,0,1,1,0,0,0.0,0.0,0.0,0.0,40,0,0,0,0,0,0,2,0,0,0,1597,-1,0,20,0,0,0,0,0,0,0,0,BENIGN
10.42.0.42-123.125.115.164-52742-443-6,10.42.0.42,52742,123.125.115.164,443,6,08/08/2017 02:59:21,6090116,2,0,0.0,0.0,0.0,0.0,0.0,0.0,0,0,0,0,0.0,0.3284009697023833,6090116.0,0.0,6090116.0,6090116.0,6090116.0,6090116.0,0.0,6090116.0,6090116.0,0,0,0,0,0,0,0,0,0,40,0,0.3284009697023833,0.0,0.0,0.0,0.0,0.0,0.0,0,0,0,0,1,1,0,0,0.0,0.0,0.0,0.0,40,0,0,0,0,0,0,2,0,0,0,1643,-1,0,20,0,0,0,0,0,0,0,0,BENIGN
180.149.136.194-10.42.0.42-80-55745-6,10.42.0.42,55745,180.149.136.194,80,6,08/08/2017 02:59:26,1090223,3,3,636.0,317.0,636.0,0.0,212.0,367.194771204602,317.0,0.0,105.66666666666667,183.02003533311137,874.1330902026467,5.5034612184846585,218044.6,222304.88046554444,529254.0,1252.0,809280.0,404640.0,176230.80886156086,529254.0,280026.0,811449.0,405724.5,570327.5809677277,809007.0,2442.0,0,0,0,0,80,72,2.7517306092423293,2.7517306092423293,0.0,636.0,136.14285714285714,250.08027282683227,62540.14285714286,0,0,0,1,0,0,0,0,1.0,158.83333333333334,212.0,105.66666666666667,80,0,0,0,0,0,0,3,636,3,317,65535,124,1,20,0,0,0,0,0,0,0,0,BENIGN
10.42.0.42-123.125.115.164-52739-443-6,10.42.0.42,52739,123.125.115.164,443,6,08/08/2017 02:59:21,6179969,2,0,0.0,0.0,0.0,0.0,0.0,0.0,0,0,0,0,0.0,0.3236262188370201,6179969.0,0.0,6179969.0,6179969.0,6179969.0,6179969.0,0.0,6179969.0,6179969.0,0,0,0,0,0,0,0,0,0,40,0,0.3236262188370201,0.0,0.0,0.0,0.0,0.0,0.0,0,0,0,0,1,1,0,0,0.0,0.0,0.0,0.0,40,0,0,0,0,0,0,2,0,0,0,1643,-1,0,20,0,0,0,0,0,0,0,0,BENIGN
10.42.0.42-123.125.29.220-45178-80-6,10.42.0.42,45178,123.125.29.220,80,6,08/08/2017 02:59:25,2465950,5,5,1472.0,197.0,1460.0,0.0,294.4,651.6109268574307,197.0,0.0,39.4,88.10107831349171,676.8182647661146,4.055232263427888,273994.4444444445,433499.6685471949,1304195.0,314.0,2155825.0,538956.25,557052.1323373454,1306437.0,314.0,2156682.0,539170.5,647867.0474238265,1306381.0,1226.0,0,0,0,0,132,136,2.027616131713944,2.027616131713944,0.0,1460.0,151.72727272727272,437.87214821431405,191732.0181818182,0,0,0,1,0,0,0,0,1.0,166.9,294.4,39.4,132,0,0,0,0,0,0,5,1472,5,197,65535,137,2,20,0,0,0,0,0,0,0,0,BENIGN
174.35.73.164-10.42.0.42-80-60829-6,10.42.0.42,60829,174.35.73.164,80,6,08/08/2017 02:59:16,11276570,15,16,3480.0,5212.0,731.0,0.0,232.0,339.9768899709004,1448.0,0.0,325.75,386.88697746671875,770.8017597549609,2.749062879936009,375885.6666666666,1233818.708440541,6183701.0,4.0,5092869.0,363776.3571428571,800116.2950731798,2988878.0,132.0,1.1253577E7,750238.4666666666,1694854.9227228384,6186681.0,4.0,0,0,0,0,488,520,1.330191716098069,1.41887116383794,0.0,1448.0,271.625,359.5520286277392,129277.66129032259,0,0,0,1,0,0,0,0,1.0,280.38709677419354,232.0,325.75,488,0,0,0,0,0,0,15,3480,16,5212,65535,672,5,32,0,0,0,0,0,0,0,0,BENIGN
174.35.73.164-10.42.0.42-80-60860-6,10.42.0.42,60860,174.35.73.164,80,6,08/08/2017 02:59:21,6459941,6,7,643.0,3402.0,643.0,0.0,107.16666666666666,262.5036507682639,1448.0,0.0,486.0,544.6478984934517,626.1667095721153,2.0124022804542645,538328.4166666666,1774646.865245665,6169772.0,5.0,290169.0,58033.8,112240.7708709273,257375.0,122.0,6436880.0,1072813.3333333335,2500313.405925079,6173245.0,5.0,0,0,0,0,212,232,0.9288010525173528,1.0836012279369116,0.0,1448.0,288.92857142857144,453.8682398239373,205996.37912087908,0,0,0,1,0,0,0,0,1.0,311.15384615384613,107.16666666666667,486.0,212,0,0,0,0,0,0,6,643,7,3402,65535,674,1,32,0,0,0,0,0,0,0,0,BENIGN
174.35.73.93-10.42.0.42-80-48938-6,10.42.0.42,48938,174.35.73.93,80,6,08/08/2017 02:59:21,6963824,4,4,659.0,313.0,659.0,0.0,164.75,329.5,313.0,0.0,78.25,156.5,139.57848446485724,1.1487941108218702,994832.0000000001,2608084.874708388,6909369.0,196.0,54455.0,18151.666666666668,15598.279531196167,28355.0,196.0,6940719.0,2313573.0,3982884.1125293868,6912590.0,1906.0,0,0,0,0,136,136,0.5743970554109351,0.5743970554109351,0.0,659.0,108.0,231.10441363158773,53409.25,0,0,0,1,0,0,0,0,1.0,121.5,164.75,78.25,136,0,0,0,0,0,0,4,659,4,313,65535,674,1,32,0,0,0,0,0,0,0,0,BENIGN
174.35.73.93-10.42.0.42-80-48937-6,10.42.0.42,48937,174.35.73.93,80,6,08/08/2017 02:59:21,6965200,4,4,658.0,314.0,658.0,0.0,164.5,329.0,314.0,0.0,78.5,157.0,139.55091023947625,1.148567162464825,995028.5714285715,2608581.3709943867,6910693.0,195.0,54507.0,18169.0,15611.819977183954,28352.0,195.0,6942322.0,2314107.3333333335,3982682.804580015,6912894.0,3172.0,0,0,0,0,136,136,0.5742835812324125,0.5742835812324125,0.0,658.0,108.0,230.91773426915483,53323.0,0,0,0,1,0,0,0,0,1.0,121.5,164.5,78.5,136,0,0,0,0,0,0,4,658,4,314,65535,674,1,32,0,0,0,0,0,0,0,0,BENIGN
174.35.73.93-10.42.0.42-80-48939-6,10.42.0.42,48939,174.35.73.93,80,6,08/08/2017 02:59:21,6962764,4,4,666.0,314.0,666.0,0.0,166.5,333.0,314.0,0.0,78.5,157.0,140.7487026703763,1.148969001390827,994680.5714285715,2576906.9136596597,6838381.0,193.0,124383.0,41461.0,50535.60436959273,97824.0,193.0,6939701.0,2313233.6666666665,3928997.276490572,6850015.0,29646.0,0,0,0,0,136,136,0.5744845006954135,0.5744845006954135,0.0,666.0,108.88888888888889,233.30261702585145,54430.11111111111,0,0,0,1,0,0,0,0,1.0,122.5,166.5,78.5,136,0,0,0,0,0,0,4,666,4,314,65535,674,1,32,0,0,0,0,0,0,0,0,BENIGN
180.149.138.197-10.42.0.42-80-37914-6,10.42.0.42,37914,180.149.138.197,80,6,08/08/2017 02:59:17,10582480,3,1,0.0,0.0,0.0,0.0,0.0,0.0,0.0,0.0,0.0,0.0,0.0,0.377983232663799,3527493.3333333335,5889378.857165018,1.0326405E7,2008.0,1.058248E7,5291240.0,7120798.631786325,1.0326405E7,256075.0,0,0,0,0,0,0,0,0,0,80,32,0.28348742449784925,0.09449580816594975,0.0,0.0,0.0,0.0,0.0,0,0,0,1,0,0,0,0,0.0,0.0,0.0,0.0,80,0,0,0,0,0,0,3,0,1,0,65535,14600,0,20,0,0,0,0,0,0,0,0,BENIGN
180.149.136.194-10.42.0.42-80-55765-6,10.42.0.42,55765,180.149.136.194,80,6,08/08/2017 02:59:28,520970,3,3,794.0,317.0,794.0,0.0,264.6666666666667,458.41611373656286,317.0,0.0,105.66666666666667,183.02003533311137,2132.5604161468027,11.516977944987234,104194.0,140499.17696911964,258129.0,414.0,260908.0,130454.0,183904.33165099728,260494.0,414.0,262897.0,131448.5,183162.5766375326,260964.0,1933.0,0,0,0,0,80,72,5.758488972493617,5.758488972493617,0.0,794.0,158.71428571428572,304.02670622042086,92432.2380952381,0,0,0,1,0,0,0,0,1.0,185.16666666666666,264.6666666666667,105.66666666666667,80,0,0,0,0,0,0,3,794,3,317,65535,127,1,20,0,0,0,0,0,0,0,0,BENIGN
10.42.0.42-123.125.29.220-45203-80-6,10.42.0.42,45203,123.125.29.220,80,6,08/08/2017 02:59:28,622454,3,3,1458.0,193.0,1458.0,0.0,486.0,841.7766924784744,193.0,0.0,64.33333333333333,111.42860195359776,2652.4048363413203,9.639266516079903,124490.8,166888.8888473406,309201.0,2104.0,311149.0,155574.5,215046.02140123403,307635.0,3514.0,317052.0,158526.0,221214.11385352426,314948.0,2104.0,0,0,0,0,80,72,4.819633258039952,4.819633258039952,0.0,1458.0,235.8571428571429,543.6930594160118,295602.1428571429,0,0,0,1,0,0,0,0,1.0,275.1666666666667,486.0,64.33333333333333,80,0,0,0,0,0,0,3,1458,3,193,65535,137,1,20,0,0,0,0,0,0,0,0,BENIGN
10.42.0.42-123.125.29.220-45204-80-6,10.42.0.42,45204,123.125.29.220,80,6,08/08/2017 02:59:28,627554,3,3,1376.0,193.0,1376.0,0.0,458.6666666666667,794.433970404925,193.0,0.0,64.33333333333333,111.42860195359776,2500.18325116245,9.560930214770364,125510.8,169050.58805192012,312238.0,1867.0,313449.0,156724.5,218785.20206014847,311429.0,2020.0,318407.0,159203.5,222507.41215631447,316540.0,1867.0,0,0,0,0,80,72,4.780465107385182,4.780465107385182,0.0,1376.0,224.14285714285714,512.9887680938796,263157.4761904762,0,0,0,1,0,0,0,0,1.0,261.5,458.6666666666667,64.33333333333333,80,0,0,0,0,0,0,3,1376,3,193,65535,136,1,20,0,0,0,0,0,0,0,0,BENIGN
202.77.129.161-10.42.0.42-80-53913-6,10.42.0.42,53913,202.77.129.161,80,6,08/08/2017 02:59:28,583713,3,3,522.0,1375.0,522.0,0.0,174.0,301.37684051698466,1375.0,0.0,458.3333333333333,793.8566201357354,3249.88478927144,10.279024109451049,116742.6,133817.55770563142,281128.0,3637.0,257297.0,128648.5,165371.77002287906,245584.0,11713.0,341766.0,170883.0,177618.15236624886,296478.0,45288.0,0,0,0,0,80,72,5.139512054725524,5.139512054725524,0.0,1375.0,271.0,524.2489866466124,274837.0,0,0,0,1,0,0,0,0,1.0,316.1666666666667,174.0,458.3333333333333,80,0,0,0,0,0,0,3,522,3,1375,65535,123,1,20,0,0,0,0,0,0,0,0,BENIGN
202.77.129.161-10.42.0.42-80-53913-6,10.42.0.42,53913,202.77.129.161,80,6,08/08/2017 02:59:28,1888,2,0,0.0,0.0,0.0,0.0,0.0,0.0,0,0,0,0,0.0,1059.322033898305,1888.0,0.0,1888.0,1888.0,1888.0,1888.0,0.0,1888.0,1888.0,0,0,0,0,0,0,0,0,0,40,0,1059.322033898305,0.0,0.0,0.0,0.0,0.0,0.0,0,0,0,0,1,0,0,0,0.0,0.0,0.0,0.0,40,0,0,0,0,0,0,2,0,0,0,1415,-1,0,20,0,0,0,0,0,0,0,0,BENIGN
10.42.0.42-123.59.190.237-33502-80-6,10.42.0.42,33502,123.59.190.237,80,6,08/08/2017 02:59:18,10532733,3,1,0.0,0.0,0.0,0.0,0.0,0.0,0.0,0.0,0.0,0.0,0.0,0.37976847984279105,3510911.0,5845717.529529373,1.0259425E7,11824.0,1.0532733E7,5266366.5,7061251.048422262,1.0259425E7,273308.0,0,0,0,0,0,0,0,0,0,80,24,0.28482635988209326,0.09494211996069776,0.0,0.0,0.0,0.0,0.0,0,0,0,1,0,0,0,0,0.0,0.0,0.0,0.0,80,0,0,0,0,0,0,3,0,1,0,65535,8190,0,20,0,0,0,0,0,0,0,0,BENIGN
180.149.153.68-10.42.0.42-80-55241-6,10.42.0.42,55241,180.149.153.68,80,6,08/08/2017 02:59:18,10627161,3,1,0.0,0.0,0.0,0.0,0.0,0.0,0.0,0.0,0.0,0.0,0.0,0.37639403411691985,3542387.0,5919059.076687442,1.0375763E7,7421.0,1.0627161E7,5313580.5,7159007.146707741,1.0375763E7,251398.0,0,0,0,0,0,0,0,0,0,104,40,0.2822955255876899,0.09409850852922996,0.0,0.0,0.0,0.0,0.0,0,0,0,1,0,0,0,0,0.0,0.0,0.0,0.0,104,0,0,0,0,0,0,3,0,1,0,65535,14480,0,32,0,0,0,0,0,0,0,0,BENIGN
180.149.153.68-10.42.0.42-80-55244-6,10.42.0.42,55244,180.149.153.68,80,6,08/08/2017 02:59:18,10397795,3,1,0.0,0.0,0.0,0.0,0.0,0.0,0.0,0.0,0.0,0.0,0.0,0.3846969477663293,3465931.6666666665,5791622.7664257735,1.0152069E7,2157.0,1.0397795E7,5198897.5,7004842.312059887,1.0152069E7,245726.0,0,0,0,0,0,0,0,0,0,104,40,0.28852271082474695,0.09617423694158232,0.0,0.0,0.0,0.0,0.0,0,0,0,1,0,0,0,0,0.0,0.0,0.0,0.0,104,0,0,0,0,0,0,3,0,1,0,65535,14480,0,32,0,0,0,0,0,0,0,0,BENIGN
174.35.73.93-10.42.0.42-80-48937-6,174.35.73.93,80,10.42.0.42,48937,6,08/08/2017 02:59:28,823657,1,2,0.0,0.0,0.0,0.0,0.0,0.0,0.0,0.0,0.0,0.0,0.0,3.6422928476295353,411828.5,474773.4131988648,747544.0,76113.0,0,0,0,0,0,747544.0,747544.0,0.0,747544.0,747544.0,0,0,0,0,32,76,1.2140976158765118,2.4281952317530235,0.0,0.0,0.0,0.0,0.0,0,0,0,0,1,1,0,0,2.0,0.0,0.0,0.0,32,0,0,0,0,0,0,1,0,2,0,674,1386,0,32,0,0,0,0,0,0,0,0,BENIGN
174.35.73.93-10.42.0.42-80-48938-6,174.35.73.93,80,10.42.0.42,48938,6,08/08/2017 02:59:28,824932,1,2,0.0,0.0,0.0,0.0,0.0,0.0,0.0,0.0,0.0,0.0,0.0,3.6366633855881454,412466.0,474660.9832206561,748102.0,76830.0,0,0,0,0,0,748102.0,748102.0,0.0,748102.0,748102.0,0,0,0,0,32,76,1.2122211285293818,2.4244422570587636,0.0,0.0,0.0,0.0,0.0,0,0,0,0,1,1,0,0,2.0,0.0,0.0,0.0,32,0,0,0,0,0,0,1,0,2,0,674,1386,0,32,0,0,0,0,0,0,0,0,BENIGN
174.35.73.93-10.42.0.42-80-48939-6,174.35.73.93,80,10.42.0.42,48939,6,08/08/2017 02:59:28,824094,1,2,0.0,0.0,0.0,0.0,0.0,0.0,0.0,0.0,0.0,0.0,0.0,3.6403614150812893,412047.0,475086.66150293045,747984.0,76110.0,0,0,0,0,0,747984.0,747984.0,0.0,747984.0,747984.0,0,0,0,0,32,76,1.2134538050270964,2.426907610054193,0.0,0.0,0.0,0.0,0.0,0,0,0,0,1,1,0,0,2.0,0.0,0.0,0.0,32,0,0,0,0,0,0,1,0,2,0,674,1386,0,32,0,0,0,0,0,0,0,0,BENIGN
174.35.73.164-10.42.0.42-80-60829-6,174.35.73.164,80,10.42.0.42,60829,6,08/08/2017 02:59:28,824424,1,2,0.0,0.0,0.0,0.0,0.0,0.0,0.0,0.0,0.0,0.0,0.0,3.6389042531512907,412212.0,474863.2157600755,747991.0,76433.0,0,0,0,0,0,747991.0,747991.0,0.0,747991.0,747991.0,0,0,0,0,32,76,1.2129680843837636,2.425936168767527,0.0,0.0,0.0,0.0,0.0,0,0,0,0,1,1,0,0,2.0,0.0,0.0,0.0,32,0,0,0,0,0,0,1,0,2,0,672,1589,0,32,0,0,0,0,0,0,0,0,BENIGN
174.35.73.164-10.42.0.42-80-60860-6,174.35.73.164,80,10.42.0.42,60860,6,08/08/2017 02:59:28,824673,1,2,0.0,0.0,0.0,0.0,0.0,0.0,0.0,0.0,0.0,0.0,0.0,3.637805530191967,412336.5,475043.527989278,748243.0,76430.0,0,0,0,0,0,748243.0,748243.0,0.0,748243.0,748243.0,0,0,0,0,32,76,1.2126018433973222,2.4252036867946445,0.0,0.0,0.0,0.0,0.0,0,0,0,0,1,1,0,0,2.0,0.0,0.0,0.0,32,0,0,0,0,0,0,1,0,2,0,674,1476,0,32,0,0,0,0,0,0,0,0,BENIGN
10.42.0.42-106.11.94.21-52023-443-6,10.42.0.42,52023,106.11.94.21,443,6,08/08/2017 02:59:22,6732705,2,0,0.0,0.0,0.0,0.0,0.0,0.0,0,0,0,0,0.0,0.2970574234278793,6732705.0,0.0,6732705.0,6732705.0,6732705.0,6732705.0,0.0,6732705.0,6732705.0,0,0,0,0,0,0,0,0,0,40,0,0.2970574234278793,0.0,0.0,0.0,0.0,0.0,0.0,0,0,0,0,1,1,0,0,0.0,0.0,0.0,0.0,40,0,0,0,0,0,0,2,0,0,0,65535,-1,0,20,0,0,0,0,0,0,0,0,BENIGN
180.149.136.194-10.42.0.42-80-55767-6,10.42.0.42,55767,180.149.136.194,80,6,08/08/2017 02:59:28,963759,3,3,721.0,317.0,721.0,0.0,240.33333333333334,416.2695440857202,317.0,0.0,105.66666666666667,183.02003533311137,1077.0327436630942,6.225622795740429,192751.8,188812.54109486478,441448.0,2445.0,702999.0,351499.5,127206.38861511635,441448.0,261551.0,705403.0,352701.5,495337.49260933197,702958.0,2445.0,0,0,0,0,80,72,3.1128113978702143,3.1128113978702143,0.0,721.0,148.28571428571428,278.80980033331815,77734.90476190475,0,0,0,1,0,0,0,0,1.0,173.0,240.33333333333334,105.66666666666667,80,0,0,0,0,0,0,3,721,3,317,65535,126,1,20,0,0,0,0,0,0,0,0,BENIGN
180.149.136.194-10.42.0.42-80-55779-6,10.42.0.42,55779,180.149.136.194,80,6,08/08/2017 02:59:29,562325,3,3,721.0,317.0,721.0,0.0,240.33333333333334,416.2695440857202,317.0,0.0,105.66666666666667,183.02003533311137,1845.9076157026632,10.669986217934468,112465.0,151373.20989527836,278364.0,1047.0,281575.0,140787.5,197622.9103127975,280528.0,1047.0,284119.0,142059.5,197528.15800411848,281733.0,2386.0,0,0,0,0,80,72,5.334993108967234,5.334993108967234,0.0,721.0,148.28571428571428,278.80980033331815,77734.90476190475,0,0,0,1,0,0,0,0,1.0,173.0,240.33333333333334,105.66666666666667,80,0,0,0,0,0,0,3,721,3,317,65535,126,1,20,0,0,0,0,0,0,0,0,BENIGN
180.149.138.197-10.42.0.42-80-37914-6,180.149.138.197,80,10.42.0.42,37914,6,08/08/2017 02:59:28,1503409,2,1,0.0,0.0,0.0,0.0,0.0,0.0,0.0,0.0,0.0,0.0,0.0,1.9954649732707468,751704.5,1058492.8894954845,1500172.0,3237.0,1503409.0,1503409.0,0.0,1503409.0,1503409.0,0,0,0,0,0,0,0,0,0,40,20,1.3303099821804978,0.6651549910902489,0.0,0.0,0.0,0.0,0.0,0,0,0,0,1,1,0,0,0.0,0.0,0.0,0.0,40,0,0,0,0,0,0,2,0,1,0,115,1369,0,20,0,0,0,0,0,0,0,0,BENIGN
10.42.0.42-123.125.29.220-45238-80-6,10.42.0.42,45238,123.125.29.220,80,6,08/08/2017 02:59:29,624413,4,4,1472.0,193.0,1460.0,0.0,368.0,728.0219776902343,193.0,0.0,48.25,96.5,2666.504380914555,12.812033061451315,89201.85714285713,148798.71420527415,310914.0,4.0,317118.0,105706.0,180019.302567808,313567.0,258.0,313499.0,104499.66666666666,177338.54875444688,309258.0,4.0,0,0,0,0,100,104,6.406016530725657,6.406016530725657,0.0,1460.0,185.0,482.30799288421497,232620.99999999997,0,0,0,1,0,0,0,0,1.0,208.125,368.0,48.25,100,0,0,0,0,0,0,4,1472,4,193,65535,137,2,20,0,0,0,0,0,0,0,0,BENIGN
10.42.0.42-115.239.210.141-48168-443-6,10.42.0.42,48168,115.239.210.141,443,6,08/08/2017 02:59:22,7372268,2,0,0.0,0.0,0.0,0.0,0.0,0.0,0,0,0,0,0.0,0.2712869363946075,7372268.0,0.0,7372268.0,7372268.0,7372268.0,7372268.0,0.0,7372268.0,7372268.0,0,0,0,0,0,0,0,0,0,40,0,0.2712869363946075,0.0,0.0,0.0,0.0,0.0,0.0,0,0,0,0,1,1,0,0,0.0,0.0,0.0,0.0,40,0,0,0,0,0,0,2,0,0,0,1597,-1,0,20,0,0,0,0,0,0,0,0,BENIGN
10.42.0.42-123.125.29.220-45239-80-6,10.42.0.42,45239,123.125.29.220,80,6,08/08/2017 02:59:29,618959,3,3,1458.0,193.0,1458.0,0.0,486.0,841.7766924784744,193.0,0.0,64.33333333333333,111.42860195359776,2667.3818459704116,9.693695382085082,123791.8,166726.36869343734,309209.0,484.0,313490.0,156745.0,220986.4254699822,313006.0,484.0,309750.0,154875.0,216410.03038214287,307900.0,1850.0,0,0,0,0,80,72,4.846847691042541,4.846847691042541,0.0,1458.0,235.8571428571429,543.6930594160118,295602.1428571429,0,0,0,1,0,0,0,0,1.0,275.1666666666667,486.0,64.33333333333333,80,0,0,0,0,0,0,3,1458,3,193,65535,137,1,20,0,0,0,0,0,0,0,0,BENIGN
222.73.28.96-10.42.0.42-80-37158-6,10.42.0.42,37158,222.73.28.96,80,6,08/08/2017 02:59:29,707713,3,7,458.0,5684.0,458.0,0.0,152.66666666666666,264.4264232888486,1460.0,0.0,812.0,761.5563012673456,8678.659287027367,14.13002163306312,78634.7777777778,154918.5881380748,356935.0,2.0,349475.0,174737.5,246329.83961448926,348919.0,556.0,360956.0,60159.33333333333,146721.7908310373,359653.0,2.0,0,0,0,0,80,152,4.2390064899189355,9.891015143144184,0.0,1460.0,558.3636363636364,698.2485621506531,487551.0545454545,0,0,0,1,0,0,0,0,2.0,614.2,152.66666666666666,812.0,80,0,0,0,0,0,0,3,458,7,5684,65535,62,1,20,0,0,0,0,0,0,0,0,BENIGN
222.73.28.96-10.42.0.42-80-37158-6,10.42.0.42,37158,222.73.28.96,80,6,08/08/2017 02:59:30,9493,4,0,0.0,0.0,0.0,0.0,0.0,0.0,0,0,0,0,0.0,421.3631096597493,3164.3333333333335,4411.296899250076,8257.0,528.0,9493.0,3164.3333333333335,4411.296899250076,8257.0,528.0,0,0,0,0,0,0,0,0,0,80,0,421.3631096597493,0.0,0.0,0.0,0.0,0.0,0.0,0,0,0,0,1,0,0,0,0.0,0.0,0.0,0.0,80,0,0,0,0,0,0,4,0,0,0,1415,-1,0,20,0,0,0,0,0,0,0,0,BENIGN
10.42.0.42-123.125.29.220-45242-80-6,10.42.0.42,45242,123.125.29.220,80,6,08/08/2017 02:59:30,626517,4,4,1500.0,193.0,1460.0,0.0,375.0,723.5790673220631,193.0,0.0,48.25,96.5,2702.24112035268,12.769007066049285,89502.42857142857,148285.59637498754,310955.0,8.0,314032.0,104677.33333333334,179232.7253777427,311635.0,325.0,324500.0,108166.66666666666,186026.68372395757,322970.0,8.0,0,0,0,0,100,104,6.384503533024643,6.384503533024643,0.0,1460.0,188.11111111111111,481.14146683809236,231497.11111111112,0,0,0,1,0,0,0,0,1.0,211.625,375.0,48.25,100,0,0,0,0,0,0,4,1500,4,193,65535,137,2,20,0,0,0,0,0,0,0,0,BENIGN
180.149.136.194-10.42.0.42-80-55804-6,10.42.0.42,55804,180.149.136.194,80,6,08/08/2017 02:59:30,521098,3,3,721.0,317.0,721.0,0.0,240.33333333333334,416.2695440857202,317.0,0.0,105.66666666666667,183.02003533311137,1991.947771820272,11.514148970059376,104219.6,140619.18251718007,258381.0,833.0,260599.0,130299.5,183093.28017297632,259766.0,833.0,262717.0,131358.5,182428.59979866096,260355.0,2362.0,0,0,0,0,80,72,5.757074485029688,5.757074485029688,0.0,721.0,148.28571428571428,278.80980033331815,77734.90476190475,0,0,0,1,0,0,0,0,1.0,173.0,240.33333333333334,105.66666666666667,80,0,0,0,0,0,0,3,721,3,317,65535,126,1,20,0,0,0,0,0,0,0,0,BENIGN
180.149.136.194-10.42.0.42-80-55807-6,10.42.0.42,55807,180.149.136.194,80,6,08/08/2017 02:59:30,897976,3,3,636.0,317.0,636.0,0.0,212.0,367.194771204602,317.0,0.0,105.66666666666667,183.02003533311137,1061.275579748234,6.681693051930118,179595.2,169253.8209264417,377995.0,2016.0,637930.0,318965.0,83481.0265868838,377995.0,259935.0,640057.0,320028.5,449376.96604576876,637786.0,2271.0,0,0,0,0,80,72,3.340846525965059,3.340846525965059,0.0,636.0,136.14285714285714,250.08027282683227,62540.14285714286,0,0,0,1,0,0,0,0,1.0,158.83333333333334,212.0,105.66666666666667,80,0,0,0,0,0,0,3,636,3,317,65535,124,1,20,0,0,0,0,0,0,0,0,BENIGN
10.42.0.42-123.125.29.220-45243-80-6,10.42.0.42,45243,123.125.29.220,80,6,08/08/2017 02:59:30,1633218,4,4,1472.0,193.0,1460.0,0.0,368.0,728.0219776902343,193.0,0.0,48.25,96.5,1019.4597414429671,4.898305063990232,233316.85714285716,374364.33059851755,1017315.0,281.0,1322261.0,440753.6666666666,521982.6988802726,1017315.0,326.0,1331006.0,443668.6666666666,767040.0428076317,1329370.0,281.0,0,0,0,0,100,104,2.449152531995116,2.449152531995116,0.0,1460.0,185.0,482.30799288421497,232620.99999999997,0,0,0,1,0,0,0,0,1.0,208.125,368.0,48.25,100,0,0,0,0,0,0,4,1472,4,193,65535,137,2,20,0,0,0,0,0,0,0,0,BENIGN
10.42.0.42-52.221.28.15-45908-80-6,10.42.0.42,45908,52.221.28.15,80,6,08/08/2017 02:59:21,10775844,3,1,0.0,0.0,0.0,0.0,0.0,0.0,0.0,0.0,0.0,0.0,0.0,0.3712006224292037,3591948.0,5992482.198642646,1.0509828E7,2451.0,1.0775844E7,5387922.0,7243468.930400129,1.0509828E7,266016.0,0,0,0,0,0,0,0,0,0,104,40,0.2784004668219028,0.09280015560730093,0.0,0.0,0.0,0.0,0.0,0,0,0,1,0,0,0,0,0.0,0.0,0.0,0.0,104,0,0,0,0,0,0,3,0,1,0,65535,26847,0,32,0,0,0,0,0,0,0,0,BENIGN
10.42.0.42-52.221.28.15-45909-80-6,10.42.0.42,45909,52.221.28.15,80,6,08/08/2017 02:59:21,10708422,3,1,0.0,0.0,0.0,0.0,0.0,0.0,0.0,0.0,0.0,0.0,0.0,0.3735377630803119,3569474.0,5954289.784014799,1.0443248E7,2241.0,1.0708422E7,5354211.0,7196985.1448184885,1.0443248E7,265174.0,0,0,0,0,0,0,0,0,0,104,40,0.28015332231023393,0.09338444077007797,0.0,0.0,0.0,0.0,0.0,0,0,0,1,0,0,0,0,0.0,0.0,0.0,0.0,104,0,0,0,0,0,0,3,0,1,0,65535,26847,0,32,0,0,0,0,0,0,0,0,BENIGN
180.149.135.239-10.42.0.42-80-55996-6,10.42.0.42,55996,180.149.135.239,80,6,08/08/2017 02:59:21,10584157,4,2,0.0,0.0,0.0,0.0,0.0,0.0,0.0,0.0,0.0,0.0,0.0,0.5668850150276494,2116831.4,3932351.5410461207,9094130.0,2102.0,1.0584157E7,3528052.3333333335,4844111.114533433,9094130.0,265955.0,1239516.0,1239516.0,0.0,1239516.0,1239516.0,0,0,0,0,112,64,0.37792334335176625,0.18896167167588312,0.0,0.0,0.0,0.0,0.0,0,0,0,1,0,0,0,0,0.0,0.0,0.0,0.0,112,0,0,0,0,0,0,4,0,2,0,65535,14600,0,20,0,0,0,0,0,0,0,0,BENIGN
10.42.0.42-14.29.93.243-51598-80-6,10.42.0.42,51598,14.29.93.243,80,6,08/08/2017 02:59:22,10297973,3,1,0.0,0.0,0.0,0.0,0.0,0.0,0.0,0.0,0.0,0.0,0.0,0.3884259552826561,3432657.6666666665,5740439.299760457,1.0059891E7,7340.0,1.0297973E7,5148986.5,6945067.747419063,1.0059891E7,238082.0,0,0,0,0,0,0,0,0,0,80,24,0.2913194664619921,0.09710648882066403,0.0,0.0,0.0,0.0,0.0,0,0,0,1,0,0,0,0,0.0,0.0,0.0,0.0,80,0,0,0,0,0,0,3,0,1,0,65535,8190,0,20,0,0,0,0,0,0,0,0,BENIGN
10.42.0.42-115.239.210.141-44517-80-6,10.42.0.42,44517,115.239.210.141,80,6,08/08/2017 02:59:23,10440461,3,1,0.0,0.0,0.0,0.0,0.0,0.0,0.0,0.0,0.0,0.0,0.0,0.3831248447745746,3480153.6666666665,5740963.73780573,1.0106896E7,13880.0,1.0440461E7,5220230.5,6910788.624880701,1.0106896E7,333565.0,0,0,0,0,0,0,0,0,0,80,40,0.28734363358093096,0.09578121119364365,0.0,0.0,0.0,0.0,0.0,0,0,0,1,0,0,0,0,0.0,0.0,0.0,0.0,80,0,0,0,0,0,0,3,0,1,0,65535,8192,0,20,0,0,0,0,0,0,0,0,BENIGN
10.42.0.42-106.39.169.66-56783-443-6,10.42.0.42,56783,106.39.169.66,443,6,08/08/2017 02:59:32,995174,7,6,1497.0,3257.0,980.0,0.0,213.85714285714283,360.7817570089655,1460.0,0.0,542.8333333333334,688.2088103669312,4777.054062907592,13.063042241859213,82931.16666666666,116996.65830646099,243461.0,5.0,754641.0,125773.5,135155.79441925528,258259.0,1779.0,754441.0,150888.2,137711.77884516632,258654.0,5.0,0,0,0,0,160,132,7.033945822539576,6.029096419319637,0.0,1460.0,339.57142857142856,527.910789999411,278689.8021978022,0,0,0,1,0,0,0,0,0.0,365.6923076923077,213.85714285714286,542.8333333333334,160,0,0,0,0,0,0,7,1497,6,3257,65535,147,3,20,0,0,0,0,0,0,0,0,BENIGN
10.42.0.42-106.39.169.66-56783-443-6,10.42.0.42,56783,106.39.169.66,443,6,08/08/2017 02:59:33,1552,2,0,0.0,0.0,0.0,0.0,0.0,0.0,0,0,0,0,0.0,1288.659793814433,1552.0,0.0,1552.0,1552.0,1552.0,1552.0,0.0,1552.0,1552.0,0,0,0,0,0,0,0,0,0,40,0,1288.659793814433,0.0,0.0,0.0,0.0,0.0,0.0,0,0,0,0,1,0,0,0,0.0,0.0,0.0,0.0,40,0,0,0,0,0,0,2,0,0,0,1552,-1,0,20,0,0,0,0,0,0,0,0,BENIGN
180.149.136.194-10.42.0.42-80-55812-6,10.42.0.42,55812,180.149.136.194,80,6,08/08/2017 02:59:33,562672,3,3,721.0,317.0,721.0,0.0,240.33333333333334,416.2695440857202,317.0,0.0,105.66666666666667,183.02003533311137,1844.769243893423,10.663406034066028,112534.4,152015.58933477843,279293.0,471.0,281504.0,140752.0,198387.29274326016,281033.0,471.0,283850.0,141925.0,198060.60941035196,281975.0,1875.0,0,0,0,0,80,72,5.331703017033014,5.331703017033014,0.0,721.0,148.28571428571428,278.80980033331815,77734.90476190475,0,0,0,1,0,0,0,0,1.0,173.0,240.33333333333334,105.66666666666667,80,0,0,0,0,0,0,3,721,3,317,65535,126,1,20,0,0,0,0,0,0,0,0,BENIGN
180.149.136.247-10.42.0.42-80-34236-6,10.42.0.42,34236,180.149.136.247,80,6,08/08/2017 02:59:29,4963875,4,4,652.0,494.0,652.0,0.0,163.0,326.0,494.0,0.0,123.5,247.0,230.86802145501247,1.6116441288308025,709125.0,1157657.6309941555,3122450.0,1439.0,4687952.0,1562650.6666666665,1443404.1774642796,3122450.0,274140.0,4691500.0,1563833.3333333335,1710882.282882821,3394477.0,5335.0,0,0,0,0,112,104,0.8058220644154013,0.8058220644154013,0.0,652.0,127.33333333333334,255.73814733042857,65401.99999999999,0,0,0,1,0,0,0,0,1.0,143.25,163.0,123.5,112,0,0,0,0,0,0,4,652,4,494,65535,125,1,20,0,0,0,0,0,0,0,0,BENIGN
180.149.136.247-10.42.0.42-80-34235-6,10.42.0.42,34235,180.149.136.247,80,6,08/08/2017 02:59:29,4966965,4,4,621.0,494.0,621.0,0.0,155.25,310.5,494.0,0.0,123.5,247.0,224.48316023970372,1.6106415084463046,709566.4285714285,1209366.1872133487,3308055.0,2743.0,4689681.0,1563227.0,1567266.6160510152,3308055.0,274873.0,4694835.0,1564945.0,1833676.7523260473,3585604.0,6826.0,0,0,0,0,112,104,0.8053207542231523,0.8053207542231523,0.0,621.0,123.88888888888889,247.87620117936112,61442.6111111111,0,0,0,1,0,0,0,0,1.0,139.375,155.25,123.5,112,0,0,0,0,0,0,4,621,4,494,65535,124,1,20,0,0,0,0,0,0,0,0,BENIGN
180.149.136.247-10.42.0.42-80-34235-6,10.42.0.42,34235,180.149.136.247,80,6,08/08/2017 02:59:34,21732,2,0,0.0,0.0,0.0,0.0,0.0,0.0,0,0,0,0,0.0,92.03018590097551,21732.0,0.0,21732.0,21732.0,21732.0,21732.0,0.0,21732.0,21732.0,0,0,0,0,0,0,0,0,0,40,0,92.03018590097551,0.0,0.0,0.0,0.0,0.0,0.0,0,0,0,0,1,0,0,0,0.0,0.0,0.0,0.0,40,0,0,0,0,0,0,2,0,0,0,1386,-1,0,20,0,0,0,0,0,0,0,0,BENIGN
10.42.0.42-119.146.74.34-53330-80-6,10.42.0.42,53330,119.146.74.34,80,6,08/08/2017 02:59:24,10318379,5,3,0.0,0.0,0.0,0.0,0.0,0.0,0.0,0.0,0.0,0.0,0.0,0.7753155800925707,1474054.142857143,3709987.5610788073,9885463.0,2074.0,1.0318379E7,2579594.75,4870993.3499111775,9885463.0,94391.0,199404.0,99702.0,588.3128419472075,100118.0,99286.0,0,0,0,0,144,96,0.4845722375578567,0.290743342534714,0.0,0.0,0.0,0.0,0.0,0,0,0,1,0,0,0,0,0.0,0.0,0.0,0.0,144,0,0,0,0,0,0,5,0,3,0,65535,65535,0,20,0,0,0,0,0,0,0,0,BENIGN
10.42.0.42-119.146.74.34-53329-80-6,10.42.0.42,53329,119.146.74.34,80,6,08/08/2017 02:59:24,10319143,4,2,0.0,0.0,0.0,0.0,0.0,0.0,0.0,0.0,0.0,0.0,0.0,0.581443633449018,2063828.6,4426241.6308540255,9979986.0,2659.0,1.0319143E7,3439714.3333333335,5664414.474633926,9979986.0,104569.0,99756.0,99756.0,0.0,99756.0,99756.0,0,0,0,0,112,64,0.387629088966012,0.193814544483006,0.0,0.0,0.0,0.0,0.0,0,0,0,1,0,0,0,0,0.0,0.0,0.0,0.0,112,0,0,0,0,0,0,4,0,2,0,65535,65535,0,20,0,0,0,0,0,0,0,0,BENIGN
10.42.0.42-119.146.74.34-53328-80-6,10.42.0.42,53328,119.146.74.34,80,6,08/08/2017 02:59:24,10319809,5,3,0.0,0.0,0.0,0.0,0.0,0.0,0.0,0.0,0.0,0.0,0.0,0.7752081458096755,1474258.4285714286,3708753.047667228,9882781.0,1996.0,1.0319809E7,2579952.25,4868982.784810901,9882781.0,97352.0,199267.0,99633.5,412.2432534317572,99925.0,99342.0,0,0,0,0,144,96,0.4845050911310471,0.2907030546786283,0.0,0.0,0.0,0.0,0.0,0,0,0,1,0,0,0,0,0.0,0.0,0.0,0.0,144,0,0,0,0,0,0,5,0,3,0,65535,65535,0,20,0,0,0,0,0,0,0,0,BENIGN
10.42.0.42-119.146.74.34-53326-80-6,10.42.0.42,53326,119.146.74.34,80,6,08/08/2017 02:59:24,10321564,4,2,0.0,0.0,0.0,0.0,0.0,0.0,0.0,0.0,0.0,0.0,0.0,0.5813072514979318,2064312.8,4387702.518473729,9911139.0,2078.0,1.0321564E7,3440521.3333333335,5603844.25275938,9911139.0,167787.0,163574.0,163574.0,0.0,163574.0,163574.0,0,0,0,0,112,64,0.3875381676652879,0.19376908383264396,0.0,0.0,0.0,0.0,0.0,0,0,0,1,0,0,0,0,0.0,0.0,0.0,0.0,112,0,0,0,0,0,0,4,0,2,0,65535,65535,0,20,0,0,0,0,0,0,0,0,BENIGN
10.42.0.42-119.146.74.34-53327-80-6,10.42.0.42,53327,119.146.74.34,80,6,08/08/2017 02:59:24,10321247,4,2,0.0,0.0,0.0,0.0,0.0,0.0,0.0,0.0,0.0,0.0,0.0,0.581325105386975,2064249.4,4384285.504603778,9904855.0,2033.0,1.0321247E7,3440415.6666666665,5598484.54647187,9904855.0,172178.0,171292.0,171292.0,0.0,171292.0,171292.0,0,0,0,0,112,64,0.3875500702579834,0.1937750351289917,0.0,0.0,0.0,0.0,0.0,0,0,0,1,0,0,0,0,0.0,0.0,0.0,0.0,112,0,0,0,0,0,0,4,0,2,0,65535,65535,0,20,0,0,0,0,0,0,0,0,BENIGN
10.42.0.42-119.146.74.34-53331-80-6,10.42.0.42,53331,119.146.74.34,80,6,08/08/2017 02:59:24,10319494,5,3,0.0,0.0,0.0,0.0,0.0,0.0,0.0,0.0,0.0,0.0,0.0,0.7752318088464415,1474213.4285714284,3704785.5341361687,9873551.0,2093.0,1.0319494E7,2579873.5,4862944.223105211,9873551.0,99276.0,199453.0,99726.5,204.35385976291224,99871.0,99582.0,0,0,0,0,144,96,0.4845198805290259,0.29071192831741555,0.0,0.0,0.0,0.0,0.0,0,0,0,1,0,0,0,0,0.0,0.0,0.0,0.0,144,0,0,0,0,0,0,5,0,3,0,65535,65535,0,20,0,0,0,0,0,0,0,0,BENIGN
10.42.0.42-104.193.88.109-40582-80-6,10.42.0.42,40582,104.193.88.109,80,6,08/08/2017 02:59:24,10314071,3,1,0.0,0.0,0.0,0.0,0.0,0.0,0.0,0.0,0.0,0.0,0.0,0.38781970765956525,3438023.6666666665,5876418.958984317,1.022335E7,2820.0,1.0314071E7,5157035.5,7164850.677147466,1.022335E7,90721.0,0,0,0,0,0,0,0,0,0,104,40,0.2908647807446739,0.09695492691489131,0.0,0.0,0.0,0.0,0.0,0,0,0,1,0,0,0,0,0.0,0.0,0.0,0.0,104,0,0,0,0,0,0,3,0,1,0,65535,14480,0,32,0,0,0,0,0,0,0,0,BENIGN
10.42.0.42-104.193.88.109-40583-80-6,10.42.0.42,40583,104.193.88.109,80,6,08/08/2017 02:59:24,10314076,3,1,0.0,0.0,0.0,0.0,0.0,0.0,0.0,0.0,0.0,0.0,0.0,0.38781951965449935,3438025.3333333335,5876217.907478784,1.0223123E7,3356.0,1.0314076E7,5157038.0,7164526.115134901,1.0223123E7,90953.0,0,0,0,0,0,0,0,0,0,104,40,0.2908646397408745,0.09695487991362484,0.0,0.0,0.0,0.0,0.0,0,0,0,1,0,0,0,0,0.0,0.0,0.0,0.0,104,0,0,0,0,0,0,3,0,1,0,65535,14480,0,32,0,0,0,0,0,0,0,0,BENIGN
10.42.0.42-104.193.88.109-40581-80-6,10.42.0.42,40581,104.193.88.109,80,6,08/08/2017 02:59:24,10314509,3,1,0.0,0.0,0.0,0.0,0.0,0.0,0.0,0.0,0.0,0.0,0.0,0.3878032391071645,3438169.6666666665,5876041.593314017,1.0223061E7,3274.0,1.0314509E7,5157254.5,7164132.25665778,1.0223061E7,91448.0,0,0,0,0,0,0,0,0,0,104,40,0.29085242933037336,0.09695080977679113,0.0,0.0,0.0,0.0,0.0,0,0,0,1,0,0,0,0,0.0,0.0,0.0,0.0,104,0,0,0,0,0,0,3,0,1,0,65535,14480,0,32,0,0,0,0,0,0,0,0,BENIGN
10.42.0.42-104.193.88.109-40588-80-6,10.42.0.42,40588,104.193.88.109,80,6,08/08/2017 02:59:24,10313762,3,1,0.0,0.0,0.0,0.0,0.0,0.0,0.0,0.0,0.0,0.0,0.0,0.3878313267263681,3437920.6666666665,5876256.2392265815,1.022306E7,2918.0,1.0313762E7,5156881.0,7164659.051209765,1.022306E7,90702.0,0,0,0,0,0,0,0,0,0,104,40,0.29087349504477605,0.09695783168159203,0.0,0.0,0.0,0.0,0.0,0,0,0,1,0,0,0,0,0.0,0.0,0.0,0.0,104,0,0,0,0,0,0,3,0,1,0,65535,14480,0,32,0,0,0,0,0,0,0,0,BENIGN
10.42.0.42-104.193.88.109-40586-80-6,10.42.0.42,40586,104.193.88.109,80,6,08/08/2017 02:59:24,10314298,3,1,0.0,0.0,0.0,0.0,0.0,0.0,0.0,0.0,0.0,0.0,0.0,0.3878111724132849,3438099.3333333335,5876071.730078636,1.0223026E7,3250.0,1.0314298E7,5157149.0,7164231.958713927,1.0223026E7,91272.0,0,0,0,0,0,0,0,0,0,104,40,0.29085837930996367,0.09695279310332122,0.0,0.0,0.0,0.0,0.0,0,0,0,1,0,0,0,0,0.0,0.0,0.0,0.0,104,0,0,0,0,0,0,3,0,1,0,65535,14480,0,32,0,0,0,0,0,0,0,0,BENIGN
10.42.0.42-104.193.88.109-40584-80-6,10.42.0.42,40584,104.193.88.109,80,6,08/08/2017 02:59:24,10314486,3,1,0.0,0.0,0.0,0.0,0.0,0.0,0.0,0.0,0.0,0.0,0.0,0.38780410385936825,3438162.0,5876034.204934396,1.0223044E7,3175.0,1.0314486E7,5157243.0,7164124.478483187,1.0223044E7,91442.0,0,0,0,0,0,0,0,0,0,104,40,0.2908530778945262,0.09695102596484206,0.0,0.0,0.0,0.0,0.0,0,0,0,1,0,0,0,0,0.0,0.0,0.0,0.0,104,0,0,0,0,0,0,3,0,1,0,65535,14480,0,32,0,0,0,0,0,0,0,0,BENIGN
10.42.0.42-104.193.88.109-40589-80-6,10.42.0.42,40589,104.193.88.109,80,6,08/08/2017 02:59:24,10314135,3,1,0.0,0.0,0.0,0.0,0.0,0.0,0.0,0.0,0.0,0.0,0.0,0.3878173012084872,3438045.0,5876133.418403551,1.0223043E7,3172.0,1.0314135E7,5157067.5,7164371.258749821,1.0223043E7,91092.0,0,0,0,0,0,0,0,0,0,104,40,0.2908629759063654,0.0969543253021218,0.0,0.0,0.0,0.0,0.0,0,0,0,1,0,0,0,0,0.0,0.0,0.0,0.0,104,0,0,0,0,0,0,3,0,1,0,65535,14480,0,32,0,0,0,0,0,0,0,0,BENIGN
10.42.0.42-104.193.88.109-40585-80-6,10.42.0.42,40585,104.193.88.109,80,6,08/08/2017 02:59:24,10314486,3,1,0.0,0.0,0.0,0.0,0.0,0.0,0.0,0.0,0.0,0.0,0.0,0.38780410385936825,3438162.0,5876034.233898149,1.0223044E7,3171.0,1.0314486E7,5157243.0,7164124.478483187,1.0223044E7,91442.0,0,0,0,0,0,0,0,0,0,104,40,0.2908530778945262,0.09695102596484206,0.0,0.0,0.0,0.0,0.0,0,0,0,1,0,0,0,0,0.0,0.0,0.0,0.0,104,0,0,0,0,0,0,3,0,1,0,65535,14480,0,32,0,0,0,0,0,0,0,0,BENIGN
10.42.0.42-104.193.88.109-40590-80-6,10.42.0.42,40590,104.193.88.109,80,6,08/08/2017 02:59:24,10304632,3,1,0.0,0.0,0.0,0.0,0.0,0.0,0.0,0.0,0.0,0.0,0.0,0.388174948896768,3434877.3333333335,5867602.769260743,1.0210042E7,7045.0,1.0304632E7,5152316.0,7152704.703967025,1.0210042E7,94590.0,0,0,0,0,0,0,0,0,0,104,40,0.291131211672576,0.097043737224192,0.0,0.0,0.0,0.0,0.0,0,0,0,1,0,0,0,0,0.0,0.0,0.0,0.0,104,0,0,0,0,0,0,3,0,1,0,65535,14480,0,32,0,0,0,0,0,0,0,0,BENIGN
10.42.0.42-104.193.88.109-40591-80-6,10.42.0.42,40591,104.193.88.109,80,6,08/08/2017 02:59:24,10304920,3,1,0.0,0.0,0.0,0.0,0.0,0.0,0.0,0.0,0.0,0.0,0.0,0.38816410025502385,3434973.3333333335,5867771.735436233,1.0210331E7,6779.0,1.030492E7,5152460.0,7152909.764933568,1.0210331E7,94589.0,0,0,0,0,0,0,0,0,0,104,40,0.2911230751912679,0.09704102506375596,0.0,0.0,0.0,0.0,0.0,0,0,0,1,0,0,0,0,0.0,0.0,0.0,0.0,104,0,0,0,0,0,0,3,0,1,0,65535,14480,0,32,0,0,0,0,0,0,0,0,BENIGN
10.42.0.42-104.193.88.109-40594-80-6,10.42.0.42,40594,104.193.88.109,80,6,08/08/2017 02:59:24,10305077,3,1,0.0,0.0,0.0,0.0,0.0,0.0,0.0,0.0,0.0,0.0,0.0,0.3881581864939,3435025.6666666665,5867866.703839253,1.0210493E7,6777.0,1.0305077E7,5152538.5,7153027.851766027,1.0210493E7,94584.0,0,0,0,0,0,0,0,0,0,104,40,0.291118639870425,0.097039546623475,0.0,0.0,0.0,0.0,0.0,0,0,0,1,0,0,0,0,0.0,0.0,0.0,0.0,104,0,0,0,0,0,0,3,0,1,0,65535,14480,0,32,0,0,0,0,0,0,0,0,BENIGN
10.42.0.42-104.193.88.109-40592-80-6,10.42.0.42,40592,104.193.88.109,80,6,08/08/2017 02:59:24,10305084,3,1,0.0,0.0,0.0,0.0,0.0,0.0,0.0,0.0,0.0,0.0,0.0,0.38815792282721806,3435028.0,5867867.586470233,1.0210494E7,6486.0,1.0305084E7,5152542.0,7153024.316232121,1.0210494E7,94590.0,0,0,0,0,0,0,0,0,0,104,40,0.29111844212041355,0.09703948070680452,0.0,0.0,0.0,0.0,0.0,0,0,0,1,0,0,0,0,0.0,0.0,0.0,0.0,104,0,0,0,0,0,0,3,0,1,0,65535,14480,0,32,0,0,0,0,0,0,0,0,BENIGN
10.42.0.42-104.193.88.109-40593-80-6,10.42.0.42,40593,104.193.88.109,80,6,08/08/2017 02:59:24,10305083,3,1,0.0,0.0,0.0,0.0,0.0,0.0,0.0,0.0,0.0,0.0,0.0,0.38815796049386503,3435027.6666666665,5867869.923669605,1.0210494E7,6192.0,1.0305083E7,5152541.5,7153025.023338902,1.0210494E7,94589.0,0,0,0,0,0,0,0,0,0,104,40,0.2911184703703988,0.09703949012346626,0.0,0.0,0.0,0.0,0.0,0,0,0,1,0,0,0,0,0.0,0.0,0.0,0.0,104,0,0,0,0,0,0,3,0,1,0,65535,14480,0,32,0,0,0,0,0,0,0,0,BENIGN
10.42.0.42-106.39.162.36-41958-80-6,10.42.0.42,41958,106.39.162.36,80,6,08/08/2017 02:59:24,10305379,3,1,0.0,0.0,0.0,0.0,0.0,0.0,0.0,0.0,0.0,0.0,0.0,0.38814681148553587,3435126.3333333335,5729118.311404499,1.004899E7,4089.0,1.0305379E7,5152689.5,6924414.572554166,1.004899E7,256389.0,0,0,0,0,0,0,0,0,0,80,40,0.2911101086141519,0.09703670287138397,0.0,0.0,0.0,0.0,0.0,0,0,0,1,0,0,0,0,0.0,0.0,0.0,0.0,80,0,0,0,0,0,0,3,0,1,0,65535,8192,0,20,0,0,0,0,0,0,0,0,BENIGN
10.42.0.42-106.39.162.36-41960-80-6,10.42.0.42,41960,106.39.162.36,80,6,08/08/2017 02:59:24,10305497,3,1,0.0,0.0,0.0,0.0,0.0,0.0,0.0,0.0,0.0,0.0,0.0,0.38814236712698086,3435165.6666666665,5729062.771753363,1.0048967E7,4232.0,1.0305497E7,5152748.5,6924298.607042052,1.0048967E7,256530.0,0,0,0,0,0,0,0,0,0,80,40,0.29110677534523566,0.09703559178174521,0.0,0.0,0.0,0.0,0.0,0,0,0,1,0,0,0,0,0.0,0.0,0.0,0.0,80,0,0,0,0,0,0,3,0,1,0,65535,8192,0,20,0,0,0,0,0,0,0,0,BENIGN
10.42.0.42-106.39.162.36-41957-80-6,10.42.0.42,41957,106.39.162.36,80,6,08/08/2017 02:59:24,10305760,3,1,0.0,0.0,0.0,0.0,0.0,0.0,0.0,0.0,0.0,0.0,0.0,0.388132461846579,3435253.3333333335,5729215.957161358,1.0049222E7,3853.0,1.030576E7,5152880.0,6924473.262417005,1.0049222E7,256538.0,0,0,0,0,0,0,0,0,0,80,40,0.2910993463849343,0.09703311546164475,0.0,0.0,0.0,0.0,0.0,0,0,0,1,0,0,0,0,0.0,0.0,0.0,0.0,80,0,0,0,0,0,0,3,0,1,0,65535,8192,0,20,0,0,0,0,0,0,0,0,BENIGN
10.42.0.42-104.193.88.109-40582-80-6,104.193.88.109,80,10.42.0.42,40582,6,08/08/2017 02:59:34,5,2,0,0.0,0.0,0.0,0.0,0.0,0.0,0,0,0,0,0.0,399999.99999999994,5.0,0.0,5.0,5.0,5.0,5.0,0.0,5.0,5.0,0,0,0,0,0,0,0,0,0,64,0,399999.99999999994,0.0,0.0,0.0,0.0,0.0,0.0,0,0,0,0,1,0,0,0,0.0,0.0,0.0,0.0,64,0,0,0,0,0,0,2,0,0,0,3620,-1,0,32,0,0,0,0,0,0,0,0,BENIGN
10.42.0.42-104.193.88.109-40583-80-6,104.193.88.109,80,10.42.0.42,40583,6,08/08/2017 02:59:34,2,2,0,0.0,0.0,0.0,0.0,0.0,0.0,0,0,0,0,0.0,1000000.0,2.0,0.0,2.0,2.0,2.0,2.0,0.0,2.0,2.0,0,0,0,0,0,0,0,0,0,64,0,1000000.0,0.0,0.0,0.0,0.0,0.0,0.0,0,0,0,0,1,0,0,0,0.0,0.0,0.0,0.0,64,0,0,0,0,0,0,2,0,0,0,3620,-1,0,32,0,0,0,0,0,0,0,0,BENIGN
10.42.0.42-104.193.88.109-40588-80-6,104.193.88.109,80,10.42.0.42,40588,6,08/08/2017 02:59:34,5,2,0,0.0,0.0,0.0,0.0,0.0,0.0,0,0,0,0,0.0,399999.99999999994,5.0,0.0,5.0,5.0,5.0,5.0,0.0,5.0,5.0,0,0,0,0,0,0,0,0,0,64,0,399999.99999999994,0.0,0.0,0.0,0.0,0.0,0.0,0,0,0,0,1,0,0,0,0.0,0.0,0.0,0.0,64,0,0,0,0,0,0,2,0,0,0,3620,-1,0,32,0,0,0,0,0,0,0,0,BENIGN
10.42.0.42-104.193.88.109-40581-80-6,104.193.88.109,80,10.42.0.42,40581,6,08/08/2017 02:59:34,4,2,0,0.0,0.0,0.0,0.0,0.0,0.0,0,0,0,0,0.0,500000.0,4.0,0.0,4.0,4.0,4.0,4.0,0.0,4.0,4.0,0,0,0,0,0,0,0,0,0,64,0,500000.0,0.0,0.0,0.0,0.0,0.0,0.0,0,0,0,0,1,0,0,0,0.0,0.0,0.0,0.0,64,0,0,0,0,0,0,2,0,0,0,3620,-1,0,32,0,0,0,0,0,0,0,0,BENIGN
10.42.0.42-104.193.88.109-40586-80-6,104.193.88.109,80,10.42.0.42,40586,6,08/08/2017 02:59:34,4,2,0,0.0,0.0,0.0,0.0,0.0,0.0,0,0,0,0,0.0,500000.0,4.0,0.0,4.0,4.0,4.0,4.0,0.0,4.0,4.0,0,0,0,0,0,0,0,0,0,64,0,500000.0,0.0,0.0,0.0,0.0,0.0,0.0,0,0,0,0,1,0,0,0,0.0,0.0,0.0,0.0,64,0,0,0,0,0,0,2,0,0,0,3620,-1,0,32,0,0,0,0,0,0,0,0,BENIGN
10.42.0.42-104.193.88.109-40590-80-6,104.193.88.109,80,10.42.0.42,40590,6,08/08/2017 02:59:34,4,2,0,0.0,0.0,0.0,0.0,0.0,0.0,0,0,0,0,0.0,500000.0,4.0,0.0,4.0,4.0,4.0,4.0,0.0,4.0,4.0,0,0,0,0,0,0,0,0,0,64,0,500000.0,0.0,0.0,0.0,0.0,0.0,0.0,0,0,0,0,1,0,0,0,0.0,0.0,0.0,0.0,64,0,0,0,0,0,0,2,0,0,0,3620,-1,0,32,0,0,0,0,0,0,0,0,BENIGN
10.42.0.42-104.193.88.109-40589-80-6,104.193.88.109,80,10.42.0.42,40589,6,08/08/2017 02:59:34,4,2,0,0.0,0.0,0.0,0.0,0.0,0.0,0,0,0,0,0.0,500000.0,4.0,0.0,4.0,4.0,4.0,4.0,0.0,4.0,4.0,0,0,0,0,0,0,0,0,0,64,0,500000.0,0.0,0.0,0.0,0.0,0.0,0.0,0,0,0,0,1,0,0,0,0.0,0.0,0.0,0.0,64,0,0,0,0,0,0,2,0,0,0,3620,-1,0,32,0,0,0,0,0,0,0,0,BENIGN
10.42.0.42-104.193.88.109-40591-80-6,104.193.88.109,80,10.42.0.42,40591,6,08/08/2017 02:59:34,2,2,0,0.0,0.0,0.0,0.0,0.0,0.0,0,0,0,0,0.0,1000000.0,2.0,0.0,2.0,2.0,2.0,2.0,0.0,2.0,2.0,0,0,0,0,0,0,0,0,0,64,0,1000000.0,0.0,0.0,0.0,0.0,0.0,0.0,0,0,0,0,1,0,0,0,0.0,0.0,0.0,0.0,64,0,0,0,0,0,0,2,0,0,0,3620,-1,0,32,0,0,0,0,0,0,0,0,BENIGN
10.42.0.42-104.193.88.109-40584-80-6,104.193.88.109,80,10.42.0.42,40584,6,08/08/2017 02:59:34,4,2,0,0.0,0.0,0.0,0.0,0.0,0.0,0,0,0,0,0.0,500000.0,4.0,0.0,4.0,4.0,4.0,4.0,0.0,4.0,4.0,0,0,0,0,0,0,0,0,0,64,0,500000.0,0.0,0.0,0.0,0.0,0.0,0.0,0,0,0,0,1,0,0,0,0.0,0.0,0.0,0.0,64,0,0,0,0,0,0,2,0,0,0,3620,-1,0,32,0,0,0,0,0,0,0,0,BENIGN
10.42.0.42-104.193.88.109-40594-80-6,104.193.88.109,80,10.42.0.42,40594,6,08/08/2017 02:59:34,2,2,0,0.0,0.0,0.0,0.0,0.0,0.0,0,0,0,0,0.0,1000000.0,2.0,0.0,2.0,2.0,2.0,2.0,0.0,2.0,2.0,0,0,0,0,0,0,0,0,0,64,0,1000000.0,0.0,0.0,0.0,0.0,0.0,0.0,0,0,0,0,1,0,0,0,0.0,0.0,0.0,0.0,64,0,0,0,0,0,0,2,0,0,0,3620,-1,0,32,0,0,0,0,0,0,0,0,BENIGN
10.42.0.42-104.193.88.109-40585-80-6,104.193.88.109,80,10.42.0.42,40585,6,08/08/2017 02:59:34,1,2,0,0.0,0.0,0.0,0.0,0.0,0.0,0,0,0,0,0.0,2000000.0,1.0,0.0,1.0,1.0,1.0,1.0,0.0,1.0,1.0,0,0,0,0,0,0,0,0,0,64,0,2000000.0,0.0,0.0,0.0,0.0,0.0,0.0,0,0,0,0,1,0,0,0,0.0,0.0,0.0,0.0,64,0,0,0,0,0,0,2,0,0,0,3620,-1,0,32,0,0,0,0,0,0,0,0,BENIGN
10.42.0.42-104.193.88.109-40592-80-6,104.193.88.109,80,10.42.0.42,40592,6,08/08/2017 02:59:34,5,2,0,0.0,0.0,0.0,0.0,0.0,0.0,0,0,0,0,0.0,399999.99999999994,5.0,0.0,5.0,5.0,5.0,5.0,0.0,5.0,5.0,0,0,0,0,0,0,0,0,0,64,0,399999.99999999994,0.0,0.0,0.0,0.0,0.0,0.0,0,0,0,0,1,0,0,0,0.0,0.0,0.0,0.0,64,0,0,0,0,0,0,2,0,0,0,3620,-1,0,32,0,0,0,0,0,0,0,0,BENIGN
10.42.0.42-104.193.88.109-40593-80-6,104.193.88.109,80,10.42.0.42,40593,6,08/08/2017 02:59:34,2,2,0,0.0,0.0,0.0,0.0,0.0,0.0,0,0,0,0,0.0,1000000.0,2.0,0.0,2.0,2.0,2.0,2.0,0.0,2.0,2.0,0,0,0,0,0,0,0,0,0,64,0,1000000.0,0.0,0.0,0.0,0.0,0.0,0.0,0,0,0,0,1,0,0,0,0.0,0.0,0.0,0.0,64,0,0,0,0,0,0,2,0,0,0,3620,-1,0,32,0,0,0,0,0,0,0,0,BENIGN
10.42.0.42-119.146.74.34-53330-80-6,119.146.74.34,80,10.42.0.42,53330,6,08/08/2017 02:59:34,7,2,0,0.0,0.0,0.0,0.0,0.0,0.0,0,0,0,0,0.0,285714.28571428574,7.0,0.0,7.0,7.0,7.0,7.0,0.0,7.0,7.0,0,0,0,0,0,0,0,0,0,40,0,285714.28571428574,0.0,0.0,0.0,0.0,0.0,0.0,0,0,0,0,1,0,0,0,0.0,0.0,0.0,0.0,40,0,0,0,0,0,0,2,0,0,0,4380,-1,0,20,0,0,0,0,0,0,0,0,BENIGN
10.42.0.42-119.146.74.34-53329-80-6,119.146.74.34,80,10.42.0.42,53329,6,08/08/2017 02:59:34,5,2,0,0.0,0.0,0.0,0.0,0.0,0.0,0,0,0,0,0.0,399999.99999999994,5.0,0.0,5.0,5.0,5.0,5.0,0.0,5.0,5.0,0,0,0,0,0,0,0,0,0,40,0,399999.99999999994,0.0,0.0,0.0,0.0,0.0,0.0,0,0,0,0,1,0,0,0,0.0,0.0,0.0,0.0,40,0,0,0,0,0,0,2,0,0,0,4380,-1,0,20,0,0,0,0,0,0,0,0,BENIGN
10.42.0.42-119.146.74.34-53326-80-6,119.146.74.34,80,10.42.0.42,53326,6,08/08/2017 02:59:34,4,2,0,0.0,0.0,0.0,0.0,0.0,0.0,0,0,0,0,0.0,500000.0,4.0,0.0,4.0,4.0,4.0,4.0,0.0,4.0,4.0,0,0,0,0,0,0,0,0,0,40,0,500000.0,0.0,0.0,0.0,0.0,0.0,0.0,0,0,0,0,1,0,0,0,0.0,0.0,0.0,0.0,40,0,0,0,0,0,0,2,0,0,0,4380,-1,0,20,0,0,0,0,0,0,0,0,BENIGN
10.42.0.42-119.146.74.34-53327-80-6,119.146.74.34,80,10.42.0.42,53327,6,08/08/2017 02:59:34,5,2,0,0.0,0.0,0.0,0.0,0.0,0.0,0,0,0,0,0.0,399999.99999999994,5.0,0.0,5.0,5.0,5.0,5.0,0.0,5.0,5.0,0,0,0,0,0,0,0,0,0,40,0,399999.99999999994,0.0,0.0,0.0,0.0,0.0,0.0,0,0,0,0,1,0,0,0,0.0,0.0,0.0,0.0,40,0,0,0,0,0,0,2,0,0,0,4380,-1,0,20,0,0,0,0,0,0,0,0,BENIGN
10.42.0.42-119.146.74.34-53331-80-6,119.146.74.34,80,10.42.0.42,53331,6,08/08/2017 02:59:34,4,2,0,0.0,0.0,0.0,0.0,0.0,0.0,0,0,0,0,0.0,500000.0,4.0,0.0,4.0,4.0,4.0,4.0,0.0,4.0,4.0,0,0,0,0,0,0,0,0,0,40,0,500000.0,0.0,0.0,0.0,0.0,0.0,0.0,0,0,0,0,1,0,0,0,0.0,0.0,0.0,0.0,40,0,0,0,0,0,0,2,0,0,0,4380,-1,0,20,0,0,0,0,0,0,0,0,BENIGN
192.229.173.173-10.42.0.42-80-56016-6,10.42.0.42,56016,192.229.173.173,80,6,08/08/2017 02:59:24,10088826,3,1,0.0,0.0,0.0,0.0,0.0,0.0,0.0,0.0,0.0,0.0,0.0,0.39647824236437423,3362942.0,5799948.363481437,1.0060136E7,4577.0,1.0088826E7,5044413.0,7093303.4917066675,1.0060136E7,28690.0,0,0,0,0,0,0,0,0,0,104,40,0.2973586817732807,0.09911956059109356,0.0,0.0,0.0,0.0,0.0,0,0,0,1,0,0,0,0,0.0,0.0,0.0,0.0,104,0,0,0,0,0,0,3,0,1,0,65535,65535,0,32,0,0,0,0,0,0,0,0,BENIGN
192.229.173.173-10.42.0.42-80-56017-6,10.42.0.42,56017,192.229.173.173,80,6,08/08/2017 02:59:24,10071371,3,1,0.0,0.0,0.0,0.0,0.0,0.0,0.0,0.0,0.0,0.0,0.0,0.39716539088868835,3357123.6666666665,5792139.877824199,1.0045299E7,2201.0,1.0071371E7,5035685.5,7084663.353947349,1.0045299E7,26072.0,0,0,0,0,0,0,0,0,0,104,40,0.2978740431665163,0.09929134772217209,0.0,0.0,0.0,0.0,0.0,0,0,0,1,0,0,0,0,0.0,0.0,0.0,0.0,104,0,0,0,0,0,0,3,0,1,0,65535,65535,0,32,0,0,0,0,0,0,0,0,BENIGN
10.42.0.42-119.146.74.34-53328-80-6,119.146.74.34,80,10.42.0.42,53328,6,08/08/2017 02:59:34,199745,2,0,0.0,0.0,0.0,0.0,0.0,0.0,0,0,0,0,0.0,10.012766277003179,199745.0,0.0,199745.0,199745.0,199745.0,199745.0,0.0,199745.0,199745.0,0,0,0,0,0,0,0,0,0,40,0,10.012766277003179,0.0,0.0,0.0,0.0,0.0,0.0,0,0,0,0,1,0,0,0,0.0,0.0,0.0,0.0,40,0,0,0,0,0,0,2,0,0,0,4380,-1,0,20,0,0,0,0,0,0,0,0,BENIGN
10.42.0.42-106.11.135.2-53115-80-6,10.42.0.42,53115,106.11.135.2,80,6,08/08/2017 02:59:29,5335841,12,21,1181.0,24963.0,1181.0,0.0,98.41666666666666,340.925333956474,1452.0,0.0,1188.7142857142856,557.2752589929992,4899.696224081639,6.184592082110393,166745.03125,806909.7265555988,4570873.0,1.0,5088975.0,462634.09090909094,1366452.0913090552,4570873.0,1.0,5092369.0,254618.45000000004,1077435.232845184,4825998.0,1.0,0,0,0,0,260,440,2.24894257531287,3.9356495067975223,0.0,1452.0,768.9411764705881,721.4579490119389,520501.5721925134,0,0,0,1,0,0,0,0,1.0,792.2424242424242,98.41666666666667,1188.7142857142858,260,0,0,0,0,0,0,12,1181,21,24963,65535,10499,1,20,0,0,0,0,0,0,0,0,BENIGN
10.42.0.42-106.11.135.2-53115-80-6,10.42.0.42,53115,106.11.135.2,80,6,08/08/2017 02:59:34,11268,5,0,0.0,0.0,0.0,0.0,0.0,0.0,0,0,0,0,0.0,443.7344692935747,2817.0,3739.2879892656924,8409.0,729.0,11268.0,2817.0,3739.2879892656924,8409.0,729.0,0,0,0,0,0,0,0,0,0,100,0,443.7344692935747,0.0,0.0,0.0,0.0,0.0,0.0,0,0,0,0,1,0,0,0,0.0,0.0,0.0,0.0,100,0,0,0,0,0,0,5,0,0,0,65535,-1,0,20,0,0,0,0,0,0,0,0,BENIGN
174.35.73.164-10.42.0.42-80-60899-6,10.42.0.42,60899,174.35.73.164,80,6,08/08/2017 02:59:24,10099365,3,1,0.0,0.0,0.0,0.0,0.0,0.0,0.0,0.0,0.0,0.0,0.0,0.39606450504561425,3366455.0,5809194.9866710445,1.0074325E7,2203.0,1.0099365E7,5049682.5,7105917.569576254,1.0074325E7,25040.0,0,0,0,0,0,0,0,0,0,104,40,0.2970483787842107,0.09901612626140356,0.0,0.0,0.0,0.0,0.0,0,0,0,1,0,0,0,0,0.0,0.0,0.0,0.0,104,0,0,0,0,0,0,3,0,1,0,65535,65535,0,32,0,0,0,0,0,0,0,0,BENIGN
174.35.73.164-10.42.0.42-80-60900-6,10.42.0.42,60900,174.35.73.164,80,6,08/08/2017 02:59:24,10099612,3,1,0.0,0.0,0.0,0.0,0.0,0.0,0.0,0.0,0.0,0.0,0.0,0.3960548187395714,3366537.3333333335,5809236.865340949,1.0074455E7,1930.0,1.0099612E7,5049806.0,7105926.76196441,1.0074455E7,25157.0,0,0,0,0,0,0,0,0,0,104,40,0.29704111405467853,0.09901370468489284,0.0,0.0,0.0,0.0,0.0,0,0,0,1,0,0,0,0,0.0,0.0,0.0,0.0,104,0,0,0,0,0,0,3,0,1,0,65535,65535,0,32,0,0,0,0,0,0,0,0,BENIGN
174.35.73.164-10.42.0.42-80-60899-6,174.35.73.164,80,10.42.0.42,60899,6,08/08/2017 02:59:34,5,2,0,0.0,0.0,0.0,0.0,0.0,0.0,0,0,0,0,0.0,399999.99999999994,5.0,0.0,5.0,5.0,5.0,5.0,0.0,5.0,5.0,0,0,0,0,0,0,0,0,0,64,0,399999.99999999994,0.0,0.0,0.0,0.0,0.0,0.0,0,0,0,0,1,0,0,0,0.0,0.0,0.0,0.0,64,0,0,0,0,0,0,2,0,0,0,679,-1,0,32,0,0,0,0,0,0,0,0,BENIGN
174.35.73.164-10.42.0.42-80-60900-6,174.35.73.164,80,10.42.0.42,60900,6,08/08/2017 02:59:34,4,2,0,0.0,0.0,0.0,0.0,0.0,0.0,0,0,0,0,0.0,500000.0,4.0,0.0,4.0,4.0,4.0,4.0,0.0,4.0,4.0,0,0,0,0,0,0,0,0,0,64,0,500000.0,0.0,0.0,0.0,0.0,0.0,0.0,0,0,0,0,1,0,0,0,0.0,0.0,0.0,0.0,64,0,0,0,0,0,0,2,0,0,0,679,-1,0,32,0,0,0,0,0,0,0,0,BENIGN
169.45.210.81-10.42.0.42-443-44223-6,10.42.0.42,44223,169.45.210.81,443,6,08/08/2017 02:57:26,87258954,37,30,869.0,659.0,210.0,0.0,23.486486486486488,49.09945780511998,67.0,0.0,21.966666666666665,25.237469862438097,17.511096912759232,0.7678295112270083,1322105.3636363638,5750025.454455037,4.2735071E7,237.0,8.7258954E7,2423859.833333334,7666378.857934937,4.2735071E7,1181.0,8.7184108E7,3006348.551724138,8491251.018061472,4.284905E7,237.0,1,0,0,0,1184,960,0.42402525246864636,0.3438042587583619,0.0,210.0,22.514705882352946,39.71596642994405,1577.3579894644424,0,1,0,0,1,0,0,0,0.0,22.850746268656717,23.486486486486488,21.966666666666665,1184,0,0,0,0,0,0,37,869,30,659,1449,514,23,32,2931624.75,3477800.7033552467,7371647.0,157902.0,1.885233125E7,1.6562150260683753E7,4.2735071E7,6479415.0,BENIGN
203.130.53.126-10.42.0.42-80-57744-6,10.42.0.42,57744,203.130.53.126,80,6,08/08/2017 02:59:26,10113350,3,1,0.0,0.0,0.0,0.0,0.0,0.0,0.0,0.0,0.0,0.0,0.0,0.3955168168806577,3371116.6666666665,5814419.414234265,1.0085021E7,4700.0,1.011335E7,5056675.0,7111155.109504503,1.0085021E7,28329.0,0,0,0,0,0,0,0,0,0,80,32,0.29663761266049327,0.09887920422016443,0.0,0.0,0.0,0.0,0.0,0,0,0,1,0,0,0,0,0.0,0.0,0.0,0.0,80,0,0,0,0,0,0,3,0,1,0,65535,14600,0,20,0,0,0,0,0,0,0,0,BENIGN
203.130.53.126-10.42.0.42-80-57745-6,10.42.0.42,57745,203.130.53.126,80,6,08/08/2017 02:59:26,10112830,3,1,0.0,0.0,0.0,0.0,0.0,0.0,0.0,0.0,0.0,0.0,0.0,0.3955371542881666,3370943.3333333335,5813380.777105292,1.0083648E7,4942.0,1.011283E7,5056415.0,7109581.089809582,1.0083648E7,29182.0,0,0,0,0,0,0,0,0,0,80,32,0.2966528657161249,0.09888428857204165,0.0,0.0,0.0,0.0,0.0,0,0,0,1,0,0,0,0,0.0,0.0,0.0,0.0,80,0,0,0,0,0,0,3,0,1,0,65535,14600,0,20,0,0,0,0,0,0,0,0,BENIGN
203.130.53.126-10.42.0.42-80-57746-6,10.42.0.42,57746,203.130.53.126,80,6,08/08/2017 02:59:26,10112669,3,1,0.0,0.0,0.0,0.0,0.0,0.0,0.0,0.0,0.0,0.0,0.0,0.3955434514864473,3370889.6666666665,5813262.675147609,1.0083458E7,4977.0,1.0112669E7,5056334.5,7109426.2334245015,1.0083458E7,29211.0,0,0,0,0,0,0,0,0,0,80,32,0.2966575886148355,0.09888586287161183,0.0,0.0,0.0,0.0,0.0,0,0,0,1,0,0,0,0,0.0,0.0,0.0,0.0,80,0,0,0,0,0,0,3,0,1,0,65535,14600,0,20,0,0,0,0,0,0,0,0,BENIGN
203.130.53.126-10.42.0.42-80-57747-6,10.42.0.42,57747,203.130.53.126,80,6,08/08/2017 02:59:26,10112078,3,1,0.0,0.0,0.0,0.0,0.0,0.0,0.0,0.0,0.0,0.0,0.0,0.3955665690078735,3370692.6666666665,5813439.382656048,1.0083464E7,4147.0,1.0112078E7,5056039.0,7109852.618813558,1.0083464E7,28614.0,0,0,0,0,0,0,0,0,0,80,32,0.2966749267559052,0.09889164225196838,0.0,0.0,0.0,0.0,0.0,0,0,0,1,0,0,0,0,0.0,0.0,0.0,0.0,80,0,0,0,0,0,0,3,0,1,0,65535,14600,0,20,0,0,0,0,0,0,0,0,BENIGN
203.130.53.126-10.42.0.42-80-57748-6,10.42.0.42,57748,203.130.53.126,80,6,08/08/2017 02:59:26,10111772,3,1,0.0,0.0,0.0,0.0,0.0,0.0,0.0,0.0,0.0,0.0,0.0,0.39557853954776667,3370590.6666666665,5813527.456900271,1.0083464E7,4144.0,1.0111772E7,5055886.0,7110068.9934886005,1.0083464E7,28308.0,0,0,0,0,0,0,0,0,0,80,32,0.296683904660825,0.09889463488694167,0.0,0.0,0.0,0.0,0.0,0,0,0,1,0,0,0,0,0.0,0.0,0.0,0.0,80,0,0,0,0,0,0,3,0,1,0,65535,14600,0,20,0,0,0,0,0,0,0,0,BENIGN
203.130.53.126-10.42.0.42-80-57745-6,203.130.53.126,80,10.42.0.42,57745,6,08/08/2017 02:59:36,224,2,0,0.0,0.0,0.0,0.0,0.0,0.0,0,0,0,0,0.0,8928.57142857143,224.0,0.0,224.0,224.0,224.0,224.0,0.0,224.0,224.0,0,0,0,0,0,0,0,0,0,40,0,8928.57142857143,0.0,0.0,0.0,0.0,0.0,0.0,0,0,0,0,1,0,0,0,0.0,0.0,0.0,0.0,40,0,0,0,0,0,0,2,0,0,0,58,-1,0,20,0,0,0,0,0,0,0,0,BENIGN
10.42.0.42-106.39.162.36-41958-80-6,10.42.0.42,41958,106.39.162.36,80,6,08/08/2017 02:59:35,1561873,2,0,0.0,0.0,0.0,0.0,0.0,0.0,0,0,0,0,0.0,1.2805138445955593,1561873.0,0.0,1561873.0,1561873.0,1561873.0,1561873.0,0.0,1561873.0,1561873.0,0,0,0,0,0,0,0,0,0,40,0,1.2805138445955593,0.0,0.0,0.0,0.0,0.0,0.0,0,0,0,0,1,1,0,0,0.0,0.0,0.0,0.0,40,0,0,0,0,0,0,2,0,0,0,1369,-1,0,20,0,0,0,0,0,0,0,0,BENIGN
10.42.0.42-106.39.162.36-41960-80-6,10.42.0.42,41960,106.39.162.36,80,6,08/08/2017 02:59:35,1561605,2,0,0.0,0.0,0.0,0.0,0.0,0.0,0,0,0,0,0.0,1.2807336042084907,1561605.0,0.0,1561605.0,1561605.0,1561605.0,1561605.0,0.0,1561605.0,1561605.0,0,0,0,0,0,0,0,0,0,40,0,1.2807336042084907,0.0,0.0,0.0,0.0,0.0,0.0,0,0,0,0,1,1,0,0,0.0,0.0,0.0,0.0,40,0,0,0,0,0,0,2,0,0,0,1369,-1,0,20,0,0,0,0,0,0,0,0,BENIGN
10.42.0.42-106.39.162.36-41957-80-6,10.42.0.42,41957,106.39.162.36,80,6,08/08/2017 02:59:35,1561739,2,0,0.0,0.0,0.0,0.0,0.0,0.0,0,0,0,0,0.0,1.280623714974141,1561739.0,0.0,1561739.0,1561739.0,1561739.0,1561739.0,0.0,1561739.0,1561739.0,0,0,0,0,0,0,0,0,0,40,0,1.280623714974141,0.0,0.0,0.0,0.0,0.0,0.0,0,0,0,0,1,1,0,0,0.0,0.0,0.0,0.0,40,0,0,0,0,0,0,2,0,0,0,1369,-1,0,20,0,0,0,0,0,0,0,0,BENIGN
10.42.0.42-106.39.162.36-41751-80-6,10.42.0.42,41751,106.39.162.36,80,6,08/08/2017 02:59:12,24065243,2,0,0.0,0.0,0.0,0.0,0.0,0.0,0,0,0,0,0.0,0.08310740930394928,2.4065243E7,0.0,2.4065243E7,2.4065243E7,2.4065243E7,2.4065243E7,0.0,2.4065243E7,2.4065243E7,0,0,0,0,0,0,0,0,0,40,0,0.08310740930394928,0.0,0.0,0.0,0.0,0.0,0.0,0,0,0,0,1,1,0,0,0.0,0.0,0.0,0.0,40,0,0,0,0,0,0,2,0,0,0,1369,-1,0,20,0,0,0,0,0,0,0,0,BENIGN
180.149.136.194-10.42.0.42-80-55815-6,10.42.0.42,55815,180.149.136.194,80,6,08/08/2017 02:59:33,3519285,4,4,721.0,325.0,721.0,0.0,180.25,360.5,325.0,0.0,81.25,162.5,297.21946361263724,2.2731890142457916,502755.0,713476.7543225683,1814749.0,2057.0,3258751.0,1086250.3333333333,782086.7737695947,1814749.0,259803.0,3261539.0,1087179.6666666665,1039787.1268487283,2075119.0,2330.0,0,0,0,0,112,104,1.1365945071228958,1.1365945071228958,0.0,721.0,116.22222222222223,250.97249738655518,62987.194444444445,0,0,0,1,0,0,0,0,1.0,130.75,180.25,81.25,112,0,0,0,0,0,0,4,721,4,325,65535,126,1,20,0,0,0,0,0,0,0,0,BENIGN
180.149.153.68-10.42.0.42-80-55242-6,10.42.0.42,55242,180.149.153.68,80,6,08/08/2017 02:59:18,18898359,8,6,2795.0,1125.0,1042.0,0.0,349.375,490.41933587492247,375.0,0.0,187.5,205.3959590644373,207.42541720156763,0.74080506143417,1453719.9230769232,2947842.1177354595,9997713.0,363.0,8900646.0,1271520.857142857,1847790.1805999177,4327251.0,1556.0,1.8655076E7,3731015.2,4063213.911189909,9999959.0,363.0,0,0,0,0,264,200,0.4233171779623829,0.3174878834717872,0.0,1042.0,261.33333333333326,383.3619451019897,146966.38095238095,0,0,0,1,0,0,0,0,0.0,280.0,349.375,187.5,264,0,0,0,0,0,0,8,2795,6,1125,65535,163,3,32,0,0,0,0,0,0,0,0,BENIGN
10.42.0.42-123.125.29.138-57968-80-6,10.42.0.42,57968,123.125.29.138,80,6,08/08/2017 02:59:36,617201,3,4,717.0,462.0,717.0,0.0,239.0,413.96014300896167,457.0,0.0,115.5,227.67886741343975,1910.2366976074245,11.341524074005065,102866.83333333333,157498.06534610727,309265.0,5.0,311920.0,155960.0,219695.24848753557,311308.0,612.0,307936.0,102645.33333333334,175892.85130537095,305745.0,5.0,0,0,0,0,80,84,4.860653174573599,6.480870899431466,0.0,717.0,147.375,280.10403041931204,78458.26785714287,0,0,0,1,0,0,0,0,1.0,168.42857142857142,239.0,115.5,80,0,0,0,0,0,0,3,717,4,462,65535,15774,1,20,0,0,0,0,0,0,0,0,BENIGN
10.42.0.42-123.125.29.138-57968-80-6,10.42.0.42,57968,123.125.29.138,80,6,08/08/2017 02:59:37,8205,2,0,0.0,0.0,0.0,0.0,0.0,0.0,0,0,0,0,0.0,243.7538086532602,8205.0,0.0,8205.0,8205.0,8205.0,8205.0,0.0,8205.0,8205.0,0,0,0,0,0,0,0,0,0,40,0,243.7538086532602,0.0,0.0,0.0,0.0,0.0,0.0,0,0,0,0,1,0,0,0,0.0,0.0,0.0,0.0,40,0,0,0,0,0,0,2,0,0,0,65535,-1,0,20,0,0,0,0,0,0,0,0,BENIGN
180.149.153.68-10.42.0.42-80-55242-6,10.42.0.42,55242,180.149.153.68,80,6,08/08/2017 02:59:37,49145,2,0,0.0,0.0,0.0,0.0,0.0,0.0,0,0,0,0,0.0,40.695899888086274,49145.0,0.0,49145.0,49145.0,49145.0,49145.0,0.0,49145.0,49145.0,0,0,0,0,0,0,0,0,0,64,0,40.695899888086274,0.0,0.0,0.0,0.0,0.0,0.0,0,0,0,0,1,0,0,0,0.0,0.0,0.0,0.0,64,0,0,0,0,0,0,2,0,0,0,1419,-1,0,32,0,0,0,0,0,0,0,0,BENIGN
180.149.138.210-10.42.0.42-80-41117-6,10.42.0.42,41117,180.149.138.210,80,6,08/08/2017 02:59:36,684101,3,3,726.0,1443.0,726.0,0.0,242.0,419.1562954316683,1443.0,0.0,481.0,833.11643844063,3170.5844604817125,8.770634745454254,136820.2,124124.6046064196,253998.0,2021.0,417977.0,208988.5,66511.17094518784,256019.0,161958.0,430103.0,215051.5,286438.3504569526,417594.0,12509.0,0,0,0,0,80,72,4.385317372727127,4.385317372727127,0.0,1443.0,309.85714285714283,568.220153511949,322874.1428571429,0,0,0,1,0,0,0,0,1.0,361.5,242.0,481.0,80,0,0,0,0,0,0,3,726,3,1443,65535,126,1,20,0,0,0,0,0,0,0,0,BENIGN
10.42.0.42-36.51.254.232-48741-443-6,10.42.0.42,48741,36.51.254.232,443,6,08/08/2017 02:59:27,10460396,9,9,835.0,5304.0,517.0,0.0,92.77777777777777,190.70381339775156,1460.0,0.0,589.3333333333334,684.8633075293201,586.8802672480086,1.720776154172366,615317.4117647059,2339058.548405428,9685798.0,0.0,774589.0,96823.625,126507.21521708611,277152.0,1.0,1.0231355E7,1278919.375,3417853.276838378,9733081.0,0.0,0,0,0,0,200,192,0.860388077086183,0.860388077086183,0.0,1460.0,323.10526315789474,540.7297430054687,292388.6549707602,0,0,0,1,0,0,0,0,1.0,341.05555555555554,92.77777777777777,589.3333333333334,200,0,0,0,0,0,0,9,835,9,5304,65535,131,2,20,774589.0,0.0,774589.0,774589.0,9685798.0,0.0,9685798.0,9685798.0,BENIGN
180.149.138.210-10.42.0.42-80-41117-6,10.42.0.42,41117,180.149.138.210,80,6,08/08/2017 02:59:37,38626,2,0,0.0,0.0,0.0,0.0,0.0,0.0,0,0,0,0,0.0,51.778594728939055,38626.0,0.0,38626.0,38626.0,38626.0,38626.0,0.0,38626.0,38626.0,0,0,0,0,0,0,0,0,0,40,0,51.778594728939055,0.0,0.0,0.0,0.0,0.0,0.0,0,0,0,0,1,0,0,0,0.0,0.0,0.0,0.0,40,0,0,0,0,0,0,2,0,0,0,1415,-1,0,20,0,0,0,0,0,0,0,0,BENIGN
10.42.0.42-36.51.254.232-48740-443-6,10.42.0.42,48740,36.51.254.232,443,6,08/08/2017 02:59:27,10517396,6,9,835.0,5304.0,517.0,0.0,139.16666666666666,224.59244570258073,1460.0,0.0,589.3333333333334,684.8633075293201,583.6996153800808,1.4262085405931277,751242.5714285714,2577644.100536848,9699471.0,0.0,817699.0,163539.8,147502.0760962367,289612.0,697.0,1.0262635E7,1282829.375,3416515.5224634493,9733122.0,0.0,0,0,0,0,140,192,0.5704834162372512,0.8557251243558767,0.0,1460.0,383.6875,571.0272286269135,326072.0958333334,0,0,0,1,0,0,0,0,1.0,409.26666666666665,139.16666666666666,589.3333333333334,140,0,0,0,0,0,0,6,835,9,5304,65535,131,2,20,817699.0,0.0,817699.0,817699.0,9699471.0,0.0,9699471.0,9699471.0,BENIGN
10.42.0.42-36.51.254.232-48742-443-6,10.42.0.42,48742,36.51.254.232,443,6,08/08/2017 02:59:27,10518044,6,9,835.0,5304.0,517.0,0.0,139.16666666666666,224.59244570258073,1460.0,0.0,589.3333333333334,684.8633075293201,583.6636545730366,1.4261206741481591,751288.8571428572,2575126.953140813,9690791.0,0.0,827248.0,165449.6,149189.18157259258,298383.0,391.0,1.0263161E7,1282895.125,3416594.343506387,9733368.0,0.0,0,0,0,0,140,192,0.5704482696592637,0.8556724044888955,0.0,1460.0,383.6875,571.0272286269135,326072.0958333334,0,0,0,1,0,0,0,0,1.0,409.26666666666665,139.16666666666666,589.3333333333334,140,0,0,0,0,0,0,6,835,9,5304,65535,131,2,20,827248.0,0.0,827248.0,827248.0,9690791.0,0.0,9690791.0,9690791.0,BENIGN
10.42.0.42-106.11.135.2-53117-80-6,10.42.0.42,53117,106.11.135.2,80,6,08/08/2017 02:59:29,8112241,3,4,977.0,530.0,977.0,0.0,325.6666666666667,564.0712129982644,530.0,0.0,132.5,265.0,185.7686427215365,0.8628934963840449,1352040.1666666665,3075016.089949802,7624269.0,5.0,7861711.0,3930855.5,5223275.4631518815,7624269.0,237442.0,7877025.0,2625675.0,4546272.322153502,7875258.0,5.0,0,0,0,0,80,100,0.369811498450305,0.4930819979337399,0.0,977.0,188.375,368.6941967461459,135935.41071428574,0,0,0,1,0,0,0,0,1.0,215.28571428571428,325.6666666666667,132.5,80,0,0,0,0,0,0,3,977,4,530,65535,10703,1,20,237442.0,0.0,237442.0,237442.0,7624269.0,0.0,7624269.0,7624269.0,BENIGN
10.42.0.42-106.11.135.2-53117-80-6,10.42.0.42,53117,106.11.135.2,80,6,08/08/2017 02:59:37,2260,2,0,0.0,0.0,0.0,0.0,0.0,0.0,0,0,0,0,0.0,884.9557522123895,2260.0,0.0,2260.0,2260.0,2260.0,2260.0,0.0,2260.0,2260.0,0,0,0,0,0,0,0,0,0,40,0,884.9557522123895,0.0,0.0,0.0,0.0,0.0,0.0,0,0,0,0,1,0,0,0,0.0,0.0,0.0,0.0,40,0,0,0,0,0,0,2,0,0,0,65535,-1,0,20,0,0,0,0,0,0,0,0,BENIGN
10.42.0.42-36.51.254.232-48743-443-6,10.42.0.42,48743,36.51.254.232,443,6,08/08/2017 02:59:27,10457954,2,2,0.0,0.0,0.0,0.0,0.0,0.0,0.0,0.0,0.0,0.0,0.0,0.38248399256680604,3485984.6666666665,5839882.810549569,1.0228043E7,2180.0,229911.0,229911.0,0.0,229911.0,229911.0,1.0230223E7,1.0230223E7,0.0,1.0230223E7,1.0230223E7,0,0,0,0,60,52,0.19124199628340302,0.19124199628340302,0.0,0.0,0.0,0.0,0.0,0,0,0,1,0,0,0,0,1.0,0.0,0.0,0.0,60,0,0,0,0,0,0,2,0,2,0,65535,115,0,20,0,0,0,0,0,0,0,0,BENIGN
10.42.0.42-36.51.254.232-48743-443-6,10.42.0.42,48743,36.51.254.232,443,6,08/08/2017 02:59:37,10594,2,0,0.0,0.0,0.0,0.0,0.0,0.0,0,0,0,0,0.0,188.7861053426468,10594.0,0.0,10594.0,10594.0,10594.0,10594.0,0.0,10594.0,10594.0,0,0,0,0,0,0,0,0,0,40,0,188.7861053426468,0.0,0.0,0.0,0.0,0.0,0.0,0,0,0,0,1,0,0,0,0.0,0.0,0.0,0.0,40,0,0,0,0,0,0,2,0,0,0,1369,-1,0,20,0,0,0,0,0,0,0,0,BENIGN
10.42.0.42-115.239.210.141-44517-80-6,10.42.0.42,44517,115.239.210.141,80,6,08/08/2017 02:59:34,2970042,2,0,0.0,0.0,0.0,0.0,0.0,0.0,0,0,0,0,0.0,0.6733911506975323,2970042.0,0.0,2970042.0,2970042.0,2970042.0,2970042.0,0.0,2970042.0,2970042.0,0,0,0,0,0,0,0,0,0,40,0,0.6733911506975323,0.0,0.0,0.0,0.0,0.0,0.0,0,0,0,0,1,1,0,0,0.0,0.0,0.0,0.0,40,0,0,0,0,0,0,2,0,0,0,1369,-1,0,20,0,0,0,0,0,0,0,0,BENIGN
10.42.0.42-119.146.74.49-33951-443-6,10.42.0.42,33951,119.146.74.49,443,6,08/08/2017 02:59:27,10592458,7,5,568.0,152.0,517.0,0.0,81.14285714285715,193.13244900104917,152.0,0.0,30.4,67.97646651599361,67.97289165555341,1.1328815275925568,962950.7272727273,2923837.105160378,9773901.0,383.0,1.0592458E7,1765409.6666666665,4046974.780249398,1.0022751E7,1150.0,569628.0,142407.0,132886.59127491634,316953.0,383.0,0,0,0,0,172,124,0.6608475577623248,0.472033969830232,0.0,517.0,55.38461538461539,145.23460243202976,21093.089743589746,0,0,0,1,0,0,0,0,0.0,60.0,81.14285714285714,30.4,172,0,0,0,0,0,0,7,568,5,152,65535,4380,2,20,0,0,0,0,0,0,0,0,BENIGN
10.42.0.42-119.146.74.49-33948-443-6,10.42.0.42,33948,119.146.74.49,443,6,08/08/2017 02:59:27,10829913,8,6,568.0,152.0,517.0,0.0,71.00000000000001,181.09271500690312,152.0,0.0,25.333333333333332,62.05374015050718,66.48252853000758,1.2927158325279253,833070.2307692308,2753452.0527857738,9992372.0,103.0,1.0829913E7,1547130.4285714284,3836045.3454772425,1.0242556E7,103.0,587468.0,117493.6,128313.10696222736,333413.0,317.0,0,0,0,0,204,156,0.7386947614445287,0.5540210710833965,0.0,517.0,47.99999999999999,135.86600541920495,18459.57142857143,0,0,0,1,0,0,0,0,0.0,51.42857142857143,71.0,25.333333333333332,204,0,0,0,0,0,0,8,568,6,152,65535,4380,2,20,0,0,0,0,0,0,0,0,BENIGN
10.42.0.42-119.146.74.49-33949-443-6,10.42.0.42,33949,119.146.74.49,443,6,08/08/2017 02:59:27,10829524,8,6,568.0,152.0,517.0,0.0,71.00000000000001,181.09271500690312,152.0,0.0,25.333333333333332,62.05374015050718,66.48491660390614,1.292762267298175,833040.3076923077,2746455.3226937926,9968644.0,104.0,1.0829524E7,1547074.8571428573,3826797.3607837064,1.0221543E7,104.0,607856.0,121571.2,140302.92401336474,351676.0,307.0,0,0,0,0,204,156,0.7387212955989572,0.5540409716992178,0.0,517.0,47.99999999999999,135.86600541920495,18459.57142857143,0,0,0,1,0,0,0,0,0.0,51.42857142857143,71.0,25.333333333333332,204,0,0,0,0,0,0,8,568,6,152,65535,4380,2,20,0,0,0,0,0,0,0,0,BENIGN
10.42.0.42-119.146.74.49-33950-443-6,10.42.0.42,33950,119.146.74.49,443,6,08/08/2017 02:59:27,10829384,7,5,568.0,152.0,517.0,0.0,81.14285714285715,193.13244900104917,152.0,0.0,30.4,67.97646651599361,66.48577610693278,1.1080962684488795,984489.4545454546,2973679.0993834343,9945237.0,7.0,1.0829384E7,1804897.3333333333,4113388.090296935,1.019795E7,107.0,631253.0,157813.25,166914.2339973337,375324.0,7.0,0,0,0,0,172,124,0.6463894899285131,0.46170677852036646,0.0,517.0,55.38461538461539,145.23460243202976,21093.089743589746,0,0,0,1,0,0,0,0,0.0,60.0,81.14285714285714,30.4,172,0,0,0,0,0,0,7,568,5,152,65535,2315,2,20,0,0,0,0,0,0,0,0,BENIGN
10.42.0.42-119.146.74.49-33951-443-6,119.146.74.49,443,10.42.0.42,33951,6,08/08/2017 02:59:38,220,2,0,0.0,0.0,0.0,0.0,0.0,0.0,0,0,0,0,0.0,9090.90909090909,220.0,0.0,220.0,220.0,220.0,220.0,0.0,220.0,220.0,0,0,0,0,0,0,0,0,0,40,0,9090.90909090909,0.0,0.0,0.0,0.0,0.0,0.0,0,0,0,0,1,0,0,0,0.0,0.0,0.0,0.0,40,0,0,0,0,0,0,2,0,0,0,4380,-1,0,20,0,0,0,0,0,0,0,0,BENIGN
10.42.0.42-106.11.135.2-53113-80-6,10.42.0.42,53113,106.11.135.2,80,6,08/08/2017 02:59:29,9195309,7,20,1167.0,24451.0,1167.0,0.0,166.71428571428572,441.0845400017682,1452.0,0.0,1222.5499999999997,519.2623791697725,2785.9857673080915,2.936279792228842,353665.73076923075,1650915.8097521402,8439003.0,0.0,8959280.0,1493213.3333333335,3405094.908738943,8439003.0,132.0,8946702.0,470879.05263157893,1988919.5347940237,8680757.0,0.0,0,0,0,0,160,420,0.7612577239111812,2.1750220683176607,0.0,1452.0,914.9285714285714,692.2548732394806,479216.8095238094,0,0,0,1,0,0,0,0,2.0,948.8148148148148,166.71428571428572,1222.55,160,0,0,0,0,0,0,7,1167,20,24451,65535,10513,1,20,253837.0,0.0,253837.0,253837.0,8439003.0,0.0,8439003.0,8439003.0,BENIGN
10.42.0.42-106.11.135.2-53113-80-6,10.42.0.42,53113,106.11.135.2,80,6,08/08/2017 02:59:38,2626,8,0,0.0,0.0,0.0,0.0,0.0,0.0,0,0,0,0,0.0,3046.4584920030466,375.14285714285717,360.2644531319683,860.0,1.0,2626.0,375.14285714285717,360.2644531319683,860.0,1.0,0,0,0,0,0,0,0,0,0,160,0,3046.4584920030466,0.0,0.0,0.0,0.0,0.0,0.0,0,0,0,0,1,0,0,0,0.0,0.0,0.0,0.0,160,0,0,0,0,0,0,8,0,0,0,65535,-1,0,20,0,0,0,0,0,0,0,0,BENIGN
10.42.0.42-123.125.115.164-52882-443-6,10.42.0.42,52882,123.125.115.164,443,6,08/08/2017 02:59:27,11244175,8,7,651.0,3597.0,517.0,0.0,81.375,182.15765346063753,1460.0,0.0,513.8571428571428,665.79336848891,377.795614173561,1.3340240613473198,803155.3571428572,2675232.0374212433,1.00871E7,2.0,1.1244175E7,1606310.714285714,3744192.8515917244,1.00871E7,2.0,799396.0,133232.66666666666,202241.7979287829,443432.0,4.0,0,0,0,0,192,160,0.7114794993852372,0.6225445619620825,0.0,1460.0,265.5,494.32984939208353,244361.99999999997,0,0,0,1,0,0,0,0,0.0,283.2,81.375,513.8571428571429,192,0,0,0,0,0,0,8,651,7,3597,65535,528,2,20,0,0,0,0,0,0,0,0,BENIGN
10.42.0.42-123.125.115.164-52883-443-6,10.42.0.42,52883,123.125.115.164,443,6,08/08/2017 02:59:27,11243528,7,7,651.0,3597.0,517.0,0.0,92.99999999999999,193.52088603903542,1460.0,0.0,513.8571428571428,665.79336848891,377.817354125858,1.245160771601227,864886.7692307692,2784166.7517413283,1.0120014E7,3.0,1.1243528E7,1873921.3333333333,4043314.260090584,1.0120014E7,294.0,796299.0,132716.5,206791.77023348876,453440.0,3.0,0,0,0,0,160,160,0.6225803858006135,0.6225803858006135,0.0,1460.0,283.2,506.404722388272,256445.74285714282,0,0,0,1,0,0,0,0,1.0,303.42857142857144,93.0,513.8571428571429,160,0,0,0,0,0,0,7,651,7,3597,65535,528,2,20,0,0,0,0,0,0,0,0,BENIGN
10.42.0.42-123.125.115.164-52884-443-6,10.42.0.42,52884,123.125.115.164,443,6,08/08/2017 02:59:27,11242996,7,7,651.0,3597.0,517.0,0.0,92.99999999999999,193.52088603903542,1460.0,0.0,513.8571428571428,665.79336848891,377.83523181899204,1.2452196905522337,864845.8461538461,2781440.580618517,1.011097E7,3.0,1.1242996E7,1873832.6666666667,4038754.4021749413,1.011097E7,5477.0,805025.0,134170.83333333334,208131.54417475182,454882.0,3.0,0,0,0,0,160,160,0.6226098452761168,0.6226098452761168,0.0,1460.0,283.2,506.404722388272,256445.74285714282,0,0,0,1,0,0,0,0,1.0,303.42857142857144,93.0,513.8571428571429,160,0,0,0,0,0,0,7,651,7,3597,65535,528,2,20,0,0,0,0,0,0,0,0,BENIGN
10.42.0.42-119.146.74.49-33948-443-6,119.146.74.49,443,10.42.0.42,33948,6,08/08/2017 02:59:38,5,2,0,0.0,0.0,0.0,0.0,0.0,0.0,0,0,0,0,0.0,399999.99999999994,5.0,0.0,5.0,5.0,5.0,5.0,0.0,5.0,5.0,0,0,0,0,0,0,0,0,0,40,0,399999.99999999994,0.0,0.0,0.0,0.0,0.0,0.0,0,0,0,0,1,0,0,0,0.0,0.0,0.0,0.0,40,0,0,0,0,0,0,2,0,0,0,4380,-1,0,20,0,0,0,0,0,0,0,0,BENIGN
10.42.0.42-119.146.74.49-33950-443-6,119.146.74.49,443,10.42.0.42,33950,6,08/08/2017 02:59:38,4,2,0,0.0,0.0,0.0,0.0,0.0,0.0,0,0,0,0,0.0,500000.0,4.0,0.0,4.0,4.0,4.0,4.0,0.0,4.0,4.0,0,0,0,0,0,0,0,0,0,40,0,500000.0,0.0,0.0,0.0,0.0,0.0,0.0,0,0,0,0,1,0,0,0,0.0,0.0,0.0,0.0,40,0,0,0,0,0,0,2,0,0,0,2315,-1,0,20,0,0,0,0,0,0,0,0,BENIGN
10.42.0.42-119.146.74.49-33949-443-6,119.146.74.49,443,10.42.0.42,33949,6,08/08/2017 02:59:38,2,2,0,0.0,0.0,0.0,0.0,0.0,0.0,0,0,0,0,0.0,1000000.0,2.0,0.0,2.0,2.0,2.0,2.0,0.0,2.0,2.0,0,0,0,0,0,0,0,0,0,40,0,1000000.0,0.0,0.0,0.0,0.0,0.0,0.0,0,0,0,0,1,0,0,0,0.0,0.0,0.0,0.0,40,0,0,0,0,0,0,2,0,0,0,4380,-1,0,20,0,0,0,0,0,0,0,0,BENIGN
10.42.0.42-123.125.115.164-52882-443-6,123.125.115.164,443,10.42.0.42,52882,6,08/08/2017 02:59:39,313,2,0,0.0,0.0,0.0,0.0,0.0,0.0,0,0,0,0,0.0,6389.776357827475,313.0,0.0,313.0,313.0,313.0,313.0,0.0,313.0,313.0,0,0,0,0,0,0,0,0,0,40,0,6389.776357827475,0.0,0.0,0.0,0.0,0.0,0.0,0,0,0,0,1,0,0,0,0.0,0.0,0.0,0.0,40,0,0,0,0,0,0,2,0,0,0,528,-1,0,20,0,0,0,0,0,0,0,0,BENIGN
10.42.0.42-123.125.115.164-52883-443-6,123.125.115.164,443,10.42.0.42,52883,6,08/08/2017 02:59:39,5,2,0,0.0,0.0,0.0,0.0,0.0,0.0,0,0,0,0,0.0,399999.99999999994,5.0,0.0,5.0,5.0,5.0,5.0,0.0,5.0,5.0,0,0,0,0,0,0,0,0,0,40,0,399999.99999999994,0.0,0.0,0.0,0.0,0.0,0.0,0,0,0,0,1,0,0,0,0.0,0.0,0.0,0.0,40,0,0,0,0,0,0,2,0,0,0,528,-1,0,20,0,0,0,0,0,0,0,0,BENIGN
10.42.0.42-123.125.115.164-52884-443-6,123.125.115.164,443,10.42.0.42,52884,6,08/08/2017 02:59:39,5,2,0,0.0,0.0,0.0,0.0,0.0,0.0,0,0,0,0,0.0,399999.99999999994,5.0,0.0,5.0,5.0,5.0,5.0,0.0,5.0,5.0,0,0,0,0,0,0,0,0,0,40,0,399999.99999999994,0.0,0.0,0.0,0.0,0.0,0.0,0,0,0,0,1,0,0,0,0.0,0.0,0.0,0.0,40,0,0,0,0,0,0,2,0,0,0,528,-1,0,20,0,0,0,0,0,0,0,0,BENIGN
10.42.0.42-104.192.110.245-50936-80-6,10.42.0.42,50936,104.192.110.245,80,6,08/08/2017 02:59:29,10201232,3,1,0.0,0.0,0.0,0.0,0.0,0.0,0.0,0.0,0.0,0.0,0.0,0.39210950206798556,3400410.6666666665,5803224.624670006,1.0101203E7,5826.0,1.0201232E7,5100616.0,7071897.955226588,1.0101203E7,100029.0,0,0,0,0,0,0,0,0,0,80,32,0.29408212655098914,0.09802737551699639,0.0,0.0,0.0,0.0,0.0,0,0,0,1,0,0,0,0,0.0,0.0,0.0,0.0,80,0,0,0,0,0,0,3,0,1,0,65535,14600,0,20,0,0,0,0,0,0,0,0,BENIGN
10.42.0.42-104.192.110.245-50937-80-6,10.42.0.42,50937,104.192.110.245,80,6,08/08/2017 02:59:29,10200943,3,1,0.0,0.0,0.0,0.0,0.0,0.0,0.0,0.0,0.0,0.0,0.0,0.39212061081019667,3400314.3333333335,5803317.733539095,1.0101211E7,5317.0,1.0200943E7,5100471.5,7072113.62279485,1.0101211E7,99732.0,0,0,0,0,0,0,0,0,0,80,32,0.2940904581076475,0.09803015270254917,0.0,0.0,0.0,0.0,0.0,0,0,0,1,0,0,0,0,0.0,0.0,0.0,0.0,80,0,0,0,0,0,0,3,0,1,0,65535,14600,0,20,0,0,0,0,0,0,0,0,BENIGN
10.42.0.42-104.192.110.245-50938-80-6,10.42.0.42,50938,104.192.110.245,80,6,08/08/2017 02:59:29,10199963,3,1,0.0,0.0,0.0,0.0,0.0,0.0,0.0,0.0,0.0,0.0,0.0,0.3921582852800544,3399987.6666666665,5802787.651681331,1.0100273E7,5383.0,1.0199963E7,5099981.5,7071480.055118907,1.0100273E7,99690.0,0,0,0,0,0,0,0,0,0,80,32,0.2941187139600408,0.0980395713200136,0.0,0.0,0.0,0.0,0.0,0,0,0,1,0,0,0,0,0.0,0.0,0.0,0.0,80,0,0,0,0,0,0,3,0,1,0,65535,14600,0,20,0,0,0,0,0,0,0,0,BENIGN
10.42.0.42-104.192.110.245-50940-80-6,10.42.0.42,50940,104.192.110.245,80,6,08/08/2017 02:59:29,10198821,3,1,0.0,0.0,0.0,0.0,0.0,0.0,0.0,0.0,0.0,0.0,0.0,0.3922021967048936,3399607.0,5802399.187463665,1.0099442E7,5029.0,1.0198821E7,5099410.5,7071112.35959269,1.0099442E7,99379.0,0,0,0,0,0,0,0,0,0,80,32,0.29415164752867023,0.0980505491762234,0.0,0.0,0.0,0.0,0.0,0,0,0,1,0,0,0,0,0.0,0.0,0.0,0.0,80,0,0,0,0,0,0,3,0,1,0,65535,14600,0,20,0,0,0,0,0,0,0,0,BENIGN
10.42.0.42-104.192.110.245-50941-80-6,10.42.0.42,50941,104.192.110.245,80,6,08/08/2017 02:59:29,10198349,3,1,0.0,0.0,0.0,0.0,0.0,0.0,0.0,0.0,0.0,0.0,0.0,0.39222034860740695,3399449.6666666665,5802537.390877058,1.0099442E7,4540.0,1.0198349E7,5099174.5,7071446.11399341,1.0099442E7,98907.0,0,0,0,0,0,0,0,0,0,80,32,0.2941652614555552,0.09805508715185174,0.0,0.0,0.0,0.0,0.0,0,0,0,1,0,0,0,0,0.0,0.0,0.0,0.0,80,0,0,0,0,0,0,3,0,1,0,65535,14600,0,20,0,0,0,0,0,0,0,0,BENIGN
10.42.0.42-104.192.110.245-50942-80-6,10.42.0.42,50942,104.192.110.245,80,6,08/08/2017 02:59:29,10198054,3,1,0.0,0.0,0.0,0.0,0.0,0.0,0.0,0.0,0.0,0.0,0.0,0.39223169439973543,3399351.3333333335,5802766.289846278,1.0099607E7,4200.0,1.0198054E7,5099027.0,7071888.055731651,1.0099607E7,98447.0,0,0,0,0,0,0,0,0,0,80,32,0.29417377079980156,0.09805792359993386,0.0,0.0,0.0,0.0,0.0,0,0,0,1,0,0,0,0,0.0,0.0,0.0,0.0,80,0,0,0,0,0,0,3,0,1,0,65535,14600,0,20,0,0,0,0,0,0,0,0,BENIGN
174.35.73.78-10.42.0.42-80-57709-6,10.42.0.42,57709,174.35.73.78,80,6,08/08/2017 02:59:29,10148402,3,1,0.0,0.0,0.0,0.0,0.0,0.0,0.0,0.0,0.0,0.0,0.0,0.39415072441947013,3382800.6666666665,5837067.016082078,1.0122854E7,2184.0,1.0148402E7,5074201.0,7139873.544315614,1.0122854E7,25548.0,0,0,0,0,0,0,0,0,0,104,40,0.2956130433146026,0.09853768110486753,0.0,0.0,0.0,0.0,0.0,0,0,0,1,0,0,0,0,0.0,0.0,0.0,0.0,104,0,0,0,0,0,0,3,0,1,0,65535,65535,0,32,0,0,0,0,0,0,0,0,BENIGN
174.35.73.78-10.42.0.42-80-57710-6,10.42.0.42,57710,174.35.73.78,80,6,08/08/2017 02:59:29,10147881,3,1,0.0,0.0,0.0,0.0,0.0,0.0,0.0,0.0,0.0,0.0,0.0,0.3941709604202099,3382627.0,5836887.9999901485,1.0122474E7,2295.0,1.0147881E7,5073940.5,7139704.54579491,1.0122474E7,25407.0,0,0,0,0,0,0,0,0,0,104,40,0.2956282203151574,0.09854274010505247,0.0,0.0,0.0,0.0,0.0,0,0,0,1,0,0,0,0,0.0,0.0,0.0,0.0,104,0,0,0,0,0,0,3,0,1,0,65535,65535,0,32,0,0,0,0,0,0,0,0,BENIGN
174.35.73.78-10.42.0.42-80-57711-6,10.42.0.42,57711,174.35.73.78,80,6,08/08/2017 02:59:29,10147315,3,1,0.0,0.0,0.0,0.0,0.0,0.0,0.0,0.0,0.0,0.0,0.0,0.3941929466070581,3382438.3333333335,5836944.301250641,1.012235E7,1908.0,1.0147315E7,5073657.5,7139929.405751327,1.012235E7,24965.0,0,0,0,0,0,0,0,0,0,104,40,0.29564470995529357,0.09854823665176453,0.0,0.0,0.0,0.0,0.0,0,0,0,1,0,0,0,0,0.0,0.0,0.0,0.0,104,0,0,0,0,0,0,3,0,1,0,65535,65535,0,32,0,0,0,0,0,0,0,0,BENIGN
174.35.73.78-10.42.0.42-80-57710-6,174.35.73.78,80,10.42.0.42,57710,6,08/08/2017 02:59:39,5,2,0,0.0,0.0,0.0,0.0,0.0,0.0,0,0,0,0,0.0,399999.99999999994,5.0,0.0,5.0,5.0,5.0,5.0,0.0,5.0,5.0,0,0,0,0,0,0,0,0,0,64,0,399999.99999999994,0.0,0.0,0.0,0.0,0.0,0.0,0,0,0,0,1,0,0,0,0.0,0.0,0.0,0.0,64,0,0,0,0,0,0,2,0,0,0,679,-1,0,32,0,0,0,0,0,0,0,0,BENIGN
174.35.73.78-10.42.0.42-80-57711-6,174.35.73.78,80,10.42.0.42,57711,6,08/08/2017 02:59:39,7,2,0,0.0,0.0,0.0,0.0,0.0,0.0,0,0,0,0,0.0,285714.28571428574,7.0,0.0,7.0,7.0,7.0,7.0,0.0,7.0,7.0,0,0,0,0,0,0,0,0,0,64,0,285714.28571428574,0.0,0.0,0.0,0.0,0.0,0.0,0,0,0,0,1,0,0,0,0.0,0.0,0.0,0.0,64,0,0,0,0,0,0,2,0,0,0,679,-1,0,32,0,0,0,0,0,0,0,0,BENIGN
174.35.73.78-10.42.0.42-80-57709-6,174.35.73.78,80,10.42.0.42,57709,6,08/08/2017 02:59:39,4,2,0,0.0,0.0,0.0,0.0,0.0,0.0,0,0,0,0,0.0,500000.0,4.0,0.0,4.0,4.0,4.0,4.0,0.0,4.0,4.0,0,0,0,0,0,0,0,0,0,64,0,500000.0,0.0,0.0,0.0,0.0,0.0,0.0,0,0,0,0,1,0,0,0,0.0,0.0,0.0,0.0,64,0,0,0,0,0,0,2,0,0,0,679,-1,0,32,0,0,0,0,0,0,0,0,BENIGN
183.232.231.30-10.42.0.42-443-46000-6,10.42.0.42,46000,183.232.231.30,443,6,08/08/2017 02:59:27,12355878,2,0,0.0,0.0,0.0,0.0,0.0,0.0,0,0,0,0,0.0,0.1618662793530334,1.2355878E7,0.0,1.2355878E7,1.2355878E7,1.2355878E7,1.2355878E7,0.0,1.2355878E7,1.2355878E7,0,0,0,0,0,0,0,0,0,40,0,0.1618662793530334,0.0,0.0,0.0,0.0,0.0,0.0,0,0,0,0,1,1,0,0,0.0,0.0,0.0,0.0,40,0,0,0,0,0,0,2,0,0,0,1643,-1,0,20,0,0,0,0,0,0,0,0,BENIGN
180.149.136.247-10.42.0.42-80-34237-6,10.42.0.42,34237,180.149.136.247,80,6,08/08/2017 02:59:29,10542255,4,2,0.0,0.0,0.0,0.0,0.0,0.0,0.0,0.0,0.0,0.0,0.0,0.5691381967140806,2108451.0,3913698.212330059,9054499.0,2309.0,1.0542255E7,3514085.0,4821075.393794106,9054499.0,274168.0,1201429.0,1201429.0,0.0,1201429.0,1201429.0,0,0,0,0,112,64,0.37942546447605374,0.18971273223802687,0.0,0.0,0.0,0.0,0.0,0,0,0,1,0,0,0,0,0.0,0.0,0.0,0.0,112,0,0,0,0,0,0,4,0,2,0,65535,14600,0,20,0,0,0,0,0,0,0,0,BENIGN
10.42.0.42-23.208.168.108-32769-80-6,10.42.0.42,32769,23.208.168.108,80,6,08/08/2017 02:59:29,10133072,3,1,0.0,0.0,0.0,0.0,0.0,0.0,0.0,0.0,0.0,0.0,0.0,0.39474702242320986,3377690.6666666665,5826812.61615425,1.0105905E7,3879.0,1.0133072E7,5066536.0,7126743.985602542,1.0105905E7,27167.0,0,0,0,0,0,0,0,0,0,104,40,0.2960602668174074,0.09868675560580246,0.0,0.0,0.0,0.0,0.0,0,0,0,1,0,0,0,0,0.0,0.0,0.0,0.0,104,0,0,0,0,0,0,3,0,1,0,65535,28960,0,32,0,0,0,0,0,0,0,0,BENIGN
10.42.0.42-23.208.168.108-32770-80-6,10.42.0.42,32770,23.208.168.108,80,6,08/08/2017 02:59:29,10134318,3,1,0.0,0.0,0.0,0.0,0.0,0.0,0.0,0.0,0.0,0.0,0.0,0.3946984888376307,3378106.0,5827763.677062068,1.0107418E7,3476.0,1.0134318E7,5067159.0,7128002.635673054,1.0107418E7,26900.0,0,0,0,0,0,0,0,0,0,104,40,0.296023866628223,0.09867462220940768,0.0,0.0,0.0,0.0,0.0,0,0,0,1,0,0,0,0,0.0,0.0,0.0,0.0,104,0,0,0,0,0,0,3,0,1,0,65535,28960,0,32,0,0,0,0,0,0,0,0,BENIGN
180.163.255.159-10.42.0.42-80-39606-6,10.42.0.42,39606,180.163.255.159,80,6,08/08/2017 02:59:29,10589488,3,1,0.0,0.0,0.0,0.0,0.0,0.0,0.0,0.0,0.0,0.0,0.0,0.3777330877564619,3529829.3333333335,5813339.301473838,1.0239599E7,4190.0,1.0589488E7,5294744.0,6993081.004968411,1.0239599E7,349889.0,0,0,0,0,0,0,0,0,0,80,32,0.2832998158173464,0.09443327193911548,0.0,0.0,0.0,0.0,0.0,0,0,0,1,0,0,0,0,0.0,0.0,0.0,0.0,80,0,0,0,0,0,0,3,0,1,0,65535,14600,0,20,0,0,0,0,0,0,0,0,BENIGN
180.163.255.159-10.42.0.42-80-39607-6,10.42.0.42,39607,180.163.255.159,80,6,08/08/2017 02:59:29,10589030,3,1,0.0,0.0,0.0,0.0,0.0,0.0,0.0,0.0,0.0,0.0,0.0,0.37774942558477975,3529676.6666666665,5790276.422312611,1.0212254E7,2186.0,1.058903E7,5294515.0,6954733.190011102,1.0212254E7,376776.0,0,0,0,0,0,0,0,0,0,80,32,0.2833120691885848,0.09443735639619494,0.0,0.0,0.0,0.0,0.0,0,0,0,1,0,0,0,0,0.0,0.0,0.0,0.0,80,0,0,0,0,0,0,3,0,1,0,65535,14600,0,20,0,0,0,0,0,0,0,0,BENIGN
10.42.0.42-104.192.110.245-50956-80-6,10.42.0.42,50956,104.192.110.245,80,6,08/08/2017 02:59:29,10178856,3,1,0.0,0.0,0.0,0.0,0.0,0.0,0.0,0.0,0.0,0.0,0.0,0.3929714694853724,3392952.0,5789130.215779137,1.0077474E7,7069.0,1.0178856E7,5089428.0,7054162.302940867,1.0077474E7,101382.0,0,0,0,0,0,0,0,0,0,80,32,0.29472860211402935,0.0982428673713431,0.0,0.0,0.0,0.0,0.0,0,0,0,1,0,0,0,0,0.0,0.0,0.0,0.0,80,0,0,0,0,0,0,3,0,1,0,65535,14600,0,20,0,0,0,0,0,0,0,0,BENIGN
10.42.0.42-104.192.110.245-50957-80-6,10.42.0.42,50957,104.192.110.245,80,6,08/08/2017 02:59:29,10178470,3,1,0.0,0.0,0.0,0.0,0.0,0.0,0.0,0.0,0.0,0.0,0.0,0.3929863722150775,3392823.3333333335,5789243.568261257,1.0077474E7,6621.0,1.017847E7,5089235.0,7054435.246158405,1.0077474E7,100996.0,0,0,0,0,0,0,0,0,0,80,32,0.2947397791613081,0.09824659305376937,0.0,0.0,0.0,0.0,0.0,0,0,0,1,0,0,0,0,0.0,0.0,0.0,0.0,80,0,0,0,0,0,0,3,0,1,0,65535,14600,0,20,0,0,0,0,0,0,0,0,BENIGN
10.42.0.42-23.208.168.108-32770-80-6,23.208.168.108,80,10.42.0.42,32770,6,08/08/2017 02:59:39,4,2,0,0.0,0.0,0.0,0.0,0.0,0.0,0,0,0,0,0.0,500000.0,4.0,0.0,4.0,4.0,4.0,4.0,0.0,4.0,4.0,0,0,0,0,0,0,0,0,0,64,0,500000.0,0.0,0.0,0.0,0.0,0.0,0.0,0,0,0,0,1,0,0,0,0.0,0.0,0.0,0.0,64,0,0,0,0,0,0,2,0,0,0,905,-1,0,32,0,0,0,0,0,0,0,0,BENIGN
10.42.0.42-104.192.110.245-50956-80-6,104.192.110.245,80,10.42.0.42,50956,6,08/08/2017 02:59:39,1497,2,0,0.0,0.0,0.0,0.0,0.0,0.0,0,0,0,0,0.0,1336.005344021376,1497.0,0.0,1497.0,1497.0,1497.0,1497.0,0.0,1497.0,1497.0,0,0,0,0,0,0,0,0,0,40,0,1336.005344021376,0.0,0.0,0.0,0.0,0.0,0.0,0,0,0,0,1,0,0,0,0.0,0.0,0.0,0.0,40,0,0,0,0,0,0,2,0,0,0,29,-1,0,20,0,0,0,0,0,0,0,0,BENIGN
10.42.0.42-104.192.110.245-50957-80-6,104.192.110.245,80,10.42.0.42,50957,6,08/08/2017 02:59:39,1736,2,0,0.0,0.0,0.0,0.0,0.0,0.0,0,0,0,0,0.0,1152.073732718894,1736.0,0.0,1736.0,1736.0,1736.0,1736.0,0.0,1736.0,1736.0,0,0,0,0,0,0,0,0,0,40,0,1152.073732718894,0.0,0.0,0.0,0.0,0.0,0.0,0,0,0,0,1,0,0,0,0.0,0.0,0.0,0.0,40,0,0,0,0,0,0,2,0,0,0,29,-1,0,20,0,0,0,0,0,0,0,0,BENIGN
180.163.255.159-10.42.0.42-80-39608-6,10.42.0.42,39608,180.163.255.159,80,6,08/08/2017 02:59:29,10773595,6,6,682.0,3805.0,682.0,0.0,113.66666666666667,278.42533409635456,1460.0,0.0,634.1666666666666,725.7300921600721,416.48122098519576,1.1138343329222975,979417.7272727273,2994787.7652933304,9999759.0,3.0,773836.0,154767.2,213130.8331265094,425184.0,126.0,1.0428311E7,2085662.2,4429461.9455496175,1.0005172E7,3.0,0,0,0,0,164,132,0.5569171664611487,0.5569171664611487,0.0,1460.0,345.15384615384613,574.6624873427656,330236.9743589743,0,0,0,1,0,0,0,0,1.0,373.9166666666667,113.66666666666667,634.1666666666666,164,0,0,0,0,0,0,6,682,6,3805,65535,32,1,20,0,0,0,0,0,0,0,0,BENIGN
10.42.0.42-106.11.135.2-53114-80-6,10.42.0.42,53114,106.11.135.2,80,6,08/08/2017 02:59:29,10352176,3,1,0.0,0.0,0.0,0.0,0.0,0.0,0.0,0.0,0.0,0.0,0.0,0.38639219425944843,3450725.3333333335,5758721.84479389,1.0098796E7,3221.0,1.0352176E7,5176088.0,6961760.417202534,1.0098796E7,253380.0,0,0,0,0,0,0,0,0,0,80,40,0.28979414569458634,0.09659804856486211,0.0,0.0,0.0,0.0,0.0,0,0,0,1,0,0,0,0,0.0,0.0,0.0,0.0,80,0,0,0,0,0,0,3,0,1,0,65535,11520,0,20,0,0,0,0,0,0,0,0,BENIGN
180.163.255.159-10.42.0.42-80-39616-6,10.42.0.42,39616,180.163.255.159,80,6,08/08/2017 02:59:29,10547091,3,1,0.0,0.0,0.0,0.0,0.0,0.0,0.0,0.0,0.0,0.0,0.0,0.37925149218869925,3515697.0,5790511.047486914,1.0199053E7,2023.0,1.0547091E7,5273545.5,6965719.508070397,1.0199053E7,348038.0,0,0,0,0,0,0,0,0,0,80,32,0.2844386191415244,0.09481287304717481,0.0,0.0,0.0,0.0,0.0,0,0,0,1,0,0,0,0,0.0,0.0,0.0,0.0,80,0,0,0,0,0,0,3,0,1,0,65535,14600,0,20,0,0,0,0,0,0,0,0,BENIGN
10.42.0.42-106.11.135.2-53116-80-6,10.42.0.42,53116,106.11.135.2,80,6,08/08/2017 02:59:29,10351213,3,1,0.0,0.0,0.0,0.0,0.0,0.0,0.0,0.0,0.0,0.0,0.0,0.38642814132024916,3450404.3333333335,5758680.439927392,1.0098404E7,2003.0,1.0351213E7,5175606.5,6961886.989316367,1.0098404E7,252809.0,0,0,0,0,0,0,0,0,0,80,40,0.28982110599018684,0.09660703533006229,0.0,0.0,0.0,0.0,0.0,0,0,0,1,0,0,0,0,0.0,0.0,0.0,0.0,80,0,0,0,0,0,0,3,0,1,0,65535,11520,0,20,0,0,0,0,0,0,0,0,BENIGN
10.42.0.42-106.11.135.2-53118-80-6,10.42.0.42,53118,106.11.135.2,80,6,08/08/2017 02:59:29,10347905,3,1,0.0,0.0,0.0,0.0,0.0,0.0,0.0,0.0,0.0,0.0,0.0,0.3865516739861836,3449301.6666666665,5759605.23564127,1.0098404E7,1742.0,1.0347905E7,5173952.5,6964226.0985485315,1.0098404E7,249501.0,0,0,0,0,0,0,0,0,0,80,40,0.2899137554896377,0.0966379184965459,0.0,0.0,0.0,0.0,0.0,0,0,0,1,0,0,0,0,0.0,0.0,0.0,0.0,80,0,0,0,0,0,0,3,0,1,0,65535,11520,0,20,0,0,0,0,0,0,0,0,BENIGN
180.149.136.247-10.42.0.42-80-34237-6,180.149.136.247,80,10.42.0.42,34237,6,08/08/2017 02:59:39,416,2,0,187.0,0.0,187.0,0.0,93.5,132.22896808188437,0,0,0,0,449519.2307692308,4807.692307692308,416.0,0.0,416.0,416.0,416.0,416.0,0.0,416.0,416.0,0,0,0,0,0,0,0,0,0,40,0,4807.692307692308,0.0,0.0,187.0,62.333333333333336,107.96450033846003,11656.333333333334,0,0,0,0,1,0,0,0,0.0,93.5,93.5,0.0,40,0,0,0,0,0,0,2,187,0,0,115,-1,1,20,0,0,0,0,0,0,0,0,BENIGN
180.163.255.159-10.42.0.42-80-39606-6,180.163.255.159,80,10.42.0.42,39606,6,08/08/2017 02:59:39,3740,2,0,0.0,0.0,0.0,0.0,0.0,0.0,0,0,0,0,0.0,534.75935828877,3740.0,0.0,3740.0,3740.0,3740.0,3740.0,0.0,3740.0,3740.0,0,0,0,0,0,0,0,0,0,40,0,534.75935828877,0.0,0.0,0.0,0.0,0.0,0.0,0,0,0,0,1,0,0,0,0.0,0.0,0.0,0.0,40,0,0,0,0,0,0,2,0,0,0,29,-1,0,20,0,0,0,0,0,0,0,0,BENIGN
180.163.255.159-10.42.0.42-80-39607-6,180.163.255.159,80,10.42.0.42,39607,6,08/08/2017 02:59:40,3266,2,0,0.0,0.0,0.0,0.0,0.0,0.0,0,0,0,0,0.0,612.369871402327,3266.0,0.0,3266.0,3266.0,3266.0,3266.0,0.0,3266.0,3266.0,0,0,0,0,0,0,0,0,0,40,0,612.369871402327,0.0,0.0,0.0,0.0,0.0,0.0,0,0,0,0,1,0,0,0,0.0,0.0,0.0,0.0,40,0,0,0,0,0,0,2,0,0,0,29,-1,0,20,0,0,0,0,0,0,0,0,BENIGN
10.42.0.42-123.125.29.220-45304-80-6,10.42.0.42,45304,123.125.29.220,80,6,08/08/2017 02:59:39,608528,4,4,1488.0,193.0,1460.0,0.0,372.0,725.453421431498,193.0,0.0,48.25,96.5,2762.4037020482215,13.146478058528121,86932.57142857142,146114.8038779292,301933.0,5.0,307382.0,102460.66666666666,174632.4288336314,304103.0,312.0,306595.0,102198.33333333334,175760.17164685897,305147.0,5.0,0,0,0,0,100,104,6.573239029264061,6.573239029264061,0.0,1460.0,186.77777777777777,481.61960554408955,231957.44444444444,0,0,0,1,0,0,0,0,1.0,210.125,372.0,48.25,100,0,0,0,0,0,0,4,1488,4,193,65535,137,2,20,0,0,0,0,0,0,0,0,BENIGN
222.73.28.96-10.42.0.42-80-37221-6,10.42.0.42,37221,222.73.28.96,80,6,08/08/2017 02:59:39,734418,3,8,614.0,8009.0,614.0,0.0,204.66666666666666,354.4930652824302,1460.0,0.0,1001.125,670.0395377459879,11741.269957980332,14.977846403546753,73441.8,152851.64398112745,364066.0,1.0,368832.0,184416.0,255332.0160457752,364963.0,3869.0,371589.0,53084.14285714286,139777.63767788294,370069.0,1.0,0,0,0,0,80,172,4.084867200967296,10.892979202579458,0.0,1460.0,718.5833333333334,696.8326339207786,485575.7196969697,0,0,0,1,0,0,0,0,2.0,783.9090909090909,204.66666666666666,1001.125,80,0,0,0,0,0,0,3,614,8,8009,65535,62,1,20,0,0,0,0,0,0,0,0,BENIGN
222.73.28.96-10.42.0.42-80-37221-6,10.42.0.42,37221,222.73.28.96,80,6,08/08/2017 02:59:40,3614,6,0,0.0,0.0,0.0,0.0,0.0,0.0,0,0,0,0,0.0,1660.2102933038184,722.8,1527.6906427677038,3453.0,1.0,3614.0,722.8,1527.6906427677038,3453.0,1.0,0,0,0,0,0,0,0,0,0,120,0,1660.2102933038184,0.0,0.0,0.0,0.0,0.0,0.0,0,0,0,0,1,0,0,0,0.0,0.0,0.0,0.0,120,0,0,0,0,0,0,6,0,0,0,1415,-1,0,20,0,0,0,0,0,0,0,0,BENIGN
10.42.0.42-123.125.115.164-52741-443-6,10.42.0.42,52741,123.125.115.164,443,6,08/08/2017 02:59:27,13000012,2,0,0.0,0.0,0.0,0.0,0.0,0.0,0,0,0,0,0.0,0.15384601183445062,1.3000012E7,0.0,1.3000012E7,1.3000012E7,1.3000012E7,1.3000012E7,0.0,1.3000012E7,1.3000012E7,0,0,0,0,0,0,0,0,0,40,0,0.15384601183445062,0.0,0.0,0.0,0.0,0.0,0.0,0,0,0,0,1,1,0,0,0.0,0.0,0.0,0.0,40,0,0,0,0,0,0,2,0,0,0,1597,-1,0,20,0,0,0,0,0,0,0,0,BENIGN
222.73.28.96-10.42.0.42-80-37228-6,10.42.0.42,37228,222.73.28.96,80,6,08/08/2017 02:59:40,755926,3,5,562.0,2592.0,562.0,0.0,187.33333333333334,324.4708512845697,1460.0,0.0,518.4,719.2585070751684,4172.36607816109,10.583046488677462,107989.42857142858,181359.2568420088,375877.0,5.0,383796.0,191898.0,270435.8168919198,383125.0,671.0,380049.0,95012.25,189272.20958252164,378920.0,5.0,0,0,0,0,80,112,3.9686424332540486,6.614404055423415,0.0,1460.0,350.44444444444446,572.6655025211295,327945.77777777775,0,0,0,1,0,0,0,0,1.0,394.25,187.33333333333334,518.4,80,0,0,0,0,0,0,3,562,5,2592,65535,62,1,20,0,0,0,0,0,0,0,0,BENIGN
222.73.28.96-10.42.0.42-80-37228-6,10.42.0.42,37228,222.73.28.96,80,6,08/08/2017 02:59:40,8427,3,0,0.0,0.0,0.0,0.0,0.0,0.0,0,0,0,0,0.0,355.99857600569595,4213.5,5780.597936200026,8301.0,126.0,8427.0,4213.5,5780.597936200026,8301.0,126.0,0,0,0,0,0,0,0,0,0,60,0,355.99857600569595,0.0,0.0,0.0,0.0,0.0,0.0,0,0,0,0,1,0,0,0,0.0,0.0,0.0,0.0,60,0,0,0,0,0,0,3,0,0,0,1415,-1,0,20,0,0,0,0,0,0,0,0,BENIGN
10.42.0.42-115.239.210.141-44275-80-6,10.42.0.42,44275,115.239.210.141,80,6,08/08/2017 02:59:10,30791510,2,0,0.0,0.0,0.0,0.0,0.0,0.0,0,0,0,0,0.0,0.06495296917884183,3.079151E7,0.0,3.079151E7,3.079151E7,3.079151E7,3.079151E7,0.0,3.079151E7,3.079151E7,0,0,0,0,0,0,0,0,0,40,0,0.06495296917884183,0.0,0.0,0.0,0.0,0.0,0.0,0,0,0,0,1,1,0,0,0.0,0.0,0.0,0.0,40,0,0,0,0,0,0,2,0,0,0,1369,-1,0,20,0,0,0,0,0,0,0,0,BENIGN
10.42.0.42-115.236.16.203-58499-443-6,10.42.0.42,58499,115.236.16.203,443,6,08/08/2017 02:59:39,1385285,7,8,1102.0,2988.0,538.0,0.0,157.42857142857144,215.59132414737624,1448.0,0.0,373.5,599.3093644235123,2952.461045921958,10.828096745435055,98948.92857142858,158695.0593242196,346579.0,3.0,1045587.0,174264.5,189089.40284082553,357960.0,123.0,1047001.0,149571.57142857145,186234.20360651365,353810.0,3.0,0,0,0,0,232,264,5.053111814536359,5.774984930898696,0.0,1448.0,255.62500000000003,449.96872113514735,202471.84999999998,0,0,0,1,0,0,0,0,1.0,272.6666666666667,157.42857142857142,373.5,232,0,0,0,0,0,0,7,1102,8,2988,65535,36,3,32,0,0,0,0,0,0,0,0,BENIGN
180.163.255.159-10.42.0.42-80-39616-6,10.42.0.42,39616,180.163.255.159,80,6,08/08/2017 02:59:41,345477,1,1,0.0,0.0,0.0,0.0,0.0,0.0,0.0,0.0,0.0,0.0,0.0,5.78909739287999,345477.0,0.0,345477.0,345477.0,0,0,0,0,0,0,0,0,0,0,0,0,0,0,20,20,2.894548696439995,2.894548696439995,0.0,0.0,0.0,0.0,0.0,0,0,0,0,1,1,0,0,1.0,0.0,0.0,0.0,20,0,0,0,0,0,0,1,0,1,0,1369,29,0,20,0,0,0,0,0,0,0,0,BENIGN
10.42.0.42-115.236.16.203-58499-443-6,10.42.0.42,58499,115.236.16.203,443,6,08/08/2017 02:59:41,492403,3,0,0.0,0.0,0.0,0.0,0.0,0.0,0,0,0,0,0.0,6.092570516426586,246201.5,302015.91284649225,459759.0,32644.0,492403.0,246201.5,302015.91284649225,459759.0,32644.0,0,0,0,0,0,0,0,0,0,96,0,6.092570516426586,0.0,0.0,0.0,0.0,0.0,0.0,0,0,0,0,1,0,0,0,0.0,0.0,0.0,0.0,96,0,0,0,0,0,0,3,0,0,0,1505,-1,0,32,0,0,0,0,0,0,0,0,BENIGN
10.42.0.42-119.146.74.49-33617-443-6,10.42.0.42,33617,119.146.74.49,443,6,08/08/2017 02:58:27,74153214,50,65,1493.0,68962.0,391.0,0.0,29.859999999999996,97.18381699498269,1340.0,0.0,1060.9538461538466,521.9087393515638,950.1273943432849,1.5508430962951922,650466.7894736844,5705306.375157695,5.9990453E7,0.0,1.4162756E7,289035.8367346939,1604245.8666918515,1.1182922E7,2.0,7.3905592E7,1154774.875,7612864.764456418,6.0027751E7,0.0,0,0,0,0,1068,1324,0.6742796070848661,0.876563489210326,0.0,1340.0,607.370689655172,648.1642777564343,420116.9309595201,0,0,0,1,0,0,0,0,1.0,612.6521739130435,29.86,1060.9538461538461,1068,0,0,0,0,0,0,50,1493,65,68962,65535,4380,5,20,1489917.0,1268133.7866613285,2386623.0,593211.0,3.55866875E7,3.4512136143072635E7,5.9990453E7,1.1182922E7,BENIGN
222.73.28.96-10.42.0.42-80-37159-6,10.42.0.42,37159,222.73.28.96,80,6,08/08/2017 02:59:29,11779531,3,1,0.0,0.0,0.0,0.0,0.0,0.0,0.0,0.0,0.0,0.0,0.0,0.33957209332018395,3926510.3333333335,6502890.783190683,1.1432868E7,4410.0,1.1779531E7,5889765.5,7839130.733124209,1.1432868E7,346663.0,0,0,0,0,0,0,0,0,0,80,32,0.25467906999013795,0.08489302333004599,0.0,0.0,0.0,0.0,0.0,0,0,0,1,0,0,0,0,0.0,0.0,0.0,0.0,80,0,0,0,0,0,0,3,0,1,0,65535,14600,0,20,0,0,0,0,0,0,0,0,BENIGN
10.42.0.42-119.146.74.49-33740-443-6,10.42.0.42,33740,119.146.74.49,443,6,08/08/2017 02:58:40,60823850,9,11,959.0,2353.0,517.0,0.0,106.55555555555556,200.18248619141931,1340.0,0.0,213.90909090909093,443.2817285982933,54.452324211637375,0.3288183829205156,3201255.2631578944,1.3745359901302734E7,5.9961584E7,2.0,861978.0,107747.25,107519.14063584877,257632.0,414.0,6.0569658E7,6056965.8,1.89549862587617E7,6.0003204E7,2.0,0,0,0,0,212,244,0.14796827231423199,0.18085011060628356,0.0,1340.0,157.7142857142857,344.1465011963862,118436.81428571427,0,0,0,1,0,0,0,0,1.0,165.6,106.55555555555556,213.9090909090909,212,0,0,0,0,0,0,9,959,11,2353,65535,4380,3,20,861978.0,0.0,861978.0,861978.0,5.9961584E7,0.0,5.9961584E7,5.9961584E7,BENIGN
10.42.0.42-115.239.210.141-44515-80-6,10.42.0.42,44515,115.239.210.141,80,6,08/08/2017 02:59:22,18993519,47,57,11162.0,60583.0,1452.0,0.0,237.4893617021276,512.7403729976387,1460.0,0.0,1062.8596491228072,600.0155485662879,3777.341102509756,5.475551950115195,184403.09708737864,1002170.3545019573,9993551.0,0.0,8999968.0,195651.4782608696,327497.00689914636,1844979.0,1.0,1.8680897E7,333587.44642857136,1369331.2719190265,9999022.0,0.0,0,0,0,0,972,1160,2.474528285148213,3.001023664966982,0.0,1460.0,683.285714285714,695.2746927306131,483406.8983516484,0,0,0,1,0,0,0,0,1.0,689.8557692307693,237.48936170212767,1062.859649122807,972,0,0,0,0,0,0,47,11162,57,60583,65535,1180,12,20,0,0,0,0,0,0,0,0,BENIGN
174.35.73.164-10.42.0.42-80-60996-6,10.42.0.42,60996,174.35.73.164,80,6,08/08/2017 02:59:35,6358947,4,4,661.0,272.0,661.0,0.0,165.25,330.5,272.0,0.0,68.0,136.0,146.72240545486542,1.258069928873444,908421.0,2370582.719267213,6284343.0,439.0,74604.0,24868.0,1603.9454479501478,26353.0,23167.0,6336050.0,2112016.666666667,3615833.137663619,6287129.0,439.0,0,0,0,0,136,136,0.629034964436722,0.629034964436722,0.0,661.0,103.66666666666667,227.53681020880995,51773.0,0,0,0,1,0,0,0,0,1.0,116.625,165.25,68.0,136,0,0,0,0,0,0,4,661,4,272,65535,674,1,32,0,0,0,0,0,0,0,0,BENIGN
174.35.73.164-10.42.0.42-80-60993-6,10.42.0.42,60993,174.35.73.164,80,6,08/08/2017 02:59:35,6709201,4,4,661.0,367.0,661.0,0.0,165.25,330.5,367.0,0.0,91.75,183.49999999999997,153.22241798986198,1.1923923578977587,958457.2857142858,2395177.6162101016,6386405.0,2457.0,322796.0,107598.66666666666,126465.23513334933,253434.0,28162.0,6686223.0,2228741.0,3605227.4830169873,6388862.0,15601.0,0,0,0,0,136,136,0.5961961789488793,0.5961961789488793,0.0,661.0,114.22222222222223,238.2723115354456,56773.694444444445,0,0,0,1,0,0,0,0,1.0,128.5,165.25,91.75,136,0,0,0,0,0,0,4,661,4,367,65535,674,1,32,0,0,0,0,0,0,0,0,BENIGN
174.35.73.164-10.42.0.42-80-60996-6,10.42.0.42,60996,174.35.73.164,80,6,08/08/2017 02:59:42,22477,1,1,0.0,0.0,0.0,0.0,0.0,0.0,0.0,0.0,0.0,0.0,0.0,88.97984606486631,22477.0,0.0,22477.0,22477.0,0,0,0,0,0,0,0,0,0,0,0,0,0,0,32,32,44.489923032433154,44.489923032433154,0.0,0.0,0.0,0.0,0.0,0,0,0,0,1,0,0,0,1.0,0.0,0.0,0.0,32,0,0,0,0,0,0,1,0,1,0,1386,674,0,32,0,0,0,0,0,0,0,0,BENIGN
174.35.73.164-10.42.0.42-80-60993-6,10.42.0.42,60993,174.35.73.164,80,6,08/08/2017 02:59:42,22480,1,1,0.0,0.0,0.0,0.0,0.0,0.0,0.0,0.0,0.0,0.0,0.0,88.96797153024912,22480.0,0.0,22480.0,22480.0,0,0,0,0,0,0,0,0,0,0,0,0,0,0,32,32,44.48398576512456,44.48398576512456,0.0,0.0,0.0,0.0,0.0,0,0,0,0,1,0,0,0,1.0,0.0,0.0,0.0,32,0,0,0,0,0,0,1,0,1,0,1386,674,0,32,0,0,0,0,0,0,0,0,BENIGN
222.73.28.96-10.42.0.42-80-37232-6,10.42.0.42,37232,222.73.28.96,80,6,08/08/2017 02:59:41,718200,3,5,527.0,2135.0,527.0,0.0,175.66666666666666,304.26359186293274,1460.0,0.0,427.0,647.2209823545587,3706.4884433305488,11.138958507379561,102600.0,172777.40357658654,357927.0,2.0,364139.0,182069.5,251436.5647882185,359862.0,4277.0,360273.0,90068.25,179482.419422024,359291.0,2.0,0,0,0,0,80,112,4.177109440267335,6.961849067112225,0.0,1460.0,295.77777777777777,509.60690188069907,259699.19444444444,0,0,0,1,0,0,0,0,1.0,332.75,175.66666666666666,427.0,80,0,0,0,0,0,0,3,527,5,2135,65535,62,1,20,0,0,0,0,0,0,0,0,BENIGN
222.73.28.96-10.42.0.42-80-37232-6,10.42.0.42,37232,222.73.28.96,80,6,08/08/2017 02:59:42,3125,2,0,0.0,0.0,0.0,0.0,0.0,0.0,0,0,0,0,0.0,640.0,3125.0,0.0,3125.0,3125.0,3125.0,3125.0,0.0,3125.0,3125.0,0,0,0,0,0,0,0,0,0,40,0,640.0,0.0,0.0,0.0,0.0,0.0,0.0,0,0,0,0,1,0,0,0,0.0,0.0,0.0,0.0,40,0,0,0,0,0,0,2,0,0,0,1460,-1,0,20,0,0,0,0,0,0,0,0,BENIGN
222.73.28.96-10.42.0.42-80-37233-6,10.42.0.42,37233,222.73.28.96,80,6,08/08/2017 02:59:41,756506,3,6,538.0,3909.0,538.0,0.0,179.33333333333334,310.6144448240187,1460.0,0.0,651.5,734.1127297629431,5878.340687317747,11.89679923225989,94563.25,173161.72593746823,377679.0,2.0,382161.0,191080.5,269500.31462041003,381646.0,515.0,378827.0,75765.4,168398.72052898738,377004.0,2.0,0,0,0,0,80,132,3.9655997440866297,7.9311994881732595,0.0,1460.0,444.7,628.3297170541382,394798.23333333334,0,0,0,1,0,0,0,0,2.0,494.1111111111111,179.33333333333334,651.5,80,0,0,0,0,0,0,3,538,6,3909,65535,62,1,20,0,0,0,0,0,0,0,0,BENIGN
222.73.28.96-10.42.0.42-80-37233-6,10.42.0.42,37233,222.73.28.96,80,6,08/08/2017 02:59:42,4586,3,0,0.0,0.0,0.0,0.0,0.0,0.0,0,0,0,0,0.0,654.1648495420847,2293.0,2450.8321035925737,4026.0,560.0,4586.0,2293.0,2450.8321035925737,4026.0,560.0,0,0,0,0,0,0,0,0,0,60,0,654.1648495420847,0.0,0.0,0.0,0.0,0.0,0.0,0,0,0,0,1,0,0,0,0.0,0.0,0.0,0.0,60,0,0,0,0,0,0,3,0,0,0,1415,-1,0,20,0,0,0,0,0,0,0,0,BENIGN
222.73.28.96-10.42.0.42-80-37225-6,10.42.0.42,37225,222.73.28.96,80,6,08/08/2017 02:59:39,2878879,21,29,616.0,37463.0,616.0,0.0,29.333333333333332,134.4222203853713,1460.0,0.0,1291.8275862068963,451.31665071413283,13227.023435163479,17.367871313799572,58752.632653061235,222953.2991814741,1429694.0,0.0,2520070.0,126003.50000000003,334132.23476366047,1429694.0,1.0,2514249.0,89794.60714285713,346253.96772817866,1789750.0,0.0,0,0,0,0,440,592,7.294505951795821,10.073365362003752,0.0,1460.0,746.6470588235295,721.7596226869279,520936.95294117654,0,0,0,1,0,0,0,0,1.0,761.58,29.333333333333332,1291.8275862068965,440,0,0,0,0,0,0,21,616,29,37463,65535,62,1,20,0,0,0,0,0,0,0,0,BENIGN
222.73.28.96-10.42.0.42-80-37225-6,10.42.0.42,37225,222.73.28.96,80,6,08/08/2017 02:59:42,1506,3,0,0.0,0.0,0.0,0.0,0.0,0.0,0,0,0,0,0.0,1992.0318725099603,753.0,555.7859300126264,1146.0,360.0,1506.0,753.0,555.7859300126264,1146.0,360.0,0,0,0,0,0,0,0,0,0,60,0,1992.0318725099603,0.0,0.0,0.0,0.0,0.0,0.0,0,0,0,0,1,0,0,0,0.0,0.0,0.0,0.0,60,0,0,0,0,0,0,3,0,0,0,2464,-1,0,20,0,0,0,0,0,0,0,0,BENIGN
174.35.73.164-10.42.0.42-80-60996-6,10.42.0.42,60996,174.35.73.164,80,6,08/08/2017 02:59:42,720137,2,0,0.0,0.0,0.0,0.0,0.0,0.0,0,0,0,0,0.0,2.7772493289471307,720137.0,0.0,720137.0,720137.0,720137.0,720137.0,0.0,720137.0,720137.0,0,0,0,0,0,0,0,0,0,76,0,2.7772493289471307,0.0,0.0,0.0,0.0,0.0,0.0,0,0,0,0,1,0,0,0,0.0,0.0,0.0,0.0,76,0,0,0,0,0,0,2,0,0,0,1386,-1,0,32,0,0,0,0,0,0,0,0,BENIGN
10.42.0.42-115.239.210.141-44515-80-6,10.42.0.42,44515,115.239.210.141,80,6,08/08/2017 02:59:41,1037000,2,0,0.0,0.0,0.0,0.0,0.0,0.0,0,0,0,0,0.0,1.9286403085824495,1037000.0,0.0,1037000.0,1037000.0,1037000.0,1037000.0,0.0,1037000.0,1037000.0,0,0,0,0,0,0,0,0,0,40,0,1.9286403085824495,0.0,0.0,0.0,0.0,0.0,0.0,0,0,0,0,1,0,0,0,0.0,0.0,0.0,0.0,40,0,0,0,0,0,0,2,0,0,0,3363,-1,0,20,0,0,0,0,0,0,0,0,BENIGN
174.35.73.164-10.42.0.42-80-60993-6,10.42.0.42,60993,174.35.73.164,80,6,08/08/2017 02:59:42,720364,2,0,0.0,0.0,0.0,0.0,0.0,0.0,0,0,0,0,0.0,2.7763741663936563,720364.0,0.0,720364.0,720364.0,720364.0,720364.0,0.0,720364.0,720364.0,0,0,0,0,0,0,0,0,0,76,0,2.7763741663936563,0.0,0.0,0.0,0.0,0.0,0.0,0,0,0,0,1,0,0,0,0.0,0.0,0.0,0.0,76,0,0,0,0,0,0,2,0,0,0,1386,-1,0,32,0,0,0,0,0,0,0,0,BENIGN
10.42.0.42-122.225.81.54-38519-80-6,10.42.0.42,38519,122.225.81.54,80,6,08/08/2017 02:59:42,689320,3,2,422.0,425.0,422.0,0.0,140.66666666666666,243.64181359802205,425.0,0.0,212.5,300.5203820042827,1228.7471711251667,7.253525213253641,172330.0,197482.362083301,347540.0,589.0,341780.0,170890.0,240841.98388570047,341191.0,589.0,350204.0,350204.0,0.0,350204.0,350204.0,0,0,0,0,104,76,4.352115127952184,2.9014100853014564,0.0,425.0,141.16666666666669,218.69651727146152,47828.16666666667,0,0,0,1,0,0,0,0,0.0,169.4,140.66666666666666,212.5,104,0,0,0,0,0,0,3,422,2,425,65535,65113,1,32,0,0,0,0,0,0,0,0,BENIGN
180.163.255.159-10.42.0.42-80-39605-6,10.42.0.42,39605,180.163.255.159,80,6,08/08/2017 02:59:29,14689158,4,4,1067.0,414.0,1067.0,0.0,266.75,533.5,414.0,0.0,103.5,207.0,100.82266117635878,0.544619371648123,2098451.1428571427,3769672.2138164495,9998190.0,2191.0,4690968.0,1563656.0,2097331.2424443117,3985443.0,349740.0,1.4343007E7,4781002.333333334,5011222.761202133,1.0000381E7,7770.0,0,0,0,0,100,92,0.2723096858240615,0.2723096858240615,0.0,1067.0,164.55555555555554,365.0647583344327,133272.27777777778,0,0,0,1,0,0,0,0,1.0,185.125,266.75,103.5,100,0,0,0,0,0,0,4,1067,4,414,65535,33,1,20,0,0,0,0,0,0,0,0,BENIGN
10.42.0.42-123.125.115.164-52886-443-6,10.42.0.42,52886,123.125.115.164,443,6,08/08/2017 02:59:27,17636525,12,15,3785.0,4945.0,1050.0,0.0,315.4166666666667,463.73473184046884,1460.0,0.0,329.6666666666667,496.5670242009728,494.9954710465923,1.5309138279791512,678327.8846153845,1608548.5708635182,6049914.0,3.0,1.2644083E7,1149462.090909091,1931217.2289547573,6049914.0,210.0,1.7318219E7,1237015.6428571427,2193873.393322715,6410211.0,3.0,0,0,0,0,260,320,0.6804061457685117,0.8505076822106397,0.0,1460.0,311.78571428571433,468.2440292192426,219252.4708994709,0,0,0,1,0,0,0,0,1.0,323.3333333333333,315.4166666666667,329.6666666666667,260,0,0,0,0,0,0,12,3785,15,4945,65535,728,5,20,1123025.0,0.0,1123025.0,1123025.0,6049914.0,0.0,6049914.0,6049914.0,BENIGN
10.42.0.42-106.39.162.36-41958-80-6,10.42.0.42,41958,106.39.162.36,80,6,08/08/2017 02:59:39,6266249,2,0,0.0,0.0,0.0,0.0,0.0,0.0,0,0,0,0,0.0,0.31917020852506817,6266249.0,0.0,6266249.0,6266249.0,6266249.0,6266249.0,0.0,6266249.0,6266249.0,0,0,0,0,0,0,0,0,0,40,0,0.31917020852506817,0.0,0.0,0.0,0.0,0.0,0.0,0,0,0,0,1,1,0,0,0.0,0.0,0.0,0.0,40,0,0,0,0,0,0,2,0,0,0,1369,-1,0,20,0,0,0,0,0,0,0,0,BENIGN
10.42.0.42-106.39.162.36-41960-80-6,10.42.0.42,41960,106.39.162.36,80,6,08/08/2017 02:59:39,6267085,2,0,0.0,0.0,0.0,0.0,0.0,0.0,0,0,0,0,0.0,0.3191276327032424,6267085.0,0.0,6267085.0,6267085.0,6267085.0,6267085.0,0.0,6267085.0,6267085.0,0,0,0,0,0,0,0,0,0,40,0,0.3191276327032424,0.0,0.0,0.0,0.0,0.0,0.0,0,0,0,0,1,1,0,0,0.0,0.0,0.0,0.0,40,0,0,0,0,0,0,2,0,0,0,1369,-1,0,20,0,0,0,0,0,0,0,0,BENIGN
10.42.0.42-106.39.162.36-41957-80-6,10.42.0.42,41957,106.39.162.36,80,6,08/08/2017 02:59:39,6267084,2,0,0.0,0.0,0.0,0.0,0.0,0.0,0,0,0,0,0.0,0.3191276836244735,6267084.0,0.0,6267084.0,6267084.0,6267084.0,6267084.0,0.0,6267084.0,6267084.0,0,0,0,0,0,0,0,0,0,40,0,0.3191276836244735,0.0,0.0,0.0,0.0,0.0,0.0,0,0,0,0,1,1,0,0,0.0,0.0,0.0,0.0,40,0,0,0,0,0,0,2,0,0,0,1369,-1,0,20,0,0,0,0,0,0,0,0,BENIGN
180.149.136.194-10.42.0.42-443-39367-6,10.42.0.42,39367,180.149.136.194,443,6,08/08/2017 02:59:35,10563914,7,7,835.0,3009.0,517.0,0.0,119.2857142857143,211.6638170036897,1460.0,0.0,429.8571428571429,648.8272570752631,363.8802814941507,1.3252663738080412,812608.7692307691,2662969.8504431774,9666743.0,3.0,897163.0,149527.1666666667,161187.28758238556,323164.0,1086.0,1.0285342E7,1714223.6666666667,3919761.13877561,9710258.0,3.0,0,0,0,0,160,152,0.6626331869040206,0.6626331869040206,0.0,1460.0,256.26666666666665,478.28749075166473,228758.92380952375,0,0,0,1,0,0,0,0,1.0,274.57142857142856,119.28571428571429,429.85714285714283,160,0,0,0,0,0,0,7,835,7,3009,65535,131,2,20,897163.0,0.0,897163.0,897163.0,9666743.0,0.0,9666743.0,9666743.0,BENIGN
180.149.136.194-10.42.0.42-443-39368-6,10.42.0.42,39368,180.149.136.194,443,6,08/08/2017 02:59:35,10559761,6,7,835.0,3009.0,517.0,0.0,139.16666666666666,224.59244570258073,1460.0,0.0,429.8571428571429,648.8272570752631,364.02339030211004,1.2310884687636396,879980.0833333333,2770594.54570063,9669288.0,5.0,890468.0,178093.6,160420.70884022425,319713.0,843.0,1.0281123E7,1713520.5,3919476.018615435,9709020.0,5.0,0,0,0,0,140,152,0.5681946778909106,0.662893790872729,0.0,1460.0,274.5714285714286,490.85964064403055,240943.18681318683,0,0,0,1,0,0,0,0,1.0,295.6923076923077,139.16666666666666,429.85714285714283,140,0,0,0,0,0,0,6,835,7,3009,65535,131,2,20,890468.0,0.0,890468.0,890468.0,9669288.0,0.0,9669288.0,9669288.0,BENIGN
10.42.0.42-123.125.115.164-52885-443-6,10.42.0.42,52885,123.125.115.164,443,6,08/08/2017 02:59:27,19254309,21,24,7937.0,7130.0,1050.0,0.0,377.95238095238096,493.43494770744365,1460.0,0.0,297.0833333333333,412.78196336003134,782.5261347992287,2.3371391827148926,437597.9318181819,1270924.521715615,7432462.0,2.0,1.5018552E7,750927.6,1603104.1056655447,7432462.0,210.0,1.8935064E7,823263.652173913,1784663.8847659705,7795127.0,2.0,0,0,0,0,452,500,1.0906649519336165,1.2464742307812762,0.0,1460.0,327.5434782608696,446.5029902361853,199364.92028985498,0,0,0,1,0,0,0,0,1.0,334.8222222222222,377.95238095238096,297.0833333333333,452,0,0,0,0,0,0,21,7937,24,7130,65535,984,9,20,1135428.0,0.0,1135428.0,1135428.0,7432462.0,0.0,7432462.0,7432462.0,BENIGN
10.42.0.42-123.125.115.164-52881-443-6,10.42.0.42,52881,123.125.115.164,443,6,08/08/2017 02:59:27,19344302,13,13,3252.0,4508.0,1050.0,0.0,250.15384615384616,399.0289977252794,1460.0,0.0,346.7692307692307,526.6324071947076,401.1517189919802,1.3440650378597274,773772.0800000001,2130690.6387099763,9690588.0,5.0,1.4347802E7,1195650.1666666665,2727616.745425102,9690588.0,143.0,1.902466E7,1585388.3333333333,3053971.7647334216,1.0049474E7,5.0,0,0,0,0,292,280,0.6720325189298637,0.6720325189298637,0.0,1460.0,287.40740740740733,455.1096452216643,207124.78917378915,0,0,0,1,0,0,0,0,1.0,298.46153846153845,250.15384615384616,346.7692307692308,292,0,0,0,0,0,0,13,3252,13,4508,65535,656,5,20,2677852.0,0.0,2677852.0,2677852.0,9690588.0,0.0,9690588.0,9690588.0,BENIGN
180.163.255.159-10.42.0.42-80-39290-6,10.42.0.42,39290,180.163.255.159,80,6,08/08/2017 02:59:13,33679824,2,0,0.0,0.0,0.0,0.0,0.0,0.0,0,0,0,0,0.0,0.05938273311642008,3.3679824E7,0.0,3.3679824E7,3.3679824E7,3.3679824E7,3.3679824E7,0.0,3.3679824E7,3.3679824E7,0,0,0,0,0,0,0,0,0,40,0,0.05938273311642008,0.0,0.0,0.0,0.0,0.0,0.0,0,0,0,0,1,1,0,0,0.0,0.0,0.0,0.0,40,0,0,0,0,0,0,2,0,0,0,1460,-1,0,20,0,0,0,0,0,0,0,0,BENIGN
10.42.0.42-104.192.110.245-50955-80-6,10.42.0.42,50955,104.192.110.245,80,6,08/08/2017 02:59:29,19025413,4,4,595.0,1161.0,595.0,0.0,148.75,297.5,1161.0,0.0,290.25,580.5,92.29760215980593,0.4204902148510521,2717916.1428571427,5597600.200715673,1.5002431E7,846.0,4022982.0,1340994.0,2149717.390884904,3823273.0,98098.0,1.8931297E7,6310432.333333333,7781186.440493655,1.5004964E7,846.0,0,0,0,0,100,92,0.21024510742552605,0.21024510742552605,0.0,1161.0,195.1111111111111,412.20912303236463,169916.36111111112,0,0,0,1,0,0,0,0,1.0,219.5,148.75,290.25,100,0,0,0,0,0,0,4,595,4,1161,65535,31,1,20,0,0,0,0,0,0,0,0,BENIGN
180.149.134.221-10.42.0.42-80-45663-6,10.42.0.42,45663,180.149.134.221,80,6,08/08/2017 02:59:38,10524155,4,4,1028.0,236.0,1028.0,0.0,257.0,514.0,236.0,0.0,59.0,118.00000000000001,120.10465448294899,0.7601560410313227,1503450.714285714,3746335.28445683,9994965.0,305.0,529190.0,176396.66666666666,151262.02300753925,264389.0,1736.0,1.026706E7,3422353.3333333335,5697760.109686291,9999758.0,305.0,0,0,0,0,100,92,0.38007802051566136,0.38007802051566136,0.0,1028.0,140.44444444444446,341.86222045990655,116869.77777777777,0,0,0,1,0,0,0,0,1.0,158.0,257.0,59.0,100,0,0,0,0,0,0,4,1028,4,236,65535,62,1,20,0,0,0,0,0,0,0,0,BENIGN
180.149.134.221-10.42.0.42-80-45662-6,10.42.0.42,45662,180.149.134.221,80,6,08/08/2017 02:59:38,10530898,4,4,1014.0,236.0,1014.0,0.0,253.5,507.0,236.0,0.0,59.0,118.00000000000001,118.69832943021572,0.7596693083533806,1504414.0,3746028.657874852,9995101.0,5.0,535797.0,178599.0,152751.57198209123,267381.0,2218.0,1.02701E7,3423366.6666666665,5696796.727516468,9999607.0,5.0,0,0,0,0,100,84,0.3798346541766903,0.3798346541766903,0.0,1014.0,138.88888888888889,337.3204872389329,113785.11111111111,0,0,0,1,0,0,0,0,1.0,156.25,253.5,59.0,100,0,0,0,0,0,0,4,1014,4,236,65535,7098,1,20,0,0,0,0,0,0,0,0,BENIGN
180.149.134.221-10.42.0.42-80-45664-6,10.42.0.42,45664,180.149.134.221,80,6,08/08/2017 02:59:38,10535663,4,4,1041.0,236.0,1041.0,0.0,260.25,520.5,236.0,0.0,59.0,118.00000000000001,121.20736967384018,0.7593257301415203,1505094.7142857143,3746343.36606331,9996533.0,306.0,539130.0,179710.0,152591.40420416874,268882.0,3517.0,1.0274933E7,3424977.6666666665,5696097.14907535,1.0000362E7,306.0,0,0,0,0,100,92,0.37966286507076014,0.37966286507076014,0.0,1041.0,141.88888888888889,346.08252066683616,119773.1111111111,0,0,0,1,0,0,0,0,1.0,159.625,260.25,59.0,100,0,0,0,0,0,0,4,1041,4,236,65535,62,1,20,0,0,0,0,0,0,0,0,BENIGN
10.42.0.42-104.192.110.245-50939-80-6,10.42.0.42,50939,104.192.110.245,80,6,08/08/2017 02:59:29,20395279,9,9,618.0,7490.0,618.0,0.0,68.66666666666667,206.0,1460.0,0.0,832.2222222222222,746.7224681529574,397.5429804122807,0.8825571839443824,1199722.2941176472,3770312.2083133375,1.4994668E7,1.0,5400611.0,675076.375,1829465.7211043055,5201432.0,2.0,2.0301074E7,2537634.25,5365744.011530654,1.4998516E7,1.0,0,0,0,0,200,192,0.4412785919721912,0.4412785919721912,0.0,1460.0,426.73684210526324,650.4716956951969,423113.4269005848,0,0,0,1,0,0,0,0,1.0,450.44444444444446,68.66666666666667,832.2222222222222,200,0,0,0,0,0,0,9,618,9,7490,65535,31,1,20,99542.0,0.0,99542.0,99542.0,5201432.0,0.0,5201432.0,5201432.0,BENIGN
180.149.134.221-10.42.0.42-80-45662-6,10.42.0.42,45662,180.149.134.221,80,6,08/08/2017 02:59:49,700937,1,1,0.0,0.0,0.0,0.0,0.0,0.0,0.0,0.0,0.0,0.0,0.0,2.8533234798562495,700937.0,0.0,700937.0,700937.0,0,0,0,0,0,0,0,0,0,0,0,0,0,0,20,20,1.4266617399281247,1.4266617399281247,0.0,0.0,0.0,0.0,0.0,0,0,0,0,1,0,0,0,1.0,0.0,0.0,0.0,20,0,0,0,0,0,0,1,0,1,0,65535,7098,0,20,0,0,0,0,0,0,0,0,BENIGN
221.228.208.97-10.42.0.42-80-37176-6,10.42.0.42,37176,221.228.208.97,80,6,08/08/2017 02:58:44,65823406,5,5,545.0,1010.0,545.0,0.0,109.0,243.73140954747709,505.0,0.0,202.0,276.5998915401089,23.623815516322566,0.151921643191785,7313711.777777778,2.117567723306777E7,6.3771924E7,609.0,2051482.0,512870.5,513088.9457683401,1225162.0,609.0,6.5411318E7,1.63528295E7,3.1618965243172567E7,6.3775141E7,704.0,0,0,0,0,132,112,0.0759608215958925,0.0759608215958925,0.0,545.0,141.36363636363637,242.3333541744812,58725.454545454544,0,0,0,1,0,0,0,0,1.0,155.5,109.0,202.0,132,0,0,0,0,0,0,5,545,5,1010,65535,31,1,20,0,0,0,0,0,0,0,0,BENIGN
10.42.0.42-104.192.110.245-51000-80-6,10.42.0.42,51000,104.192.110.245,80,6,08/08/2017 02:59:35,15484389,20,25,1366.0,31230.0,683.0,0.0,68.3,210.22296434224802,1460.0,0.0,1249.2000000000003,494.90672521866856,2105.0879049861123,2.9061527710263544,351917.9318181818,2258003.002719257,1.4988261E7,1.0,496128.0,26112.0,40952.068953296555,104135.0,1.0,1.5390305E7,641262.7083333334,3058175.155799892,1.499743E7,1.0,0,0,0,0,420,512,1.2916234537894908,1.6145293172368635,0.0,1460.0,708.608695652174,710.6502336518098,505023.7545893718,0,0,0,1,0,0,0,0,1.0,724.3555555555556,68.3,1249.2,420,0,0,0,0,0,0,20,1366,25,31230,65535,34,2,20,0,0,0,0,0,0,0,0,BENIGN
10.42.0.42-104.192.110.245-51001-80-6,10.42.0.42,51001,104.192.110.245,80,6,08/08/2017 02:59:35,15483861,12,23,1366.0,27218.0,684.0,0.0,113.83333333333333,265.8577313777677,1460.0,0.0,1183.3913043478262,548.6377956630763,1846.0511883954525,2.2604181218108326,455407.6764705882,2568525.0012392355,1.4990758E7,0.0,493103.0,44827.545454545456,45418.17407682444,99921.0,2.0,1.5389611E7,699527.7727272727,3194137.3906827956,1.4998891E7,0.0,0,0,0,0,260,472,0.7750004989065712,1.4854176229042615,0.0,1460.0,793.9999999999999,698.3430184576713,487682.97142857144,0,0,0,1,0,0,0,0,1.0,816.6857142857143,113.83333333333333,1183.391304347826,260,0,0,0,0,0,0,12,1366,23,27218,65535,34,2,20,0,0,0,0,0,0,0,0,BENIGN
10.42.0.42-104.192.110.245-51003-80-6,10.42.0.42,51003,104.192.110.245,80,6,08/08/2017 02:59:36,15484601,18,23,1367.0,27871.0,684.0,0.0,75.94444444444444,221.03086614961646,1460.0,0.0,1211.7826086956522,532.8061182867502,1888.1984753756328,2.6477918287981717,387115.025,2369104.0099511114,1.4994825E7,1.0,489776.0,28810.352941176472,45182.62042110492,100262.0,1.0,1.5390279E7,699558.1363636364,3193957.1634696173,1.499798E7,1.0,0,0,0,0,380,472,1.1624451931309048,1.485346635667267,0.0,1460.0,696.1428571428569,708.8211639819389,502427.4425087106,0,0,0,1,0,0,0,0,1.0,713.1219512195122,75.94444444444444,1211.7826086956522,380,0,0,0,0,0,0,18,1367,23,27871,65535,34,2,20,0,0,0,0,0,0,0,0,BENIGN
10.42.0.42-104.192.110.245-51002-80-6,10.42.0.42,51002,104.192.110.245,80,6,08/08/2017 02:59:35,15704327,20,27,2048.0,32827.0,684.0,0.0,102.39999999999999,250.09354039512579,1460.0,0.0,1215.8148148148148,523.7232120586244,2220.725536344219,2.992805740736295,341398.4130434782,2208950.7009780463,1.499577E7,0.0,708557.0,37292.47368421052,47871.01610736967,123361.0,1.0,1.5610116E7,600389.0769230769,2937237.2551928577,1.4998536E7,0.0,0,0,0,0,420,552,1.2735343577601257,1.7192713829761697,0.0,1460.0,726.5624999999999,701.0967974644398,491536.7194148937,0,0,0,1,0,0,0,0,1.0,742.0212765957447,102.4,1215.8148148148148,420,0,0,0,0,0,0,20,2048,27,32827,65535,37,3,20,0,0,0,0,0,0,0,0,BENIGN
203.130.53.126-10.42.0.42-80-57639-6,10.42.0.42,57639,203.130.53.126,80,6,08/08/2017 02:59:16,35523521,8,16,435.0,17285.0,435.0,0.0,54.375,153.79572490807408,1460.0,0.0,1080.3125000000002,613.3805473222421,498.8244267790909,0.6756087044412067,1544500.9130434783,6305315.081933957,2.9993595E7,1.0,5529926.0,789989.4285714285,2063017.5188679206,5468376.0,133.0,3.5499716E7,2366647.7333333334,7774280.8936187,2.999901E7,1.0,0,0,0,0,180,332,0.22520290148040223,0.45040580296080446,0.0,1460.0,708.8,705.5147647876219,497751.0833333333,0,0,0,1,0,0,0,0,2.0,738.3333333333334,54.375,1080.3125,180,0,0,0,0,0,0,8,435,16,17285,65535,62,1,20,29029.0,0.0,29029.0,29029.0,5468376.0,0.0,5468376.0,5468376.0,BENIGN
203.130.53.126-10.42.0.42-80-57634-6,10.42.0.42,57634,203.130.53.126,80,6,08/08/2017 02:59:16,35563155,33,91,835.0,124591.0,419.0,0.0,25.303030303030308,101.16338420115403,1460.0,0.0,1369.1318681318676,277.27275815987116,3526.852440397934,3.486754760650454,289131.3414634146,2741372.8496351815,2.996432E7,0.0,5598835.0,174963.59375,955266.48856985,5409554.0,1.0,3.5538986E7,394877.6222222222,3207378.755566655,3.0000418E7,0.0,0,0,0,0,680,1832,0.9279266701731047,2.5588280904773493,0.0,1460.0,1003.4080000000004,647.5505347822472,419321.69509677426,0,0,0,1,0,0,0,0,2.0,1011.5,25.303030303030305,1369.131868131868,680,0,0,0,0,0,0,33,835,91,124591,65535,66,2,20,28732.0,0.0,28732.0,28732.0,5409554.0,0.0,5409554.0,5409554.0,BENIGN
203.130.53.126-10.42.0.42-80-57635-6,10.42.0.42,57635,203.130.53.126,80,6,08/08/2017 02:59:16,35608877,15,35,857.0,44068.0,429.0,0.0,57.133333333333326,150.77460314118207,1460.0,0.0,1259.0857142857142,458.2281329738926,1261.6236114382377,1.4041442531310382,726711.775510204,4337664.158953292,2.9988985E7,0.0,5619892.0,401420.8571428572,1452295.7073595242,5446711.0,125.0,3.5584706E7,1046609.0,5200959.442734365,2.9998235E7,0.0,0,0,0,0,320,712,0.42124327593931143,0.9829009771917266,0.0,1460.0,880.8823529411765,684.3691590672046,468361.14588235284,0,0,0,1,0,0,0,0,2.0,898.5,57.13333333333333,1259.0857142857142,320,0,0,0,0,0,0,15,857,35,44068,65535,66,2,20,29215.0,0.0,29215.0,29215.0,5446711.0,0.0,5446711.0,5446711.0,BENIGN
203.130.53.126-10.42.0.42-80-57637-6,10.42.0.42,57637,203.130.53.126,80,6,08/08/2017 02:59:16,35624516,12,30,419.0,37378.0,419.0,0.0,34.916666666666664,120.9548813952266,1460.0,0.0,1245.9333333333336,465.0815229489404,1060.9828355282075,1.1789633857762447,868890.6341463416,4741456.418805459,2.9986726E7,1.0,5637790.0,512526.36363636365,1676825.1097676987,5568229.0,127.0,3.5600561E7,1227605.5517241377,5629994.192252026,2.999797E7,1.0,0,0,0,0,260,612,0.33684668165035564,0.842116704125889,0.0,1460.0,879.0000000000001,686.5236443748418,471314.71428571426,0,0,0,1,0,0,0,0,2.0,899.9285714285714,34.916666666666664,1245.9333333333334,260,0,0,0,0,0,0,12,419,30,37378,65535,62,1,20,29179.0,0.0,29179.0,29179.0,5568229.0,0.0,5568229.0,5568229.0,BENIGN
180.149.153.68-10.42.0.42-80-55447-6,10.42.0.42,55447,180.149.153.68,80,6,08/08/2017 02:59:41,10493977,4,4,1108.0,375.0,1108.0,0.0,277.0,554.0,375.0,0.0,93.75,187.5,141.31915859926127,0.7623420558287864,1499139.5714285714,3747916.517113335,9994726.0,384.0,499251.0,166417.0,140349.3690367007,248962.0,4365.0,1.0250496E7,3416832.0,5702333.934771972,9999738.0,384.0,0,0,0,0,136,136,0.3811710279143932,0.3811710279143932,0.0,1108.0,164.77777777777777,374.82054965602464,140490.44444444444,0,0,0,1,0,0,0,0,1.0,185.375,277.0,93.75,136,0,0,0,0,0,0,4,1108,4,375,65535,132,1,32,0,0,0,0,0,0,0,0,BENIGN
10.42.0.42-36.51.254.232-48739-443-6,10.42.0.42,48739,36.51.254.232,443,6,08/08/2017 02:59:27,25781230,7,8,1065.0,2497.0,517.0,0.0,152.14285714285714,243.19637371983202,1460.0,0.0,312.125,551.2472708063311,138.16253142305467,0.5818186331683942,1841516.4285714284,6665308.133858083,2.499696E7,5.0,784265.0,130710.83333333334,127572.79283047254,260462.0,513.0,2.5543584E7,3649083.428571428,9415598.541488353,2.4999866E7,5.0,0,0,0,0,160,172,0.2715153621452506,0.3103032710231436,0.0,1460.0,222.62499999999997,418.7600546056576,175359.98333333334,0,0,0,1,0,0,0,0,1.0,237.46666666666667,152.14285714285714,312.125,160,0,0,0,0,0,0,7,1065,8,2497,65535,131,3,20,784265.0,0.0,784265.0,784265.0,2.499696E7,0.0,2.499696E7,2.499696E7,BENIGN
10.42.0.42-104.193.88.109-40587-80-6,10.42.0.42,40587,104.193.88.109,80,6,08/08/2017 02:59:24,29223149,17,33,1451.0,40316.0,1448.0,0.0,85.3529411764706,351.1468605114658,1448.0,0.0,1221.6969696969695,503.9194804758299,1429.2436451663714,1.7109723527741654,596390.7959183673,3082312.3338362523,1.9790054E7,1.0,9433095.0,589568.4375,2254749.1014599963,9043375.0,1.0,2.9135487E7,910483.96875,3806381.2507333974,1.9804397E7,1.0,0,0,0,0,552,1064,0.5817305999432163,1.1292417528309493,0.0,1448.0,818.9607843137255,710.9293624765912,505420.5584313725,0,0,0,1,0,0,0,0,1.0,835.34,85.3529411764706,1221.6969696969697,552,0,0,0,0,0,0,17,1451,33,40316,65535,4344,2,32,90932.0,0.0,90932.0,90932.0,9043375.0,0.0,9043375.0,9043375.0,BENIGN
10.42.0.42-115.239.210.141-48170-443-6,10.42.0.42,48170,115.239.210.141,443,6,08/08/2017 02:59:21,31763885,2,0,0.0,0.0,0.0,0.0,0.0,0.0,0,0,0,0,0.0,0.06296459013121349,3.1763885E7,0.0,3.1763885E7,3.1763885E7,3.1763885E7,3.1763885E7,0.0,3.1763885E7,3.1763885E7,0,0,0,0,0,0,0,0,0,40,0,0.06296459013121349,0.0,0.0,0.0,0.0,0.0,0.0,0,0,0,0,1,1,0,0,0.0,0.0,0.0,0.0,40,0,0,0,0,0,0,2,0,0,0,1369,-1,0,20,0,0,0,0,0,0,0,0,BENIGN
10.42.0.42-104.193.88.109-40595-80-6,10.42.0.42,40595,104.193.88.109,80,6,08/08/2017 02:59:24,30861891,69,117,3800.0,157238.0,1448.0,0.0,55.07246376811594,261.3973377852068,1448.0,0.0,1343.91452991453,341.33001961014446,5218.0211510694535,6.026850396173066,166821.0324324324,1571361.8571763183,1.9795572E7,1.0,1.1066319E7,162739.9852941177,991275.1037089897,8099631.0,1.0,3.0774364E7,265296.2413793104,1986342.4132612909,1.9808771E7,1.0,0,0,0,0,2216,3752,2.2357670824512987,3.7910833137217677,0.0,1448.0,861.165775401069,699.4788915203906,489270.7196825943,0,0,0,1,0,0,0,0,1.0,865.7956989247311,55.072463768115945,1343.91452991453,2216,0,0,0,0,0,0,69,3800,117,157238,65535,5519,4,32,93977.0,0.0,93977.0,93977.0,8099631.0,0.0,8099631.0,8099631.0,BENIGN
10.42.0.42-104.193.88.109-40580-80-6,10.42.0.42,40580,104.193.88.109,80,6,08/08/2017 02:59:24,30876818,29,50,4079.0,57497.0,1448.0,0.0,140.6551724137931,422.6902171856281,1448.0,0.0,1149.9400000000005,544.5959899273021,1994.246946042173,2.55855379916415,395856.6410256409,2461656.6029004166,1.9899968E7,0.0,1.097685E7,392030.357142857,1705328.0158052838,9044834.0,1.0,3.0788628E7,628339.3469387755,3101931.8968570256,1.9910094E7,0.0,0,0,0,0,936,1608,0.9392159515919031,1.6193378475722466,0.0,1448.0,769.6999999999999,701.1032607815205,491545.78227848076,0,0,0,1,0,0,0,0,1.0,779.4430379746835,140.6551724137931,1149.94,936,0,0,0,0,0,0,29,4079,50,57497,65535,5792,5,32,94910.0,0.0,94910.0,94910.0,9044834.0,0.0,9044834.0,9044834.0,BENIGN
10.42.0.42-115.239.210.141-44517-80-6,10.42.0.42,44517,115.239.210.141,80,6,08/08/2017 02:59:43,11871492,2,0,0.0,0.0,0.0,0.0,0.0,0.0,0,0,0,0,0.0,0.16847082068538646,1.1871492E7,0.0,1.1871492E7,1.1871492E7,1.1871492E7,1.1871492E7,0.0,1.1871492E7,1.1871492E7,0,0,0,0,0,0,0,0,0,40,0,0.16847082068538646,0.0,0.0,0.0,0.0,0.0,0.0,0,0,0,0,1,1,0,0,0.0,0.0,0.0,0.0,40,0,0,0,0,0,0,2,0,0,0,1369,-1,0,20,0,0,0,0,0,0,0,0,BENIGN
203.90.242.126-10.42.0.42-80-54864-6,10.42.0.42,54864,203.90.242.126,80,6,08/08/2017 02:59:22,36087437,6,5,709.0,689.0,356.0,0.0,118.16666666666667,183.06547098419915,389.0,0.0,137.8,191.29610555366776,38.73924324412398,0.30481521865905853,3608743.6999999997,7701408.134873417,2.2177359E7,553.0,1.3910078E7,2782015.6,5777307.076119575,1.3115165E7,22032.0,3.5834509E7,8958627.25,1.0801038359479714E7,2.2183068E7,553.0,0,0,0,0,200,168,0.16626284654130466,0.13855237211775387,0.0,389.0,116.5,173.15232390218523,29981.72727272727,0,0,0,1,0,0,0,0,0.0,127.0909090909091,118.16666666666667,137.8,200,0,0,0,0,0,0,6,709,5,689,65535,243,2,32,536009.0,0.0,536009.0,536009.0,1.3115165E7,0.0,1.3115165E7,1.3115165E7,BENIGN
174.35.73.164-10.42.0.42-80-32794-6,10.42.0.42,32794,174.35.73.164,80,6,08/08/2017 02:59:39,21033229,2,2,0.0,0.0,0.0,0.0,0.0,0.0,0.0,0.0,0.0,0.0,0.0,0.19017526980759827,7011076.333333333,1.212114231541175E7,2.1007361E7,2801.0,25868.0,25868.0,0.0,25868.0,25868.0,2.1010162E7,2.1010162E7,0.0,2.1010162E7,2.1010162E7,0,0,0,0,72,72,0.09508763490379914,0.09508763490379914,0.0,0.0,0.0,0.0,0.0,0,0,0,1,0,0,0,0,1.0,0.0,0.0,0.0,72,0,0,0,0,0,0,2,0,2,0,65535,679,0,32,0,0,0,0,0,0,0,0,BENIGN
219.142.78.162-10.42.0.42-443-50092-6,10.42.0.42,50092,219.142.78.162,443,6,08/08/2017 02:59:16,44864690,25,17,8034.0,11005.0,800.0,0.0,321.36000000000007,384.3288392336264,1460.0,0.0,647.3529411764706,583.7128940215891,424.3649070126195,0.9361482270355596,1094260.7317073173,4039024.4953355696,2.4998221E7,1.0,1.986622E7,827759.1666666666,1620443.5028355038,7023221.0,452.0,4.4608962E7,2788060.125,6251341.0029622605,2.5000183E7,1.0,0,0,0,0,532,352,0.5572310875211663,0.37891713951439315,0.0,1460.0,442.7674418604651,494.55645530733625,244586.08748615725,0,0,0,1,0,0,0,0,0.0,453.3095238095238,321.36,647.3529411764706,532,0,0,0,0,0,0,25,8034,17,11005,65535,244,11,20,6421499.5,8244786.579782433,1.2251444E7,591555.0,1.6010721E7,1.2710244391828192E7,2.4998221E7,7023221.0,BENIGN
219.142.78.162-10.42.0.42-443-50090-6,10.42.0.42,50090,219.142.78.162,443,6,08/08/2017 02:59:16,45267029,40,25,13633.0,16826.0,816.0,0.0,340.825,390.89265937575004,1460.0,0.0,673.0400000000001,514.8742144122841,672.8738482041753,1.4359237050878686,707297.3281250001,3142940.9929202176,2.4998482E7,3.0,2.026854E7,519706.153846154,707443.2100609519,3492618.0,128.0,4.5011258E7,1875469.083333333,5013990.3579789605,2.5000639E7,3.0,0,0,0,0,832,512,0.88364535697715,0.5522783481107187,0.0,1460.0,461.50000000000006,467.98399874025927,219009.023076923,0,0,0,1,0,0,0,0,0.0,468.6,340.825,673.04,832,0,0,0,0,0,0,40,13633,25,16826,65535,332,18,20,2.026854E7,0.0,2.026854E7,2.026854E7,2.4998482E7,0.0,2.4998482E7,2.4998482E7,BENIGN
219.142.78.162-10.42.0.42-443-50094-6,10.42.0.42,50094,219.142.78.162,443,6,08/08/2017 02:59:16,45266448,27,18,8825.0,11835.0,800.0,0.0,326.85185185185185,385.7055177706775,1460.0,0.0,657.5000000000001,558.9900819913587,456.40868486080467,0.9941137859988485,1028782.9090909092,3964503.824135578,2.4996569E7,3.0,2.0269874E7,779610.5384615385,1809888.5060511595,9177844.0,343.0,4.5010804E7,2647694.3529411764,6186350.782933313,2.4999903E7,3.0,0,0,0,0,572,372,0.596468271599309,0.3976455143995394,0.0,1460.0,449.1304347826087,484.58278085130564,234820.4714975845,0,0,0,1,0,0,0,0,0.0,459.1111111111111,326.85185185185185,657.5,572,0,0,0,0,0,0,27,8825,18,11835,65535,256,12,20,5546015.0,6434080.5675285105,1.0095597E7,996433.0,1.70872065E7,1.118552771722517E7,2.4996569E7,9177844.0,BENIGN
219.142.78.162-10.42.0.42-443-50091-6,10.42.0.42,50091,219.142.78.162,443,6,08/08/2017 02:59:16,45270277,19,13,5623.0,6390.0,800.0,0.0,295.9473684210526,374.54779752600194,1460.0,0.0,491.53846153846143,504.65542953990155,265.36175159696944,0.7068655665614769,1460331.516129032,4704999.367141069,2.4997293E7,5.0,2.0272979E7,1126276.6111111112,2204616.559586353,7029177.0,432.0,4.5014371E7,3751197.583333333,7204799.746517562,2.500101E7,5.0,0,0,0,0,400,272,0.41970143014587696,0.2871641364156,0.0,1460.0,364.030303030303,433.48951002651756,187913.15530303027,0,0,0,1,0,0,0,0,0.0,375.40625,295.94736842105266,491.53846153846155,400,0,0,0,0,0,0,19,5623,13,6390,65535,206,8,20,2074470.6666666665,966773.3349117225,2872282.0,999345.0,1.301562E7,1.0376434127967035E7,2.4997293E7,7020390.0,BENIGN
10.42.0.42-106.39.162.36-41747-80-6,10.42.0.42,41747,106.39.162.36,80,6,08/08/2017 02:59:38,24050585,2,0,0.0,0.0,0.0,0.0,0.0,0.0,0,0,0,0,0.0,0.08315806039645189,2.4050585E7,0.0,2.4050585E7,2.4050585E7,2.4050585E7,2.4050585E7,0.0,2.4050585E7,2.4050585E7,0,0,0,0,0,0,0,0,0,40,0,0.08315806039645189,0.0,0.0,0.0,0.0,0.0,0.0,0,0,0,0,1,1,0,0,0.0,0.0,0.0,0.0,40,0,0,0,0,0,0,2,0,0,0,1386,-1,0,20,0,0,0,0,0,0,0,0,BENIGN
10.42.0.42-106.39.162.36-41746-80-6,10.42.0.42,41746,106.39.162.36,80,6,08/08/2017 02:59:38,24051248,2,0,0.0,0.0,0.0,0.0,0.0,0.0,0,0,0,0,0.0,0.08315576804995732,2.4051248E7,0.0,2.4051248E7,2.4051248E7,2.4051248E7,2.4051248E7,0.0,2.4051248E7,2.4051248E7,0,0,0,0,0,0,0,0,0,40,0,0.08315576804995732,0.0,0.0,0.0,0.0,0.0,0.0,0,0,0,0,1,1,0,0,0.0,0.0,0.0,0.0,40,0,0,0,0,0,0,2,0,0,0,1386,-1,0,20,0,0,0,0,0,0,0,0,BENIGN
203.130.53.126-10.42.0.42-80-57627-6,10.42.0.42,57627,203.130.53.126,80,6,08/08/2017 02:59:15,48198532,28,59,1980.0,76079.0,692.0,0.0,70.71428571428574,208.03166730854852,1460.0,0.0,1289.4745762711866,430.3769941587381,1619.53065292528,1.8050342280134175,560448.0465116277,3586071.914149457,2.996452E7,0.0,1.8234012E7,675333.7777777781,2841563.6472719265,1.4526935E7,1.0,4.8173821E7,830583.1206896554,4355817.472637766,2.9969402E7,0.0,0,0,0,0,604,1204,0.5809305561422493,1.2241036718711682,0.0,1460.0,887.0340909090909,685.7536578715577,470258.07928422146,0,0,0,1,0,0,0,0,2.0,897.2298850574713,70.71428571428571,1289.4745762711864,604,0,0,0,0,0,0,28,1980,59,76079,65535,73,3,20,271207.0,0.0,271207.0,271207.0,1.4526935E7,0.0,1.4526935E7,1.4526935E7,BENIGN
10.42.0.42-123.125.115.164-52737-443-6,10.42.0.42,52737,123.125.115.164,443,6,08/08/2017 02:59:39,24039643,2,0,0.0,0.0,0.0,0.0,0.0,0.0,0,0,0,0,0.0,0.08319591102080841,2.4039643E7,0.0,2.4039643E7,2.4039643E7,2.4039643E7,2.4039643E7,0.0,2.4039643E7,2.4039643E7,0,0,0,0,0,0,0,0,0,40,0,0.08319591102080841,0.0,0.0,0.0,0.0,0.0,0.0,0,0,0,0,1,1,0,0,0.0,0.0,0.0,0.0,40,0,0,0,0,0,0,2,0,0,0,1643,-1,0,20,0,0,0,0,0,0,0,0,BENIGN
10.42.0.42-123.125.115.164-52740-443-6,10.42.0.42,52740,123.125.115.164,443,6,08/08/2017 02:59:39,24039710,2,0,0.0,0.0,0.0,0.0,0.0,0.0,0,0,0,0,0.0,0.08319567914920771,2.403971E7,0.0,2.403971E7,2.403971E7,2.403971E7,2.403971E7,0.0,2.403971E7,2.403971E7,0,0,0,0,0,0,0,0,0,40,0,0.08319567914920771,0.0,0.0,0.0,0.0,0.0,0.0,0,0,0,0,1,1,0,0,0.0,0.0,0.0,0.0,40,0,0,0,0,0,0,2,0,0,0,1597,-1,0,20,0,0,0,0,0,0,0,0,BENIGN
10.42.0.42-123.125.115.164-52742-443-6,10.42.0.42,52742,123.125.115.164,443,6,08/08/2017 02:59:40,24402280,2,0,0.0,0.0,0.0,0.0,0.0,0.0,0,0,0,0,0.0,0.08195955459899648,2.440228E7,0.0,2.440228E7,2.440228E7,2.440228E7,2.440228E7,0.0,2.440228E7,2.440228E7,0,0,0,0,0,0,0,0,0,40,0,0.08195955459899648,0.0,0.0,0.0,0.0,0.0,0.0,0,0,0,0,1,1,0,0,0.0,0.0,0.0,0.0,40,0,0,0,0,0,0,2,0,0,0,1643,-1,0,20,0,0,0,0,0,0,0,0,BENIGN
10.42.0.42-106.39.162.36-41959-80-6,10.42.0.42,41959,106.39.162.36,80,6,08/08/2017 02:59:24,40926361,22,22,9976.0,1832.0,1452.0,0.0,453.45454545454544,636.0127826862129,229.0,0.0,83.27272727272727,112.75180573706879,288.51819979792486,1.0751016930139476,951775.8372093023,4580717.285069035,2.9998005E7,2.0,1.0928356E7,520397.9047619049,858592.2732866227,3572765.0,2.0,4.0674068E7,1936860.380952381,6503354.031050467,3.0000278E7,5.0,0,0,0,0,484,460,0.5375508465069738,0.5375508465069738,0.0,1452.0,262.3999999999999,484.7569400318997,234989.29090909084,0,0,0,1,0,0,0,0,1.0,268.3636363636364,453.45454545454544,83.27272727272727,484,0,0,0,0,0,0,22,9976,22,1832,65535,1364,12,20,0,0,0,0,0,0,0,0,BENIGN
10.42.0.42-123.125.115.164-52739-443-6,10.42.0.42,52739,123.125.115.164,443,6,08/08/2017 02:59:40,24720061,2,0,0.0,0.0,0.0,0.0,0.0,0.0,0,0,0,0,0.0,0.08090594922075636,2.4720061E7,0.0,2.4720061E7,2.4720061E7,2.4720061E7,2.4720061E7,0.0,2.4720061E7,2.4720061E7,0,0,0,0,0,0,0,0,0,40,0,0.08090594922075636,0.0,0.0,0.0,0.0,0.0,0.0,0,0,0,0,1,1,0,0,0.0,0.0,0.0,0.0,40,0,0,0,0,0,0,2,0,0,0,1643,-1,0,20,0,0,0,0,0,0,0,0,BENIGN
10.42.0.42-47.89.67.240-42849-80-6,10.42.0.42,42849,47.89.67.240,80,6,08/08/2017 02:59:34,30146163,2,2,0.0,0.0,0.0,0.0,0.0,0.0,0.0,0.0,0.0,0.0,0.0,0.13268686963578083,1.0048721E7,1.7340962048919864E7,3.0072299E7,2178.0,73864.0,73864.0,0.0,73864.0,73864.0,3.0074477E7,3.0074477E7,0.0,3.0074477E7,3.0074477E7,0,0,0,0,60,52,0.06634343481789041,0.06634343481789041,0.0,0.0,0.0,0.0,0.0,0,0,0,1,0,0,0,0,1.0,0.0,0.0,0.0,60,0,0,0,0,0,0,2,0,2,0,65535,29,0,20,0,0,0,0,0,0,0,0,BENIGN
10.42.0.42-47.89.67.240-42850-80-6,10.42.0.42,42850,47.89.67.240,80,6,08/08/2017 02:59:34,30145598,2,2,0.0,0.0,0.0,0.0,0.0,0.0,0.0,0.0,0.0,0.0,0.0,0.1326893565023988,1.0048532666666666E7,1.7340360369022824E7,3.0071416E7,2378.0,74182.0,74182.0,0.0,74182.0,74182.0,3.0073794E7,3.0073794E7,0.0,3.0073794E7,3.0073794E7,0,0,0,0,60,52,0.0663446782511994,0.0663446782511994,0.0,0.0,0.0,0.0,0.0,0,0,0,1,0,0,0,0,1.0,0.0,0.0,0.0,60,0,0,0,0,0,0,2,0,2,0,65535,29,0,20,0,0,0,0,0,0,0,0,BENIGN
10.42.0.42-64.71.142.120-59336-80-6,10.42.0.42,59336,64.71.142.120,80,6,08/08/2017 02:59:34,30145765,2,2,0.0,0.0,0.0,0.0,0.0,0.0,0.0,0.0,0.0,0.0,0.0,0.1326886214365434,1.0048588333333334E7,1.7340663114483263E7,3.0071821E7,2152.0,73944.0,73944.0,0.0,73944.0,73944.0,3.0073973E7,3.0073973E7,0.0,3.0073973E7,3.0073973E7,0,0,0,0,60,52,0.0663443107182717,0.0663443107182717,0.0,0.0,0.0,0.0,0.0,0,0,0,1,0,0,0,0,1.0,0.0,0.0,0.0,60,0,0,0,0,0,0,2,0,2,0,65535,29,0,20,0,0,0,0,0,0,0,0,BENIGN
10.42.0.42-64.71.142.120-59337-80-6,10.42.0.42,59337,64.71.142.120,80,6,08/08/2017 02:59:34,30145693,2,2,0.0,0.0,0.0,0.0,0.0,0.0,0.0,0.0,0.0,0.0,0.0,0.132688938350165,1.0048564333333334E7,1.7341002487787157E7,3.0072188E7,1557.0,73505.0,73505.0,0.0,73505.0,73505.0,3.0073745E7,3.0073745E7,0.0,3.0073745E7,3.0073745E7,0,0,0,0,60,52,0.0663444691750825,0.0663444691750825,0.0,0.0,0.0,0.0,0.0,0,0,0,1,0,0,0,0,1.0,0.0,0.0,0.0,60,0,0,0,0,0,0,2,0,2,0,65535,29,0,20,0,0,0,0,0,0,0,0,BENIGN
10.42.0.42-64.71.142.96-44179-80-6,10.42.0.42,44179,64.71.142.96,80,6,08/08/2017 02:59:35,30146527,2,2,0.0,0.0,0.0,0.0,0.0,0.0,0.0,0.0,0.0,0.0,0.0,0.13268526752683651,1.0048842333333334E7,1.7340787860052075E7,3.0072219E7,2315.0,74308.0,74308.0,0.0,74308.0,74308.0,3.0074534E7,3.0074534E7,0.0,3.0074534E7,3.0074534E7,0,0,0,0,60,52,0.06634263376341826,0.06634263376341826,0.0,0.0,0.0,0.0,0.0,0,0,0,1,0,0,0,0,1.0,0.0,0.0,0.0,60,0,0,0,0,0,0,2,0,2,0,65535,29,0,20,0,0,0,0,0,0,0,0,BENIGN
180.149.136.247-10.42.0.42-80-34304-6,10.42.0.42,34304,180.149.136.247,80,6,08/08/2017 02:59:38,28769528,4,2,0.0,0.0,0.0,0.0,0.0,0.0,0.0,0.0,0.0,0.0,0.0,0.2085539950464255,5753905.6,1.1862030226927042E7,2.6942173E7,2350.0,2.8769528E7,9589842.666666666,1.5041304613601252E7,2.6942173E7,270779.0,1556519.0,1556519.0,0.0,1556519.0,1556519.0,0,0,0,0,112,64,0.13903599669761701,0.06951799834880851,0.0,0.0,0.0,0.0,0.0,0,0,0,1,0,0,0,0,0.0,0.0,0.0,0.0,112,0,0,0,0,0,0,4,0,2,0,65535,14600,0,20,0,0,0,0,0,0,0,0,BENIGN
180.149.136.247-10.42.0.42-80-34305-6,10.42.0.42,34305,180.149.136.247,80,6,08/08/2017 02:59:38,28769008,4,2,0.0,0.0,0.0,0.0,0.0,0.0,0.0,0.0,0.0,0.0,0.0,0.20855776466119375,5753801.6,1.196666289396738E7,2.7136981E7,1692.0,2.8769008E7,9589669.333333334,1.5206218186892306E7,2.7136981E7,270155.0,1360893.0,1360893.0,0.0,1360893.0,1360893.0,0,0,0,0,112,64,0.13903850977412915,0.06951925488706458,0.0,0.0,0.0,0.0,0.0,0,0,0,1,0,0,0,0,0.0,0.0,0.0,0.0,112,0,0,0,0,0,0,4,0,2,0,65535,14600,0,20,0,0,0,0,0,0,0,0,BENIGN
10.42.0.42-64.71.142.96-44179-80-6,10.42.0.42,44179,64.71.142.96,80,6,08/08/2017 03:00:05,1563384,2,0,0.0,0.0,0.0,0.0,0.0,0.0,0,0,0,0,0.0,1.279276236676338,1563384.0,0.0,1563384.0,1563384.0,1563384.0,1563384.0,0.0,1563384.0,1563384.0,0,0,0,0,0,0,0,0,0,40,0,1.279276236676338,0.0,0.0,0.0,0.0,0.0,0.0,0,0,0,0,1,0,0,0,0.0,0.0,0.0,0.0,40,0,0,0,0,0,0,2,0,0,0,1369,-1,0,20,0,0,0,0,0,0,0,0,BENIGN
180.149.153.68-10.42.0.42-80-55448-6,10.42.0.42,55448,180.149.153.68,80,6,08/08/2017 02:59:41,25104751,3,1,0.0,0.0,0.0,0.0,0.0,0.0,0.0,0.0,0.0,0.0,0.0,0.1593323909087965,8368250.333333333,1.4281527338614183E7,2.4858548E7,2332.0,2.5104751E7,1.25523755E7,1.7403556050402816E7,2.4858548E7,246203.0,0,0,0,0,0,0,0,0,0,104,40,0.11949929318159738,0.039833097727199125,0.0,0.0,0.0,0.0,0.0,0,0,0,1,0,0,0,0,0.0,0.0,0.0,0.0,104,0,0,0,0,0,0,3,0,1,0,65535,14480,0,32,0,0,0,0,0,0,0,0,BENIGN
180.149.153.68-10.42.0.42-80-55447-6,10.42.0.42,55447,180.149.153.68,80,6,08/08/2017 02:59:52,14573993,2,0,0.0,0.0,0.0,0.0,0.0,0.0,0,0,0,0,0.0,0.13723075069406168,1.4573993E7,0.0,1.4573993E7,1.4573993E7,1.4573993E7,1.4573993E7,0.0,1.4573993E7,1.4573993E7,0,0,0,0,0,0,0,0,0,64,0,0.13723075069406168,0.0,0.0,0.0,0.0,0.0,0.0,0,0,0,0,1,0,0,0,0.0,0.0,0.0,0.0,64,0,0,0,0,0,0,2,0,0,0,1386,-1,0,32,0,0,0,0,0,0,0,0,BENIGN
221.228.208.97-10.42.0.42-80-37176-6,10.42.0.42,37176,221.228.208.97,80,6,08/08/2017 02:59:50,16323953,2,0,0.0,0.0,0.0,0.0,0.0,0.0,0,0,0,0,0.0,0.12251934320075536,1.6323953E7,0.0,1.6323953E7,1.6323953E7,1.6323953E7,1.6323953E7,0.0,1.6323953E7,1.6323953E7,0,0,0,0,0,0,0,0,0,40,0,0.12251934320075536,0.0,0.0,0.0,0.0,0.0,0.0,0,0,0,0,1,0,0,0,0.0,0.0,0.0,0.0,40,0,0,0,0,0,0,2,0,0,0,1386,-1,0,20,0,0,0,0,0,0,0,0,BENIGN
180.149.138.210-10.42.0.42-80-41123-6,10.42.0.42,41123,180.149.138.210,80,6,08/08/2017 02:59:36,29827944,4,2,0.0,0.0,0.0,0.0,0.0,0.0,0.0,0.0,0.0,0.0,0.0,0.20115365645047478,5965588.8,1.260508981298603E7,2.8500832E7,2299.0,2.9827944E7,9942648.0,1.6077041471512599E7,2.8500832E7,255368.0,1066666.0,1066666.0,0.0,1066666.0,1066666.0,0,0,0,0,112,64,0.13410243763364985,0.06705121881682492,0.0,0.0,0.0,0.0,0.0,0,0,0,1,0,0,0,0,0.0,0.0,0.0,0.0,112,0,0,0,0,0,0,4,0,2,0,65535,14600,0,20,0,0,0,0,0,0,0,0,BENIGN
10.42.0.42-104.193.88.109-40580-80-6,10.42.0.42,40580,104.193.88.109,80,6,08/08/2017 02:59:54,11813203,2,0,0.0,0.0,0.0,0.0,0.0,0.0,0,0,0,0,0.0,0.16930209359815454,1.1813203E7,0.0,1.1813203E7,1.1813203E7,1.1813203E7,1.1813203E7,0.0,1.1813203E7,1.1813203E7,0,0,0,0,0,0,0,0,0,64,0,0.16930209359815454,0.0,0.0,0.0,0.0,0.0,0.0,0,0,0,0,1,0,0,0,0.0,0.0,0.0,0.0,64,0,0,0,0,0,0,2,0,0,0,3270,-1,0,32,0,0,0,0,0,0,0,0,BENIGN
10.42.0.42-104.193.88.109-40587-80-6,10.42.0.42,40587,104.193.88.109,80,6,08/08/2017 02:59:53,13454468,2,0,0.0,0.0,0.0,0.0,0.0,0.0,0,0,0,0,0.0,0.14864950438768743,1.3454468E7,0.0,1.3454468E7,1.3454468E7,1.3454468E7,1.3454468E7,0.0,1.3454468E7,1.3454468E7,0,0,0,0,0,0,0,0,0,64,0,0.14864950438768743,0.0,0.0,0.0,0.0,0.0,0.0,0,0,0,0,1,0,0,0,0.0,0.0,0.0,0.0,64,0,0,0,0,0,0,2,0,0,0,2681,-1,0,32,0,0,0,0,0,0,0,0,BENIGN
10.42.0.42-104.193.88.109-40595-80-6,10.42.0.42,40595,104.193.88.109,80,6,08/08/2017 02:59:54,11813521,2,0,0.0,0.0,0.0,0.0,0.0,0.0,0,0,0,0,0.0,0.16929753627220878,1.1813521E7,0.0,1.1813521E7,1.1813521E7,1.1813521E7,1.1813521E7,0.0,1.1813521E7,1.1813521E7,0,0,0,0,0,0,0,0,0,64,0,0.16929753627220878,0.0,0.0,0.0,0.0,0.0,0.0,0,0,0,0,1,0,0,0,0.0,0.0,0.0,0.0,64,0,0,0,0,0,0,2,0,0,0,6392,-1,0,32,0,0,0,0,0,0,0,0,BENIGN
10.42.0.42-47.89.67.240-42849-80-6,10.42.0.42,42849,47.89.67.240,80,6,08/08/2017 03:00:05,1664788,2,0,0.0,0.0,0.0,0.0,0.0,0.0,0,0,0,0,0.0,1.2013541664163847,1664788.0,0.0,1664788.0,1664788.0,1664788.0,1664788.0,0.0,1664788.0,1664788.0,0,0,0,0,0,0,0,0,0,40,0,1.2013541664163847,0.0,0.0,0.0,0.0,0.0,0.0,0,0,0,0,1,0,0,0,0.0,0.0,0.0,0.0,40,0,0,0,0,0,0,2,0,0,0,1369,-1,0,20,0,0,0,0,0,0,0,0,BENIGN
10.42.0.42-47.89.67.240-42850-80-6,10.42.0.42,42850,47.89.67.240,80,6,08/08/2017 03:00:05,1664632,2,0,0.0,0.0,0.0,0.0,0.0,0.0,0,0,0,0,0.0,1.2014667506091437,1664632.0,0.0,1664632.0,1664632.0,1664632.0,1664632.0,0.0,1664632.0,1664632.0,0,0,0,0,0,0,0,0,0,40,0,1.2014667506091437,0.0,0.0,0.0,0.0,0.0,0.0,0,0,0,0,1,0,0,0,0.0,0.0,0.0,0.0,40,0,0,0,0,0,0,2,0,0,0,1369,-1,0,20,0,0,0,0,0,0,0,0,BENIGN
10.42.0.42-64.71.142.120-59336-80-6,10.42.0.42,59336,64.71.142.120,80,6,08/08/2017 03:00:05,1664632,2,0,0.0,0.0,0.0,0.0,0.0,0.0,0,0,0,0,0.0,1.2014667506091437,1664632.0,0.0,1664632.0,1664632.0,1664632.0,1664632.0,0.0,1664632.0,1664632.0,0,0,0,0,0,0,0,0,0,40,0,1.2014667506091437,0.0,0.0,0.0,0.0,0.0,0.0,0,0,0,0,1,0,0,0,0.0,0.0,0.0,0.0,40,0,0,0,0,0,0,2,0,0,0,1369,-1,0,20,0,0,0,0,0,0,0,0,BENIGN
10.42.0.42-64.71.142.120-59337-80-6,10.42.0.42,59337,64.71.142.120,80,6,08/08/2017 03:00:05,1664632,2,0,0.0,0.0,0.0,0.0,0.0,0.0,0,0,0,0,0.0,1.2014667506091437,1664632.0,0.0,1664632.0,1664632.0,1664632.0,1664632.0,0.0,1664632.0,1664632.0,0,0,0,0,0,0,0,0,0,40,0,1.2014667506091437,0.0,0.0,0.0,0.0,0.0,0.0,0,0,0,0,1,0,0,0,0.0,0.0,0.0,0.0,40,0,0,0,0,0,0,2,0,0,0,1369,-1,0,20,0,0,0,0,0,0,0,0,BENIGN
203.90.242.126-10.42.0.42-80-54864-6,10.42.0.42,54864,203.90.242.126,80,6,08/08/2017 02:59:58,8534794,2,0,0.0,0.0,0.0,0.0,0.0,0.0,0,0,0,0,0.0,0.23433488845776476,8534794.0,0.0,8534794.0,8534794.0,8534794.0,8534794.0,0.0,8534794.0,8534794.0,0,0,0,0,0,0,0,0,0,64,0,0.23433488845776476,0.0,0.0,0.0,0.0,0.0,0.0,0,0,0,0,1,0,0,0,0.0,0.0,0.0,0.0,64,0,0,0,0,0,0,2,0,0,0,1403,-1,0,32,0,0,0,0,0,0,0,0,BENIGN
203.130.53.126-10.42.0.42-80-57627-6,10.42.0.42,57627,203.130.53.126,80,6,08/08/2017 03:00:03,3014824,2,0,0.0,0.0,0.0,0.0,0.0,0.0,0,0,0,0,0.0,0.6633886422557337,3014824.0,0.0,3014824.0,3014824.0,3014824.0,3014824.0,0.0,3014824.0,3014824.0,0,0,0,0,0,0,0,0,0,40,0,0.6633886422557337,0.0,0.0,0.0,0.0,0.0,0.0,0,0,0,0,1,0,0,0,0.0,0.0,0.0,0.0,40,0,0,0,0,0,0,2,0,0,0,3833,-1,0,20,0,0,0,0,0,0,0,0,BENIGN
203.130.53.126-10.42.0.42-80-57876-6,10.42.0.42,57876,203.130.53.126,80,6,08/08/2017 02:59:40,25966710,3,1,0.0,0.0,0.0,0.0,0.0,0.0,0.0,0.0,0.0,0.0,0.0,0.15404338863105876,8655570.0,1.496778919597744E7,2.593888E7,3427.0,2.596671E7,1.2983355E7,1.832187916266369E7,2.593888E7,27830.0,0,0,0,0,0,0,0,0,0,80,32,0.11553254147329407,0.03851084715776469,0.0,0.0,0.0,0.0,0.0,0,0,0,1,0,0,0,0,0.0,0.0,0.0,0.0,80,0,0,0,0,0,0,3,0,1,0,65535,14600,0,20,0,0,0,0,0,0,0,0,BENIGN
203.130.53.126-10.42.0.42-80-57877-6,10.42.0.42,57877,203.130.53.126,80,6,08/08/2017 02:59:40,25966422,3,1,0.0,0.0,0.0,0.0,0.0,0.0,0.0,0.0,0.0,0.0,0.0,0.15404509716433015,8655474.0,1.496775901836581E7,2.5938749E7,3160.0,2.5966422E7,1.2983211E7,1.8321897547440004E7,2.5938749E7,27673.0,0,0,0,0,0,0,0,0,0,80,32,0.11553382287324761,0.03851127429108254,0.0,0.0,0.0,0.0,0.0,0,0,0,1,0,0,0,0,0.0,0.0,0.0,0.0,80,0,0,0,0,0,0,3,0,1,0,65535,14600,0,20,0,0,0,0,0,0,0,0,BENIGN
10.42.0.42-123.125.29.138-57970-80-6,10.42.0.42,57970,123.125.29.138,80,6,08/08/2017 02:59:36,29867925,3,1,0.0,0.0,0.0,0.0,0.0,0.0,0.0,0.0,0.0,0.0,0.0,0.1339229290283808,9955975.0,1.6979526097809475E7,2.9561468E7,2266.0,2.9867925E7,1.49339625E7,2.068641666178704E7,2.9561468E7,306457.0,0,0,0,0,0,0,0,0,0,80,32,0.10044219677128559,0.0334807322570952,0.0,0.0,0.0,0.0,0.0,0,0,0,1,0,0,0,0,0.0,0.0,0.0,0.0,80,0,0,0,0,0,0,3,0,1,0,65535,14600,0,20,0,0,0,0,0,0,0,0,BENIGN
10.42.0.42-106.11.135.2-53145-80-6,10.42.0.42,53145,106.11.135.2,80,6,08/08/2017 02:59:34,31823495,3,1,0.0,0.0,0.0,0.0,0.0,0.0,0.0,0.0,0.0,0.0,0.0,0.12569329672935042,1.0607831666666666E7,1.8163934270104323E7,3.1581288E7,2338.0,3.1823495E7,1.59117475E7,2.216007669125449E7,3.1581288E7,242207.0,0,0,0,0,0,0,0,0,0,80,40,0.09426997254701283,0.031423324182337606,0.0,0.0,0.0,0.0,0.0,0,0,0,1,0,0,0,0,0.0,0.0,0.0,0.0,80,0,0,0,0,0,0,3,0,1,0,65535,11520,0,20,0,0,0,0,0,0,0,0,BENIGN
10.42.0.42-104.192.110.245-50939-80-6,10.42.0.42,50939,104.192.110.245,80,6,08/08/2017 02:59:49,17297866,2,0,0.0,0.0,0.0,0.0,0.0,0.0,0,0,0,0,0.0,0.11562119859178005,1.7297866E7,0.0,1.7297866E7,1.7297866E7,1.7297866E7,1.7297866E7,0.0,1.7297866E7,1.7297866E7,0,0,0,0,0,0,0,0,0,40,0,0.11562119859178005,0.0,0.0,0.0,0.0,0.0,0.0,0,0,0,0,1,0,0,0,0.0,0.0,0.0,0.0,40,0,0,0,0,0,0,2,0,0,0,1643,-1,0,20,0,0,0,0,0,0,0,0,BENIGN
203.130.53.126-10.42.0.42-80-57639-6,10.42.0.42,57639,203.130.53.126,80,6,08/08/2017 02:59:52,14687721,2,0,0.0,0.0,0.0,0.0,0.0,0.0,0,0,0,0,0.0,0.13616816386967046,1.4687721E7,0.0,1.4687721E7,1.4687721E7,1.4687721E7,1.4687721E7,0.0,1.4687721E7,1.4687721E7,0,0,0,0,0,0,0,0,0,40,0,0.13616816386967046,0.0,0.0,0.0,0.0,0.0,0.0,0,0,0,0,1,0,0,0,0.0,0.0,0.0,0.0,40,0,0,0,0,0,0,2,0,0,0,1962,-1,0,20,0,0,0,0,0,0,0,0,BENIGN
203.130.53.126-10.42.0.42-80-57634-6,10.42.0.42,57634,203.130.53.126,80,6,08/08/2017 02:59:52,14687901,2,0,0.0,0.0,0.0,0.0,0.0,0.0,0,0,0,0,0.0,0.13616649513092444,1.4687901E7,0.0,1.4687901E7,1.4687901E7,1.4687901E7,1.4687901E7,0.0,1.4687901E7,1.4687901E7,0,0,0,0,0,0,0,0,0,40,0,0.13616649513092444,0.0,0.0,0.0,0.0,0.0,0.0,0,0,0,0,1,0,0,0,0.0,0.0,0.0,0.0,40,0,0,0,0,0,0,2,0,0,0,5384,-1,0,20,0,0,0,0,0,0,0,0,BENIGN
203.130.53.126-10.42.0.42-80-57635-6,10.42.0.42,57635,203.130.53.126,80,6,08/08/2017 02:59:52,14688133,2,0,0.0,0.0,0.0,0.0,0.0,0.0,0,0,0,0,0.0,0.13616434437242636,1.4688133E7,0.0,1.4688133E7,1.4688133E7,1.4688133E7,1.4688133E7,0.0,1.4688133E7,1.4688133E7,0,0,0,0,0,0,0,0,0,40,0,0.13616434437242636,0.0,0.0,0.0,0.0,0.0,0.0,0,0,0,0,1,0,0,0,0.0,0.0,0.0,0.0,40,0,0,0,0,0,0,2,0,0,0,2829,-1,0,20,0,0,0,0,0,0,0,0,BENIGN
203.130.53.126-10.42.0.42-80-57637-6,10.42.0.42,57637,203.130.53.126,80,6,08/08/2017 02:59:52,14688134,2,0,0.0,0.0,0.0,0.0,0.0,0.0,0,0,0,0,0.0,0.13616433510206266,1.4688134E7,0.0,1.4688134E7,1.4688134E7,1.4688134E7,1.4688134E7,0.0,1.4688134E7,1.4688134E7,0,0,0,0,0,0,0,0,0,40,0,0.13616433510206266,0.0,0.0,0.0,0.0,0.0,0.0,0,0,0,0,1,0,0,0,0.0,0.0,0.0,0.0,40,0,0,0,0,0,0,2,0,0,0,2601,-1,0,20,0,0,0,0,0,0,0,0,BENIGN
174.35.73.164-10.42.0.42-80-32794-6,174.35.73.164,80,10.42.0.42,32794,6,08/08/2017 03:00:00,6568952,1,2,0.0,0.0,0.0,0.0,0.0,0.0,0.0,0.0,0.0,0.0,0.0,0.4566938531443067,3284476.0,4592128.213720736,6531601.0,37351.0,0,0,0,0,0,6531601.0,6531601.0,0.0,6531601.0,6531601.0,0,0,0,0,32,76,0.15223128438143557,0.30446256876287114,0.0,0.0,0.0,0.0,0.0,0,0,0,0,1,1,0,0,2.0,0.0,0.0,0.0,32,0,0,0,0,0,0,1,0,2,0,679,1369,0,32,0,0,0,0,0,0,0,0,BENIGN
10.42.0.42-104.192.110.245-51001-80-6,10.42.0.42,51001,104.192.110.245,80,6,08/08/2017 02:59:51,15297992,2,0,0.0,0.0,0.0,0.0,0.0,0.0,0,0,0,0,0.0,0.13073611229499923,1.5297992E7,0.0,1.5297992E7,1.5297992E7,1.5297992E7,1.5297992E7,0.0,1.5297992E7,1.5297992E7,0,0,0,0,0,0,0,0,0,40,0,0.13073611229499923,0.0,0.0,0.0,0.0,0.0,0.0,0,0,0,0,1,0,0,0,0.0,0.0,0.0,0.0,40,0,0,0,0,0,0,2,0,0,0,2282,-1,0,20,0,0,0,0,0,0,0,0,BENIGN
10.42.0.42-104.192.110.245-51000-80-6,10.42.0.42,51000,104.192.110.245,80,6,08/08/2017 02:59:51,15298082,2,0,0.0,0.0,0.0,0.0,0.0,0.0,0,0,0,0,0.0,0.13073534316262653,1.5298082E7,0.0,1.5298082E7,1.5298082E7,1.5298082E7,1.5298082E7,0.0,1.5298082E7,1.5298082E7,0,0,0,0,0,0,0,0,0,40,0,0.13073534316262653,0.0,0.0,0.0,0.0,0.0,0.0,0,0,0,0,1,0,0,0,0.0,0.0,0.0,0.0,40,0,0,0,0,0,0,2,0,0,0,2373,-1,0,20,0,0,0,0,0,0,0,0,BENIGN
10.42.0.42-104.192.110.245-51004-80-6,10.42.0.42,51004,104.192.110.245,80,6,08/08/2017 02:59:36,30371565,3,1,0.0,0.0,0.0,0.0,0.0,0.0,0.0,0.0,0.0,0.0,0.0,0.13170213652144694,1.0123855E7,1.7451083616261512E7,3.0274561E7,2620.0,3.0371565E7,1.51857825E7,2.1338755194343567E7,3.0274561E7,97004.0,0,0,0,0,0,0,0,0,0,80,32,0.09877660239108521,0.032925534130361735,0.0,0.0,0.0,0.0,0.0,0,0,0,1,0,0,0,0,0.0,0.0,0.0,0.0,80,0,0,0,0,0,0,3,0,1,0,65535,14600,0,20,0,0,0,0,0,0,0,0,BENIGN
10.42.0.42-104.192.110.245-51003-80-6,10.42.0.42,51003,104.192.110.245,80,6,08/08/2017 02:59:51,15220827,2,0,0.0,0.0,0.0,0.0,0.0,0.0,0,0,0,0,0.0,0.13139890493466616,1.5220827E7,0.0,1.5220827E7,1.5220827E7,1.5220827E7,1.5220827E7,0.0,1.5220827E7,1.5220827E7,0,0,0,0,0,0,0,0,0,40,0,0.13139890493466616,0.0,0.0,0.0,0.0,0.0,0.0,0,0,0,0,1,0,0,0,0.0,0.0,0.0,0.0,40,0,0,0,0,0,0,2,0,0,0,2282,-1,0,20,0,0,0,0,0,0,0,0,BENIGN
10.42.0.42-104.192.110.245-51002-80-6,10.42.0.42,51002,104.192.110.245,80,6,08/08/2017 02:59:51,15151202,2,0,0.0,0.0,0.0,0.0,0.0,0.0,0,0,0,0,0.0,0.13200272823238712,1.5151202E7,0.0,1.5151202E7,1.5151202E7,1.5151202E7,1.5151202E7,0.0,1.5151202E7,1.5151202E7,0,0,0,0,0,0,0,0,0,40,0,0.13200272823238712,0.0,0.0,0.0,0.0,0.0,0.0,0,0,0,0,1,0,0,0,0.0,0.0,0.0,0.0,40,0,0,0,0,0,0,2,0,0,0,2419,-1,0,20,0,0,0,0,0,0,0,0,BENIGN
10.42.0.42-123.125.29.220-45309-80-6,10.42.0.42,45309,123.125.29.220,80,6,08/08/2017 02:59:39,26882126,4,2,0.0,0.0,0.0,0.0,0.0,0.0,0.0,0.0,0.0,0.0,0.0,0.22319663258776481,5376425.2,1.1074149238093223E7,2.5159334E7,2525.0,2.6882126E7,8960708.666666668,1.4039336534800401E7,2.5159334E7,307886.0,1420457.0,1420457.0,0.0,1420457.0,1420457.0,0,0,0,0,112,64,0.1487977550585099,0.07439887752925495,0.0,0.0,0.0,0.0,0.0,0,0,0,1,0,0,0,0,0.0,0.0,0.0,0.0,112,0,0,0,0,0,0,4,0,2,0,65535,14600,0,20,0,0,0,0,0,0,0,0,BENIGN
180.149.134.221-10.42.0.42-80-45663-6,10.42.0.42,45663,180.149.134.221,80,6,08/08/2017 02:59:49,17351580,2,0,0.0,0.0,0.0,0.0,0.0,0.0,0,0,0,0,0.0,0.11526327861785499,1.735158E7,0.0,1.735158E7,1.735158E7,1.735158E7,1.735158E7,0.0,1.735158E7,1.735158E7,0,0,0,0,0,0,0,0,0,40,0,0.11526327861785499,0.0,0.0,0.0,0.0,0.0,0.0,0,0,0,0,1,0,0,0,0.0,0.0,0.0,0.0,40,0,0,0,0,0,0,2,0,0,0,1386,-1,0,20,0,0,0,0,0,0,0,0,BENIGN
180.149.134.221-10.42.0.42-80-45666-6,10.42.0.42,45666,180.149.134.221,80,6,08/08/2017 02:59:39,27712511,3,1,0.0,0.0,0.0,0.0,0.0,0.0,0.0,0.0,0.0,0.0,0.0,0.1443391398202783,9237503.666666666,1.5769749825691728E7,2.7446227E7,3506.0,2.7712511E7,1.38562555E7,1.9219122007563833E7,2.7446227E7,266284.0,0,0,0,0,0,0,0,0,0,80,32,0.10825435486520872,0.036084784955069574,0.0,0.0,0.0,0.0,0.0,0,0,0,1,0,0,0,0,0.0,0.0,0.0,0.0,80,0,0,0,0,0,0,3,0,1,0,65535,5840,0,20,0,0,0,0,0,0,0,0,BENIGN
180.149.134.221-10.42.0.42-80-45662-6,10.42.0.42,45662,180.149.134.221,80,6,08/08/2017 02:59:50,16633302,2,0,0.0,0.0,0.0,0.0,0.0,0.0,0,0,0,0,0.0,0.12024070746746497,1.6633302E7,0.0,1.6633302E7,1.6633302E7,1.6633302E7,1.6633302E7,0.0,1.6633302E7,1.6633302E7,0,0,0,0,0,0,0,0,0,40,0,0.12024070746746497,0.0,0.0,0.0,0.0,0.0,0.0,0,0,0,0,1,0,0,0,0.0,0.0,0.0,0.0,40,0,0,0,0,0,0,2,0,0,0,65535,-1,0,20,0,0,0,0,0,0,0,0,BENIGN
180.149.134.221-10.42.0.42-80-45664-6,10.42.0.42,45664,180.149.134.221,80,6,08/08/2017 02:59:49,17351476,2,0,0.0,0.0,0.0,0.0,0.0,0.0,0,0,0,0,0.0,0.11526396947441242,1.7351476E7,0.0,1.7351476E7,1.7351476E7,1.7351476E7,1.7351476E7,0.0,1.7351476E7,1.7351476E7,0,0,0,0,0,0,0,0,0,40,0,0.11526396947441242,0.0,0.0,0.0,0.0,0.0,0.0,0,0,0,0,1,0,0,0,0.0,0.0,0.0,0.0,40,0,0,0,0,0,0,2,0,0,0,1386,-1,0,20,0,0,0,0,0,0,0,0,BENIGN
10.42.0.42-123.125.29.138-60334-443-6,10.42.0.42,60334,123.125.29.138,443,6,08/08/2017 02:59:38,27795461,4,1,0.0,0.0,0.0,0.0,0.0,0.0,0.0,0.0,0.0,0.0,0.0,0.17988548561939663,6948865.25,1.3038176498156108E7,2.6496221E7,2080.0,2.7795461E7,9265153.666666666,1.4926504913384791E7,2.6496221E7,305690.0,0,0,0,0,0,0,0,0,0,120,32,0.14390838849551732,0.03597709712387933,0.0,0.0,0.0,0.0,0.0,0,0,0,1,0,0,0,0,0.0,0.0,0.0,0.0,120,0,0,0,0,0,0,4,0,1,0,65535,14600,0,20,0,0,0,0,0,0,0,0,BENIGN
10.42.0.42-115.236.16.203-58502-443-6,10.42.0.42,58502,115.236.16.203,443,6,08/08/2017 02:59:39,26882632,6,4,0.0,0.0,0.0,0.0,0.0,0.0,0.0,0.0,0.0,0.0,0.0,0.37198738575895396,2986959.1111111115,4117370.6773117795,1.2027143E7,2969.0,2.6882632E7,5376526.4,4291359.357578821,1.20336E7,370597.0,2.1766852E7,7255617.333333334,4451492.868382509,1.2200147E7,3567002.0,0,0,0,0,236,160,0.22319243145537238,0.14879495430358158,0.0,0.0,0.0,0.0,0.0,0,0,0,1,0,0,0,0,0.0,0.0,0.0,0.0,236,0,0,0,0,0,0,6,0,4,0,65535,5792,0,32,2057174.5,2664619.474923296,3941345.0,173004.0,9010065.5,4266791.919230712,1.2027143E7,5992988.0,BENIGN
180.163.255.159-10.42.0.42-80-39605-6,10.42.0.42,39605,180.163.255.159,80,6,08/08/2017 02:59:43,23001782,2,0,0.0,0.0,0.0,0.0,0.0,0.0,0,0,0,0,0.0,0.08694978502100403,2.3001782E7,0.0,2.3001782E7,2.3001782E7,2.3001782E7,2.3001782E7,0.0,2.3001782E7,2.3001782E7,0,0,0,0,0,0,0,0,0,40,0,0.08694978502100403,0.0,0.0,0.0,0.0,0.0,0.0,0,0,0,0,1,0,0,0,0.0,0.0,0.0,0.0,40,0,0,0,0,0,0,2,0,0,0,1386,-1,0,20,0,0,0,0,0,0,0,0,BENIGN
10.42.0.42-104.192.110.245-50955-80-6,10.42.0.42,50955,104.192.110.245,80,6,08/08/2017 02:59:48,18252063,2,0,0.0,0.0,0.0,0.0,0.0,0.0,0,0,0,0,0.0,0.10957665443078955,1.8252063E7,0.0,1.8252063E7,1.8252063E7,1.8252063E7,1.8252063E7,0.0,1.8252063E7,1.8252063E7,0,0,0,0,0,0,0,0,0,40,0,0.10957665443078955,0.0,0.0,0.0,0.0,0.0,0.0,0,0,0,0,1,0,0,0,0.0,0.0,0.0,0.0,40,0,0,0,0,0,0,2,0,0,0,1415,-1,0,20,0,0,0,0,0,0,0,0,BENIGN
10.42.0.42-122.225.81.54-38520-80-6,10.42.0.42,38520,122.225.81.54,80,6,08/08/2017 02:59:43,23626761,3,1,0.0,0.0,0.0,0.0,0.0,0.0,0.0,0.0,0.0,0.0,0.0,0.1692995497774748,7875587.0,1.3206786351068491E7,2.3125084E7,156835.0,2.3626761E7,1.18133805E7,1.5997164503243208E7,2.3125084E7,501677.0,0,0,0,0,0,0,0,0,0,104,44,0.1269746623331061,0.0423248874443687,0.0,0.0,0.0,0.0,0.0,0,0,0,1,0,0,0,0,0.0,0.0,0.0,0.0,104,0,0,0,0,0,0,3,0,1,0,65535,16384,0,32,0,0,0,0,0,0,0,0,BENIGN
10.42.0.42-106.39.162.36-41959-80-6,10.42.0.42,41959,106.39.162.36,80,6,08/08/2017 03:00:04,1791989,2,0,0.0,0.0,0.0,0.0,0.0,0.0,0,0,0,0,0.0,1.1160782794983675,1791989.0,0.0,1791989.0,1791989.0,1791989.0,1791989.0,0.0,1791989.0,1791989.0,0,0,0,0,0,0,0,0,0,40,0,1.1160782794983675,0.0,0.0,0.0,0.0,0.0,0.0,0,0,0,0,1,0,0,0,0.0,0.0,0.0,0.0,40,0,0,0,0,0,0,2,0,0,0,1470,-1,0,20,0,0,0,0,0,0,0,0,BENIGN
222.73.28.96-10.42.0.42-80-37236-6,10.42.0.42,37236,222.73.28.96,80,6,08/08/2017 02:59:41,25025916,3,1,0.0,0.0,0.0,0.0,0.0,0.0,0.0,0.0,0.0,0.0,0.0,0.15983430936154347,8341972.0,1.4141280405346928E7,2.4669652E7,2175.0,2.5025916E7,1.2512958E7,1.719216152841963E7,2.4669652E7,356264.0,0,0,0,0,0,0,0,0,0,80,32,0.11987573202115759,0.03995857734038587,0.0,0.0,0.0,0.0,0.0,0,0,0,1,0,0,0,0,0.0,0.0,0.0,0.0,80,0,0,0,0,0,0,3,0,1,0,65535,14600,0,20,0,0,0,0,0,0,0,0,BENIGN
222.73.28.96-10.42.0.42-80-37229-6,10.42.0.42,37229,222.73.28.96,80,6,08/08/2017 02:59:40,26437688,3,1,0.0,0.0,0.0,0.0,0.0,0.0,0.0,0.0,0.0,0.0,0.0,0.15129916050147804,8812562.666666666,1.4940385982392468E7,2.6063032E7,10936.0,2.6437688E7,1.3218844E7,1.8164424867269758E7,2.6063032E7,374656.0,0,0,0,0,0,0,0,0,0,80,32,0.11347437037610852,0.03782479012536951,0.0,0.0,0.0,0.0,0.0,0,0,0,1,0,0,0,0,0.0,0.0,0.0,0.0,80,0,0,0,0,0,0,3,0,1,0,65535,14600,0,20,0,0,0,0,0,0,0,0,BENIGN
10.42.0.42-123.125.29.220-45309-80-6,123.125.29.220,80,10.42.0.42,45309,6,08/08/2017 03:00:07,5,2,0,187.0,0.0,187.0,0.0,93.5,132.22896808188437,0,0,0,0,3.74E7,399999.99999999994,5.0,0.0,5.0,5.0,5.0,5.0,0.0,5.0,5.0,0,0,0,0,0,0,0,0,0,40,0,399999.99999999994,0.0,0.0,187.0,62.333333333333336,107.96450033846003,11656.333333333334,0,0,0,0,1,0,0,0,0.0,93.5,93.5,0.0,40,0,0,0,0,0,0,2,187,0,0,115,-1,1,20,0,0,0,0,0,0,0,0,BENIGN
8.0.6.4-8.6.0.1-0-0-0,8.6.0.1,0,8.0.6.4,0,0,08/08/2017 02:57:36,113929457,8,0,0.0,0.0,0.0,0.0,0.0,0.0,0,0,0,0,0.0,0.07021888992238416,1.6275636714285716E7,2.0366446442202E7,4.1470342E7,1657.0,1.13929457E8,1.6275636714285716E7,2.0366446442202E7,4.1470342E7,1657.0,0,0,0,0,0,0,0,0,0,0,0,0.07021888992238416,0.0,0.0,0.0,0.0,0.0,0.0,0,0,0,0,0,0,0,0,0.0,0.0,0.0,0.0,0,0,0,0,0,0,0,8,0,0,0,-1,-1,0,0,5868.0,3841.2280588374338,9180.0,1657.0,3.7967485666666664E7,3036212.49631516,4.1470342E7,3.6089233E7,BENIGN
10.42.0.42-115.236.16.203-58502-443-6,115.236.16.203,443,10.42.0.42,58502,6,08/08/2017 03:00:07,260,2,0,0.0,0.0,0.0,0.0,0.0,0.0,0,0,0,0,0.0,7692.307692307693,260.0,0.0,260.0,260.0,260.0,260.0,0.0,260.0,260.0,0,0,0,0,0,0,0,0,0,64,0,7692.307692307693,0.0,0.0,0.0,0.0,0.0,0.0,0,0,0,0,1,0,0,0,0.0,0.0,0.0,0.0,64,0,0,0,0,0,0,2,0,0,0,23,-1,0,32,0,0,0,0,0,0,0,0,BENIGN
10.42.0.42-123.125.29.138-60330-443-6,10.42.0.42,60330,123.125.29.138,443,6,08/08/2017 02:59:38,28588007,13,10,835.0,9649.0,517.0,0.0,64.23076923076923,161.96200884063,1460.0,0.0,964.9,663.0278107121735,366.72720837097876,0.8045331736486562,1299454.8636363635,5875709.312863315,2.7602275E7,2.0,2.8588007E7,2382333.9166666665,7943306.630385272,2.7602275E7,124.0,662842.0,73649.11111111111,134266.6308045715,310152.0,2.0,0,0,0,0,352,212,0.4547361416275013,0.34979703202115486,0.0,1460.0,436.83333333333337,627.4664492445283,393714.14492753625,0,0,0,1,0,0,0,0,0.0,455.82608695652175,64.23076923076923,964.9,352,0,0,0,0,0,0,13,835,10,9649,65535,131,2,20,0,0,0,0,0,0,0,0,BENIGN
10.42.0.42-123.125.29.138-60329-443-6,10.42.0.42,60329,123.125.29.138,443,6,08/08/2017 02:59:38,28588441,9,7,1352.0,5269.0,517.0,0.0,150.22222222222223,232.5407371718866,1460.0,0.0,752.7142857142858,695.9312021279388,231.59709898136802,0.5596667548258403,1905896.066666667,6826056.671746941,2.6560272E7,1.0,2.8588441E7,3573555.125,9294297.761544785,2.6560272E7,2.0,1673697.0,278949.5,541022.425390205,1351757.0,1.0,0,0,0,0,200,152,0.31481254958953514,0.24485420523630513,0.0,1460.0,389.47058823529414,555.033232974281,308061.8897058824,0,0,0,1,0,0,0,0,0.0,413.8125,150.22222222222223,752.7142857142857,200,0,0,0,0,0,0,9,1352,7,5269,65535,131,3,20,0,0,0,0,0,0,0,0,BENIGN
10.42.0.42-119.146.74.49-33617-443-6,10.42.0.42,33617,119.146.74.49,443,6,08/08/2017 02:59:41,25747809,3,0,0.0,0.0,0.0,0.0,0.0,0.0,0,0,0,0,0.0,0.11651476830514006,1.28739045E7,1.8153589870061636E7,2.5710431E7,37378.0,2.5747809E7,1.28739045E7,1.8153589870061636E7,2.5710431E7,37378.0,0,0,0,0,0,0,0,0,0,60,0,0.11651476830514006,0.0,0.0,0.0,0.0,0.0,0.0,0,0,0,0,1,0,0,0,0.0,0.0,0.0,0.0,60,0,0,0,0,0,0,3,0,0,0,3757,-1,0,20,0,0,0,0,0,0,0,0,BENIGN
10.42.0.42-119.146.74.49-33740-443-6,10.42.0.42,33740,119.146.74.49,443,6,08/08/2017 02:59:41,25515419,3,0,0.0,0.0,0.0,0.0,0.0,0.0,0,0,0,0,0.0,0.11757596455696064,1.27577095E7,1.798624597922603E7,2.5475906E7,39513.0,2.5515419E7,1.27577095E7,1.798624597922603E7,2.5475906E7,39513.0,0,0,0,0,0,0,0,0,0,60,0,0.11757596455696064,0.0,0.0,0.0,0.0,0.0,0.0,0,0,0,0,1,0,0,0,0.0,0.0,0.0,0.0,60,0,0,0,0,0,0,3,0,0,0,1473,-1,0,20,0,0,0,0,0,0,0,0,BENIGN
10.42.0.42-123.125.115.164-52886-443-6,10.42.0.42,52886,123.125.115.164,443,6,08/08/2017 02:59:45,22022040,3,0,0.0,0.0,0.0,0.0,0.0,0.0,0,0,0,0,0.0,0.13622716151637176,1.101102E7,1.5528060672215896E7,2.1991017E7,31023.0,2.202204E7,1.101102E7,1.5528060672215896E7,2.1991017E7,31023.0,0,0,0,0,0,0,0,0,0,60,0,0.13622716151637176,0.0,0.0,0.0,0.0,0.0,0.0,0,0,0,0,1,0,0,0,0.0,0.0,0.0,0.0,60,0,0,0,0,0,0,3,0,0,0,1689,-1,0,20,0,0,0,0,0,0,0,0,BENIGN
10.42.0.42-123.125.115.164-52994-443-6,10.42.0.42,52994,123.125.115.164,443,6,08/08/2017 02:59:39,27455382,9,7,651.0,3597.0,517.0,0.0,72.33333333333333,172.53840152267554,1460.0,0.0,513.8571428571428,665.79336848891,154.7237623574132,0.5827637000279217,1830358.8000000003,6801430.565406487,2.6411547E7,4.0,2.7455382E7,3431922.75,9286714.67301276,2.6411547E7,127.0,669124.0,111520.66666666667,171440.7078189619,335337.0,4.0,0,0,0,0,212,160,0.32780458126570594,0.2549591187622157,0.0,1460.0,249.88235294117652,482.9449868195317,233235.86029411765,0,0,0,1,0,0,0,0,0.0,265.5,72.33333333333333,513.8571428571429,212,0,0,0,0,0,0,9,651,7,3597,65535,528,2,20,0,0,0,0,0,0,0,0,BENIGN
10.42.0.42-123.125.115.164-52885-443-6,10.42.0.42,52885,123.125.115.164,443,6,08/08/2017 02:59:46,20574231,3,0,0.0,0.0,0.0,0.0,0.0,0.0,0,0,0,0,0.0,0.14581346928592373,1.02871155E7,1.450233652517416E7,2.0541816E7,32415.0,2.0574231E7,1.02871155E7,1.450233652517416E7,2.0541816E7,32415.0,0,0,0,0,0,0,0,0,0,60,0,0.14581346928592373,0.0,0.0,0.0,0.0,0.0,0.0,0,0,0,0,1,0,0,0,0.0,0.0,0.0,0.0,60,0,0,0,0,0,0,3,0,0,0,1871,-1,0,20,0,0,0,0,0,0,0,0,BENIGN
10.42.0.42-123.125.115.164-52881-443-6,10.42.0.42,52881,123.125.115.164,443,6,08/08/2017 02:59:46,20493454,3,0,0.0,0.0,0.0,0.0,0.0,0.0,0,0,0,0,0.0,0.14638820766865362,1.0246727E7,1.4443699695344264E7,2.0459965E7,33489.0,2.0493454E7,1.0246727E7,1.4443699695344264E7,2.0459965E7,33489.0,0,0,0,0,0,0,0,0,0,60,0,0.14638820766865362,0.0,0.0,0.0,0.0,0.0,0.0,0,0,0,0,1,0,0,0,0.0,0.0,0.0,0.0,60,0,0,0,0,0,0,3,0,0,0,1597,-1,0,20,0,0,0,0,0,0,0,0,BENIGN
10.42.0.42-36.51.254.232-48739-443-6,10.42.0.42,48739,36.51.254.232,443,6,08/08/2017 02:59:52,14452561,2,0,0.0,0.0,0.0,0.0,0.0,0.0,0,0,0,0,0.0,0.13838377848742517,1.4452561E7,0.0,1.4452561E7,1.4452561E7,1.4452561E7,1.4452561E7,0.0,1.4452561E7,1.4452561E7,0,0,0,0,0,0,0,0,0,40,0,0.13838377848742517,0.0,0.0,0.0,0.0,0.0,0.0,0,0,0,0,1,0,0,0,0.0,0.0,0.0,0.0,40,0,0,0,0,0,0,2,0,0,0,1477,-1,0,20,0,0,0,0,0,0,0,0,BENIGN
219.142.78.162-10.42.0.42-443-50092-6,10.42.0.42,50092,219.142.78.162,443,6,08/08/2017 03:00:01,5848122,3,0,0.0,0.0,0.0,0.0,0.0,0.0,0,0,0,0,0.0,0.5129851942213244,2924061.0,4085339.126790088,5812832.0,35290.0,5848122.0,2924061.0,4085339.126790088,5812832.0,35290.0,0,0,0,0,0,0,0,0,0,60,0,0.5129851942213244,0.0,0.0,0.0,0.0,0.0,0.0,0,0,0,0,1,0,0,0,0.0,0.0,0.0,0.0,60,0,0,0,0,0,0,3,0,0,0,1917,-1,0,20,0,0,0,0,0,0,0,0,BENIGN
219.142.78.162-10.42.0.42-443-50090-6,10.42.0.42,50090,219.142.78.162,443,6,08/08/2017 03:00:01,5441153,3,0,0.0,0.0,0.0,0.0,0.0,0.0,0,0,0,0,0.0,0.5513537296231148,2720576.5,3794375.292933542,5403605.0,37548.0,5441153.0,2720576.5,3794375.292933542,5403605.0,37548.0,0,0,0,0,0,0,0,0,0,60,0,0.5513537296231148,0.0,0.0,0.0,0.0,0.0,0.0,0,0,0,0,1,0,0,0,0.0,0.0,0.0,0.0,60,0,0,0,0,0,0,3,0,0,0,2282,-1,0,20,0,0,0,0,0,0,0,0,BENIGN
219.142.78.162-10.42.0.42-443-50094-6,10.42.0.42,50094,219.142.78.162,443,6,08/08/2017 03:00:01,5442419,3,0,0.0,0.0,0.0,0.0,0.0,0.0,0,0,0,0,0.0,0.5512254752895726,2721209.5,3794475.70209647,5404309.0,38110.0,5442419.0,2721209.5,3794475.70209647,5404309.0,38110.0,0,0,0,0,0,0,0,0,0,60,0,0.5512254752895726,0.0,0.0,0.0,0.0,0.0,0.0,0,0,0,0,1,0,0,0,0.0,0.0,0.0,0.0,60,0,0,0,0,0,0,3,0,0,0,1962,-1,0,20,0,0,0,0,0,0,0,0,BENIGN
219.142.78.162-10.42.0.42-443-50091-6,10.42.0.42,50091,219.142.78.162,443,6,08/08/2017 03:00:01,5442489,3,0,0.0,0.0,0.0,0.0,0.0,0.0,0,0,0,0,0.0,0.5512183855585192,2721244.5,3794786.8290801924,5404564.0,37925.0,5442489.0,2721244.5,3794786.8290801924,5404564.0,37925.0,0,0,0,0,0,0,0,0,0,60,0,0.5512183855585192,0.0,0.0,0.0,0.0,0.0,0.0,0,0,0,0,1,0,0,0,0.0,0.0,0.0,0.0,60,0,0,0,0,0,0,3,0,0,0,1780,-1,0,20,0,0,0,0,0,0,0,0,BENIGN
10.42.0.42-123.125.115.164-52994-443-6,123.125.115.164,443,10.42.0.42,52994,6,08/08/2017 03:00:07,294,2,0,0.0,0.0,0.0,0.0,0.0,0.0,0,0,0,0,0.0,6802.721088435374,294.0,0.0,294.0,294.0,294.0,294.0,0.0,294.0,294.0,0,0,0,0,0,0,0,0,0,40,0,6802.721088435374,0.0,0.0,0.0,0.0,0.0,0.0,0,0,0,0,1,0,0,0,0.0,0.0,0.0,0.0,40,0,0,0,0,0,0,2,0,0,0,528,-1,0,20,0,0,0,0,0,0,0,0,BENIGN
174.35.73.71-10.42.0.42-443-39329-6,10.42.0.42,39329,174.35.73.71,443,6,08/08/2017 02:59:36,30827004,16,16,1318.0,11911.0,675.0,0.0,82.375,204.97475454309003,1448.0,0.0,744.4375,679.780059406472,429.1367399829059,1.0380509244427387,994419.4838709676,5482718.337968293,3.0535982E7,1.0,291022.0,19401.466666666667,29170.72382878488,102266.0,1.0,3.0803876E7,2053591.7333333334,7880914.492849331,3.0541107E7,1.0,0,0,0,0,544,520,0.5190254622213694,0.5190254622213694,0.0,1448.0,400.8787878787878,592.5072129084041,351064.79734848486,0,0,0,1,0,0,0,0,1.0,413.40625,82.375,744.4375,544,0,0,0,0,0,0,16,1318,16,11911,65535,672,3,32,0,0,0,0,0,0,0,0,BENIGN
174.35.73.71-10.42.0.42-443-39326-6,10.42.0.42,39326,174.35.73.71,443,6,08/08/2017 02:59:36,30828663,16,16,1344.0,11911.0,701.0,0.0,84.0,210.0269823935328,1448.0,0.0,744.4374999999999,679.780059406472,429.957017597552,1.0379950632306045,994473.0,5482656.732262064,3.0535724E7,1.0,292939.0,19529.266666666666,27529.601311177412,94559.0,1.0,3.0805303E7,2053686.8666666665,7880744.897985585,3.0540615E7,1.0,0,0,0,0,532,520,0.5189975316153023,0.5189975316153023,0.0,1448.0,401.66666666666663,592.9002691571885,351530.7291666666,0,0,0,1,0,0,0,0,1.0,414.21875,84.0,744.4375,532,0,0,0,0,0,0,16,1344,16,11911,65535,672,3,32,0,0,0,0,0,0,0,0,BENIGN
174.35.73.71-10.42.0.42-443-39327-6,10.42.0.42,39327,174.35.73.71,443,6,08/08/2017 02:59:36,30828614,15,15,1353.0,11710.0,710.0,0.0,90.2,217.9817161402042,1448.0,0.0,780.6666666666666,688.1115634906333,423.72972070687314,0.9731219184878048,1063055.655172414,5666376.879806426,3.0524991E7,1.0,303623.0,21687.357142857145,31957.099665277565,109193.0,1.0,3.0805592E7,2200399.4285714286,8156021.169672632,3.0537202E7,1.0,0,0,0,0,500,488,0.4865609592439024,0.4865609592439024,0.0,1448.0,421.38709677419354,606.9941612799557,368441.91182795697,0,0,0,1,0,0,0,0,1.0,435.43333333333334,90.2,780.6666666666666,500,0,0,0,0,0,0,15,1353,15,11710,65535,672,3,32,0,0,0,0,0,0,0,0,BENIGN
174.35.73.71-10.42.0.42-443-39328-6,10.42.0.42,39328,174.35.73.71,443,6,08/08/2017 02:59:36,30828159,16,16,1354.0,11911.0,711.0,0.0,84.625,211.991155475883,1448.0,0.0,744.4375,679.780059406472,430.28842559168066,1.0380120330896179,994456.7419354839,5482692.10334985,3.053593E7,1.0,292229.0,19481.93333333333,25165.835319980557,77541.0,1.0,3.0804271E7,2053618.0666666664,7880272.849500268,3.0538876E7,3.0,0,0,0,0,544,520,0.5190060165448089,0.5190060165448089,0.0,1448.0,401.96969696969694,593.0605726256217,351720.84280303033,0,0,0,1,0,0,0,0,1.0,414.53125,84.625,744.4375,544,0,0,0,0,0,0,16,1354,16,11911,65535,672,3,32,0,0,0,0,0,0,0,0,BENIGN
174.35.73.71-10.42.0.42-443-39329-6,10.42.0.42,39329,174.35.73.71,443,6,08/08/2017 03:00:07,20636,1,1,0.0,0.0,0.0,0.0,0.0,0.0,0.0,0.0,0.0,0.0,0.0,96.91800736576855,20636.0,0.0,20636.0,20636.0,0,0,0,0,0,0,0,0,0,0,0,0,0,0,32,32,48.45900368288427,48.45900368288427,0.0,0.0,0.0,0.0,0.0,0,0,0,0,1,0,0,0,1.0,0.0,0.0,0.0,32,0,0,0,0,0,0,1,0,1,0,1776,672,0,32,0,0,0,0,0,0,0,0,BENIGN
174.35.73.71-10.42.0.42-443-39326-6,10.42.0.42,39326,174.35.73.71,443,6,08/08/2017 03:00:07,20638,1,1,0.0,0.0,0.0,0.0,0.0,0.0,0.0,0.0,0.0,0.0,0.0,96.90861517588914,20638.0,0.0,20638.0,20638.0,0,0,0,0,0,0,0,0,0,0,0,0,0,0,32,32,48.45430758794457,48.45430758794457,0.0,0.0,0.0,0.0,0.0,0,0,0,0,1,0,0,0,1.0,0.0,0.0,0.0,32,0,0,0,0,0,0,1,0,1,0,1822,672,0,32,0,0,0,0,0,0,0,0,BENIGN
174.35.73.71-10.42.0.42-443-39327-6,10.42.0.42,39327,174.35.73.71,443,6,08/08/2017 03:00:07,21618,1,1,0.0,0.0,0.0,0.0,0.0,0.0,0.0,0.0,0.0,0.0,0.0,92.5154963456379,21618.0,0.0,21618.0,21618.0,0,0,0,0,0,0,0,0,0,0,0,0,0,0,32,32,46.25774817281895,46.25774817281895,0.0,0.0,0.0,0.0,0.0,0,0,0,0,1,0,0,0,1.0,0.0,0.0,0.0,32,0,0,0,0,0,0,1,0,1,0,1776,672,0,32,0,0,0,0,0,0,0,0,BENIGN
174.35.73.71-10.42.0.42-443-39328-6,10.42.0.42,39328,174.35.73.71,443,6,08/08/2017 03:00:07,21621,1,1,0.0,0.0,0.0,0.0,0.0,0.0,0.0,0.0,0.0,0.0,0.0,92.50265945145922,21621.0,0.0,21621.0,21621.0,0,0,0,0,0,0,0,0,0,0,0,0,0,0,32,32,46.25132972572961,46.25132972572961,0.0,0.0,0.0,0.0,0.0,0,0,0,0,1,0,0,0,1.0,0.0,0.0,0.0,32,0,0,0,0,0,0,1,0,1,0,1776,672,0,32,0,0,0,0,0,0,0,0,BENIGN
174.35.73.71-10.42.0.42-443-39329-6,10.42.0.42,39329,174.35.73.71,443,6,08/08/2017 03:00:07,30403,2,0,0.0,0.0,0.0,0.0,0.0,0.0,0,0,0,0,0.0,65.78298194257145,30403.0,0.0,30403.0,30403.0,30403.0,30403.0,0.0,30403.0,30403.0,0,0,0,0,0,0,0,0,0,76,0,65.78298194257145,0.0,0.0,0.0,0.0,0.0,0.0,0,0,0,0,1,0,0,0,0.0,0.0,0.0,0.0,76,0,0,0,0,0,0,2,0,0,0,1776,-1,0,32,0,0,0,0,0,0,0,0,BENIGN
174.35.73.71-10.42.0.42-443-39326-6,10.42.0.42,39326,174.35.73.71,443,6,08/08/2017 03:00:07,30041,2,0,0.0,0.0,0.0,0.0,0.0,0.0,0,0,0,0,0.0,66.57567990413102,30041.0,0.0,30041.0,30041.0,30041.0,30041.0,0.0,30041.0,30041.0,0,0,0,0,0,0,0,0,0,76,0,66.57567990413102,0.0,0.0,0.0,0.0,0.0,0.0,0,0,0,0,1,0,0,0,0.0,0.0,0.0,0.0,76,0,0,0,0,0,0,2,0,0,0,1822,-1,0,32,0,0,0,0,0,0,0,0,BENIGN
174.35.73.71-10.42.0.42-443-39328-6,10.42.0.42,39328,174.35.73.71,443,6,08/08/2017 03:00:07,30026,2,0,0.0,0.0,0.0,0.0,0.0,0.0,0,0,0,0,0.0,66.608938919603,30026.0,0.0,30026.0,30026.0,30026.0,30026.0,0.0,30026.0,30026.0,0,0,0,0,0,0,0,0,0,76,0,66.608938919603,0.0,0.0,0.0,0.0,0.0,0.0,0,0,0,0,1,0,0,0,0.0,0.0,0.0,0.0,76,0,0,0,0,0,0,2,0,0,0,1776,-1,0,32,0,0,0,0,0,0,0,0,BENIGN
174.35.73.71-10.42.0.42-443-39327-6,10.42.0.42,39327,174.35.73.71,443,6,08/08/2017 03:00:07,30029,2,0,0.0,0.0,0.0,0.0,0.0,0.0,0,0,0,0,0.0,66.60228445835692,30029.0,0.0,30029.0,30029.0,30029.0,30029.0,0.0,30029.0,30029.0,0,0,0,0,0,0,0,0,0,76,0,66.60228445835692,0.0,0.0,0.0,0.0,0.0,0.0,0,0,0,0,1,0,0,0,0.0,0.0,0.0,0.0,76,0,0,0,0,0,0,2,0,0,0,1776,-1,0,32,0,0,0,0,0,0,0,0,BENIGN
10.42.0.42-123.125.29.138-57970-80-6,123.125.29.138,80,10.42.0.42,57970,6,08/08/2017 03:00:07,939527,2,1,0.0,0.0,0.0,0.0,0.0,0.0,0.0,0.0,0.0,0.0,0.0,3.1930961004846057,469763.5,659162.820101756,935862.0,3665.0,939527.0,939527.0,0.0,939527.0,939527.0,0,0,0,0,0,0,0,0,0,40,20,2.1287307336564036,1.0643653668282018,0.0,0.0,0.0,0.0,0.0,0,0,0,0,1,1,0,0,0.0,0.0,0.0,0.0,40,0,0,0,0,0,0,2,0,1,0,115,1369,0,20,0,0,0,0,0,0,0,0,BENIGN
10.42.0.42-106.11.94.21-52023-443-6,10.42.0.42,52023,106.11.94.21,443,6,08/08/2017 02:59:42,26955931,2,0,0.0,0.0,0.0,0.0,0.0,0.0,0,0,0,0,0.0,0.07419517433844151,2.6955931E7,0.0,2.6955931E7,2.6955931E7,2.6955931E7,2.6955931E7,0.0,2.6955931E7,2.6955931E7,0,0,0,0,0,0,0,0,0,40,0,0.07419517433844151,0.0,0.0,0.0,0.0,0.0,0.0,0,0,0,0,1,1,0,0,0.0,0.0,0.0,0.0,40,0,0,0,0,0,0,2,0,0,0,65535,-1,0,20,0,0,0,0,0,0,0,0,BENIGN
10.42.0.42-123.125.115.164-52885-443-6,10.42.0.42,52885,123.125.115.164,443,6,08/08/2017 03:00:08,1325095,2,0,0.0,0.0,0.0,0.0,0.0,0.0,0,0,0,0,0.0,1.5093257464559147,1325095.0,0.0,1325095.0,1325095.0,1325095.0,1325095.0,0.0,1325095.0,1325095.0,0,0,0,0,0,0,0,0,0,40,0,1.5093257464559147,0.0,0.0,0.0,0.0,0.0,0.0,0,0,0,0,1,1,0,0,0.0,0.0,0.0,0.0,40,0,0,0,0,0,0,2,0,0,0,1871,-1,0,20,0,0,0,0,0,0,0,0,BENIGN
10.42.0.42-119.146.74.49-33617-443-6,10.42.0.42,33617,119.146.74.49,443,6,08/08/2017 03:00:08,1879329,2,0,0.0,0.0,0.0,0.0,0.0,0.0,0,0,0,0,0.0,1.0642096194971715,1879329.0,0.0,1879329.0,1879329.0,1879329.0,1879329.0,0.0,1879329.0,1879329.0,0,0,0,0,0,0,0,0,0,40,0,1.0642096194971715,0.0,0.0,0.0,0.0,0.0,0.0,0,0,0,0,1,1,0,0,0.0,0.0,0.0,0.0,40,0,0,0,0,0,0,2,0,0,0,3757,-1,0,20,0,0,0,0,0,0,0,0,BENIGN
180.163.255.159-10.42.0.42-80-39605-6,10.42.0.42,39605,180.163.255.159,80,6,08/08/2017 03:00:08,2372675,2,0,0.0,0.0,0.0,0.0,0.0,0.0,0,0,0,0,0.0,0.842930447701434,2372675.0,0.0,2372675.0,2372675.0,2372675.0,2372675.0,0.0,2372675.0,2372675.0,0,0,0,0,0,0,0,0,0,40,0,0.842930447701434,0.0,0.0,0.0,0.0,0.0,0.0,0,0,0,0,1,1,0,0,0.0,0.0,0.0,0.0,40,0,0,0,0,0,0,2,0,0,0,1386,-1,0,20,0,0,0,0,0,0,0,0,BENIGN
10.42.0.42-123.125.115.164-52886-443-6,10.42.0.42,52886,123.125.115.164,443,6,08/08/2017 03:00:08,2241050,2,0,0.0,0.0,0.0,0.0,0.0,0.0,0,0,0,0,0.0,0.892438812163941,2241050.0,0.0,2241050.0,2241050.0,2241050.0,2241050.0,0.0,2241050.0,2241050.0,0,0,0,0,0,0,0,0,0,40,0,0.892438812163941,0.0,0.0,0.0,0.0,0.0,0.0,0,0,0,0,1,1,0,0,0.0,0.0,0.0,0.0,40,0,0,0,0,0,0,2,0,0,0,1689,-1,0,20,0,0,0,0,0,0,0,0,BENIGN
10.42.0.42-119.146.74.49-33740-443-6,10.42.0.42,33740,119.146.74.49,443,6,08/08/2017 03:00:08,2260052,2,0,0.0,0.0,0.0,0.0,0.0,0.0,0,0,0,0,0.0,0.8849353908671128,2260052.0,0.0,2260052.0,2260052.0,2260052.0,2260052.0,0.0,2260052.0,2260052.0,0,0,0,0,0,0,0,0,0,40,0,0.8849353908671128,0.0,0.0,0.0,0.0,0.0,0.0,0,0,0,0,1,1,0,0,0.0,0.0,0.0,0.0,40,0,0,0,0,0,0,2,0,0,0,1473,-1,0,20,0,0,0,0,0,0,0,0,BENIGN
10.42.0.42-123.125.115.164-52881-443-6,10.42.0.42,52881,123.125.115.164,443,6,08/08/2017 03:00:08,2751042,2,0,0.0,0.0,0.0,0.0,0.0,0.0,0,0,0,0,0.0,0.7269972614013163,2751042.0,0.0,2751042.0,2751042.0,2751042.0,2751042.0,0.0,2751042.0,2751042.0,0,0,0,0,0,0,0,0,0,40,0,0.7269972614013163,0.0,0.0,0.0,0.0,0.0,0.0,0,0,0,0,1,1,0,0,0.0,0.0,0.0,0.0,40,0,0,0,0,0,0,2,0,0,0,1597,-1,0,20,0,0,0,0,0,0,0,0,BENIGN
10.42.0.42-115.239.210.141-48168-443-6,10.42.0.42,48168,115.239.210.141,443,6,08/08/2017 02:59:44,29529715,2,0,0.0,0.0,0.0,0.0,0.0,0.0,0,0,0,0,0.0,0.0677283881676474,2.9529715E7,0.0,2.9529715E7,2.9529715E7,2.9529715E7,2.9529715E7,0.0,2.9529715E7,2.9529715E7,0,0,0,0,0,0,0,0,0,40,0,0.0677283881676474,0.0,0.0,0.0,0.0,0.0,0.0,0,0,0,0,1,1,0,0,0.0,0.0,0.0,0.0,40,0,0,0,0,0,0,2,0,0,0,1597,-1,0,20,0,0,0,0,0,0,0,0,BENIGN
10.42.0.42-64.233.183.102-55205-443-6,64.233.183.102,443,10.42.0.42,55205,6,08/08/2017 02:59:10,66508202,1,3,0.0,31.0,0.0,0.0,0.0,0.0,31.0,0.0,10.333333333333332,17.8978583448784,0.46610792455342576,0.06014295800689365,2.2169400666666664E7,3.833883997275367E7,6.6439263E7,1045.0,0,0,0,0,0,6.6440308E7,3.3220154E7,4.6978914477750145E7,6.6439263E7,1045.0,0,0,0,0,32,96,0.015035739501723412,0.045107218505170237,0.0,31.0,6.2,13.863621460498695,192.2,0,0,0,0,1,1,0,0,3.0,7.75,0.0,10.333333333333334,32,0,0,0,0,0,0,1,0,3,31,190,1727,0,32,67894.0,0.0,67894.0,67894.0,6.6439263E7,0.0,6.6439263E7,6.6439263E7,BENIGN
10.42.0.42-123.125.115.164-52885-443-6,10.42.0.42,52885,123.125.115.164,443,6,08/08/2017 03:00:12,5918328,2,0,0.0,0.0,0.0,0.0,0.0,0.0,0,0,0,0,0.0,0.33793328115643473,5918328.0,0.0,5918328.0,5918328.0,5918328.0,5918328.0,0.0,5918328.0,5918328.0,0,0,0,0,0,0,0,0,0,40,0,0.33793328115643473,0.0,0.0,0.0,0.0,0.0,0.0,0,0,0,0,1,1,0,0,0.0,0.0,0.0,0.0,40,0,0,0,0,0,0,2,0,0,0,1871,-1,0,20,0,0,0,0,0,0,0,0,BENIGN
172.217.11.46-10.42.0.42-443-36941-6,10.42.0.42,36941,172.217.11.46,443,6,08/08/2017 03:00:11,10101780,2,2,0.0,0.0,0.0,0.0,0.0,0.0,0.0,0.0,0.0,0.0,0.0,0.3959698191803821,3367260.0,5798619.110926411,1.00629E7,2489.0,38880.0,38880.0,0.0,38880.0,38880.0,1.0065389E7,1.0065389E7,0.0,1.0065389E7,1.0065389E7,0,0,0,0,72,72,0.19798490959019105,0.19798490959019105,0.0,0.0,0.0,0.0,0.0,0,0,0,1,0,0,0,0,1.0,0.0,0.0,0.0,72,0,0,0,0,0,0,2,0,2,0,65535,166,0,32,0,0,0,0,0,0,0,0,BENIGN
10.42.0.42-119.146.74.49-33617-443-6,10.42.0.42,33617,119.146.74.49,443,6,08/08/2017 03:00:13,7526771,2,0,0.0,0.0,0.0,0.0,0.0,0.0,0,0,0,0,0.0,0.26571819442892575,7526771.0,0.0,7526771.0,7526771.0,7526771.0,7526771.0,0.0,7526771.0,7526771.0,0,0,0,0,0,0,0,0,0,40,0,0.26571819442892575,0.0,0.0,0.0,0.0,0.0,0.0,0,0,0,0,1,1,0,0,0.0,0.0,0.0,0.0,40,0,0,0,0,0,0,2,0,0,0,3757,-1,0,20,0,0,0,0,0,0,0,0,BENIGN
10.42.0.42-52.221.28.15-45900-80-6,10.42.0.42,45900,52.221.28.15,80,6,08/08/2017 02:59:20,62016764,7,6,1266.0,1968.0,422.0,0.0,180.85714285714286,225.56848817408618,656.0,0.0,328.0,359.305997723389,52.14719039516476,0.20962074061136113,5168063.666666666,1.7560026750866786E7,6.0927419E7,1035.0,1089345.0,181557.5,132973.09507076986,298427.0,4451.0,6.1766531E7,1.23533062E7,2.7178597977891773E7,6.097143E7,1035.0,0,0,0,0,232,200,0.11287270648304061,0.09674803412832053,0.0,656.0,231.0,287.9911857625561,82938.92307692308,0,0,0,1,0,0,0,0,0.0,248.76923076923077,180.85714285714286,328.0,232,0,0,0,0,0,0,7,1266,6,1968,65535,127,3,32,0,0,0,0,0,0,0,0,BENIGN
10.42.0.42-52.221.28.15-45902-80-6,10.42.0.42,45902,52.221.28.15,80,6,08/08/2017 02:59:20,61901229,7,6,1420.0,1968.0,499.0,0.0,202.85714285714283,254.30587132521376,656.0,0.0,328.0,359.305997723389,54.73235434469322,0.21001198538400587,5158435.750000001,1.7462669664556798E7,6.0608667E7,1128.0,1292562.0,215427.0,103555.16158067642,296883.0,31719.0,6.1642793E7,1.23285586E7,2.7009819739820216E7,6.0644417E7,1128.0,0,0,0,0,232,200,0.11308337674523393,0.09692860863877194,0.0,656.0,242.00000000000003,297.0622830316902,88246.0,0,0,0,1,0,0,0,0,0.0,260.61538461538464,202.85714285714286,328.0,232,0,0,0,0,0,0,7,1420,6,1968,65535,127,3,32,0,0,0,0,0,0,0,0,BENIGN
10.42.0.42-113.108.216.233-44050-80-6,10.42.0.42,44050,113.108.216.233,80,6,08/08/2017 02:58:21,56253975,6,4,774.0,1994.0,387.0,0.0,129.0,199.8459406643027,1041.0,0.0,498.5,576.7382421861759,49.20541170646163,0.1777652157025348,6250441.666666666,1.8469574916761473E7,5.5501649E7,534.0,5.6253975E7,1.1250795E7,2.473721643288545E7,5.5501649E7,534.0,5.600444E7,1.8668146666666668E7,3.211423767126541E7,5.5750188E7,955.0,0,0,0,0,140,92,0.10665912942152088,0.07110608628101392,0.0,1041.0,251.63636363636365,399.36180907224286,159489.85454545455,0,0,0,1,0,0,0,0,0.0,276.8,129.0,498.5,140,0,0,0,0,0,0,6,774,4,1994,65535,131,2,20,502838.0,0.0,502838.0,502838.0,5.5501649E7,0.0,5.5501649E7,5.5501649E7,BENIGN
10.42.0.42-106.39.162.36-41958-80-6,10.42.0.42,41958,106.39.162.36,80,6,08/08/2017 02:59:58,25038917,2,0,0.0,0.0,0.0,0.0,0.0,0.0,0,0,0,0,0.0,0.07987565915890052,2.5038917E7,0.0,2.5038917E7,2.5038917E7,2.5038917E7,2.5038917E7,0.0,2.5038917E7,2.5038917E7,0,0,0,0,0,0,0,0,0,40,0,0.07987565915890052,0.0,0.0,0.0,0.0,0.0,0.0,0,0,0,0,1,1,0,0,0.0,0.0,0.0,0.0,40,0,0,0,0,0,0,2,0,0,0,1369,-1,0,20,0,0,0,0,0,0,0,0,BENIGN
10.42.0.42-106.39.162.36-41960-80-6,10.42.0.42,41960,106.39.162.36,80,6,08/08/2017 02:59:58,25038961,2,0,0.0,0.0,0.0,0.0,0.0,0.0,0,0,0,0,0.0,0.0798755187964868,2.5038961E7,0.0,2.5038961E7,2.5038961E7,2.5038961E7,2.5038961E7,0.0,2.5038961E7,2.5038961E7,0,0,0,0,0,0,0,0,0,40,0,0.0798755187964868,0.0,0.0,0.0,0.0,0.0,0.0,0,0,0,0,1,1,0,0,0.0,0.0,0.0,0.0,40,0,0,0,0,0,0,2,0,0,0,1369,-1,0,20,0,0,0,0,0,0,0,0,BENIGN
10.42.0.42-106.39.162.36-41957-80-6,10.42.0.42,41957,106.39.162.36,80,6,08/08/2017 02:59:58,25038938,2,0,0.0,0.0,0.0,0.0,0.0,0.0,0,0,0,0,0.0,0.07987559216768698,2.5038938E7,0.0,2.5038938E7,2.5038938E7,2.5038938E7,2.5038938E7,0.0,2.5038938E7,2.5038938E7,0,0,0,0,0,0,0,0,0,40,0,0.07987559216768698,0.0,0.0,0.0,0.0,0.0,0.0,0,0,0,0,1,1,0,0,0.0,0.0,0.0,0.0,40,0,0,0,0,0,0,2,0,0,0,1369,-1,0,20,0,0,0,0,0,0,0,0,BENIGN
10.42.0.42-123.125.115.164-52886-443-6,10.42.0.42,52886,123.125.115.164,443,6,08/08/2017 03:00:15,8989724,2,0,0.0,0.0,0.0,0.0,0.0,0.0,0,0,0,0,0.0,0.22247624064987978,8989724.0,0.0,8989724.0,8989724.0,8989724.0,8989724.0,0.0,8989724.0,8989724.0,0,0,0,0,0,0,0,0,0,40,0,0.22247624064987978,0.0,0.0,0.0,0.0,0.0,0.0,0,0,0,0,1,1,0,0,0.0,0.0,0.0,0.0,40,0,0,0,0,0,0,2,0,0,0,1689,-1,0,20,0,0,0,0,0,0,0,0,BENIGN
10.42.0.42-119.146.74.49-33740-443-6,10.42.0.42,33740,119.146.74.49,443,6,08/08/2017 03:00:15,9060059,2,0,0.0,0.0,0.0,0.0,0.0,0.0,0,0,0,0,0.0,0.22074911432695965,9060059.0,0.0,9060059.0,9060059.0,9060059.0,9060059.0,0.0,9060059.0,9060059.0,0,0,0,0,0,0,0,0,0,40,0,0.22074911432695965,0.0,0.0,0.0,0.0,0.0,0.0,0,0,0,0,1,1,0,0,0.0,0.0,0.0,0.0,40,0,0,0,0,0,0,2,0,0,0,1473,-1,0,20,0,0,0,0,0,0,0,0,BENIGN
180.163.255.159-10.42.0.42-80-39605-6,10.42.0.42,39605,180.163.255.159,80,6,08/08/2017 03:00:15,10186165,2,0,0.0,0.0,0.0,0.0,0.0,0.0,0,0,0,0,0.0,0.19634474799887885,1.0186165E7,0.0,1.0186165E7,1.0186165E7,1.0186165E7,1.0186165E7,0.0,1.0186165E7,1.0186165E7,0,0,0,0,0,0,0,0,0,40,0,0.19634474799887885,0.0,0.0,0.0,0.0,0.0,0.0,0,0,0,0,1,1,0,0,0.0,0.0,0.0,0.0,40,0,0,0,0,0,0,2,0,0,0,1386,-1,0,20,0,0,0,0,0,0,0,0,BENIGN
10.42.0.42-123.125.115.164-52881-443-6,10.42.0.42,52881,123.125.115.164,443,6,08/08/2017 03:00:16,10990861,2,0,0.0,0.0,0.0,0.0,0.0,0.0,0,0,0,0,0.0,0.1819693652753865,1.0990861E7,0.0,1.0990861E7,1.0990861E7,1.0990861E7,1.0990861E7,0.0,1.0990861E7,1.0990861E7,0,0,0,0,0,0,0,0,0,40,0,0.1819693652753865,0.0,0.0,0.0,0.0,0.0,0.0,0,0,0,0,1,1,0,0,0.0,0.0,0.0,0.0,40,0,0,0,0,0,0,2,0,0,0,1597,-1,0,20,0,0,0,0,0,0,0,0,BENIGN
10.42.0.42-64.71.142.96-37606-443-6,10.42.0.42,37606,64.71.142.96,443,6,08/08/2017 02:58:30,119032741,1390,3495,10181.0,4883445.0,410.0,0.0,7.32446043165468,32.676156792236384,1460.0,0.0,1397.2660944205982,233.6191552753311,41111.59634642035,41.039128889756476,24371.978091728088,303012.7223068959,8279696.0,0.0,1.19032741E8,85696.71778257738,563829.2729447437,8279696.0,1.0,1.18957261E8,34046.15369204345,364814.0349425474,8354988.0,0.0,0,0,0,0,29080,69924,11.677459397494678,29.361669492261797,0.0,1460.0,1001.560785918953,657.9116312418821,432847.7145233542,0,0,0,1,0,0,0,0,2.0,1001.7658137154555,7.324460431654677,1397.266094420601,29080,0,0,0,0,0,0,1390,10181,3495,4883445,65535,117,77,20,3.2303814E7,2.881236711837212E7,5.6463804E7,415395.0,7127625.0,1617276.665558803,8279696.0,5278745.0,BENIGN
172.217.12.174-10.42.0.42-443-34158-17,10.42.0.42,34158,172.217.12.174,443,17,08/08/2017 02:58:27,112274498,61,73,17288.0,10103.0,1350.0,23.0,283.40983606557376,401.92131804824606,1350.0,18.0,138.39726027397262,228.88180718234534,243.96457332634878,1.1935034436760519,844169.1578947374,3231343.1041235076,1.6571363E7,3.0,1.12274498E8,1871241.6333333333,4635905.842992518,1.6633279E7,3.0,1.12225973E8,1558694.0694444443,4296007.829872771,1.6608421E7,4.0,0,0,0,0,1536,1804,0.5433112691361132,0.6501921745399387,18.0,1350.0,212.89629629629627,339.7295296914725,115416.15334438911,0,0,0,0,0,0,0,0,1.0,214.48507462686567,283.40983606557376,138.3972602739726,1536,0,0,0,0,0,0,61,17288,73,10103,-1,-1,60,20,836162.625,1848091.5738928348,5401261.0,61092.0,1.3160804375E7,2986486.8759064884,1.6571363E7,7399934.0,BENIGN
172.217.10.74-10.42.0.42-443-44241-6,172.217.10.74,443,10.42.0.42,44241,6,08/08/2017 02:59:46,52095819,1,3,0.0,31.0,0.0,0.0,0.0,0.0,31.0,0.0,10.333333333333332,17.8978583448784,0.5950573499957837,0.07678159354784306,1.7365273E7,3.0038644495860662E7,5.2050903E7,853.0,0,0,0,0,0,5.2051756E7,2.6025878E7,3.680494331609886E7,5.2050903E7,853.0,0,0,0,0,32,96,0.019195398386960764,0.0575861951608823,0.0,31.0,6.2,13.863621460498695,192.2,0,0,0,0,1,1,0,0,3.0,7.75,0.0,10.333333333333334,32,0,0,0,0,0,0,1,0,3,31,196,1637,0,32,44063.0,0.0,44063.0,44063.0,5.2050903E7,0.0,5.2050903E7,5.2050903E7,BENIGN
10.42.0.42-64.71.142.96-43866-80-6,10.42.0.42,43866,64.71.142.96,80,6,08/08/2017 02:58:38,564610,26,34,989.0,41492.0,495.0,0.0,38.03846153846154,134.3787128288497,1460.0,0.0,1220.3529411764705,527.3386516043896,75239.54588122775,106.2680434282071,9569.66101694915,36636.93934269552,250131.0,1.0,564610.0,22584.4,55198.537239073055,250131.0,1.0,486873.0,14753.727272727272,59599.89360113863,330603.0,1.0,0,0,0,0,540,692,46.0494854855564,60.21855794265068,0.0,1460.0,696.4098360655735,715.5021401563422,511943.3125683059,0,0,0,1,0,0,0,0,1.0,708.0166666666667,38.03846153846154,1220.3529411764705,540,0,0,0,0,0,0,26,989,34,41492,65535,33,2,20,0,0,0,0,0,0,0,0,BENIGN
10.42.0.42-64.71.142.96-43865-80-6,10.42.0.42,43865,64.71.142.96,80,6,08/08/2017 02:58:38,1231596,7,6,805.0,3519.0,403.0,0.0,115.0,196.4001018329675,1460.0,0.0,586.5,706.4490781365632,3510.8915585955137,10.555409403733043,102633.0,285092.3923611113,1002414.0,2.0,1231596.0,205266.0,392286.3409174477,1002414.0,120.0,1156622.0,231324.4,476120.57744262635,1081071.0,2.0,0,0,0,0,160,132,5.683681986625484,4.871727417107558,0.0,1460.0,308.85714285714283,522.4027119058566,272904.5934065934,0,0,0,1,0,0,0,0,0.0,332.61538461538464,115.0,586.5,160,0,0,0,0,0,0,7,805,6,3519,65535,33,2,20,0,0,0,0,0,0,0,0,BENIGN
10.42.0.42-64.71.142.96-43864-80-6,10.42.0.42,43864,64.71.142.96,80,6,08/08/2017 02:58:38,1641731,9,7,1213.0,5252.0,408.0,0.0,134.77777777777777,202.17305568360104,1460.0,0.0,750.2857142857142,650.7161988367674,3937.916747627961,9.745810976341435,109448.73333333332,262667.1062473419,1013555.0,3.0,1641731.0,205216.375,340414.2651794963,1013555.0,1046.0,1566648.0,261108.0,432573.8487934748,1088654.0,3.0,0,0,0,0,200,152,5.482018674192057,4.263792302149378,0.0,1460.0,380.29411764705884,531.0935375131535,282060.3455882353,0,0,0,1,0,0,0,0,0.0,404.0625,134.77777777777777,750.2857142857143,200,0,0,0,0,0,0,9,1213,7,5252,65535,35,3,20,0,0,0,0,0,0,0,0,BENIGN
10.42.0.42-47.89.67.240-42604-80-6,10.42.0.42,42604,47.89.67.240,80,6,08/08/2017 02:58:43,195348,5,4,851.0,2734.0,851.0,0.0,170.2,380.57876977046425,1460.0,0.0,683.5,792.882294753347,18351.864365132995,46.07162602125438,24418.5,33029.59486797949,71778.0,136.0,195348.0,48837.0,35188.092938757945,75183.0,136.0,121143.0,40381.0,69074.63500446455,120141.0,252.0,0,0,0,0,120,92,25.595347789585766,20.476278231668612,0.0,1460.0,358.5,595.6932935664124,354850.5,0,0,0,1,0,0,0,0,0.0,398.3333333333333,170.2,683.5,120,0,0,0,0,0,0,5,851,4,2734,65535,32,1,20,0,0,0,0,0,0,0,0,BENIGN
10.42.0.42-64.71.142.120-59108-80-6,10.42.0.42,59108,64.71.142.120,80,6,08/08/2017 02:58:44,151026,4,3,850.0,833.0,850.0,0.0,212.5,425.0,833.0,0.0,277.6666666666667,480.9327742349583,11143.776568273013,46.34963516215751,25171.0,36242.324671577015,71970.0,665.0,151026.0,50342.0,42497.23615719027,75621.0,1278.0,76113.0,38056.5,52879.56641747359,75448.0,665.0,0,0,0,0,100,72,26.48550580694715,19.864129355210363,0.0,850.0,210.375,389.5653026130536,151761.125,0,0,0,1,0,0,0,0,0.0,240.42857142857142,212.5,277.6666666666667,100,0,0,0,0,0,0,4,850,3,833,65535,32,1,20,0,0,0,0,0,0,0,0,BENIGN
203.90.242.126-10.42.0.42-443-49093-6,10.42.0.42,49093,203.90.242.126,443,6,08/08/2017 02:58:45,61044338,12,9,896.0,4024.0,579.0,0.0,74.66666666666667,168.85407004184697,1448.0,0.0,447.1111111111111,591.679272166189,80.59715546427908,0.34401224893289856,3052216.9,1.3334712097882198E7,5.9703352E7,1.0,6.0767125E7,5524284.090909091,1.7969567507611465E7,5.9703352E7,1.0,6.0806881E7,7600860.125,2.1168392104886506E7,5.9988867E7,3.0,0,0,0,0,392,296,0.1965784279616563,0.14743382097124225,0.0,1448.0,223.63636363636365,429.8443290147576,184766.1471861472,0,0,0,1,0,0,0,0,0.0,234.28571428571428,74.66666666666667,447.1111111111111,392,0,0,0,0,0,0,12,896,9,4024,65535,244,4,32,1063773.0,0.0,1063773.0,1063773.0,5.9703352E7,0.0,5.9703352E7,5.9703352E7,BENIGN
183.232.231.30-10.42.0.42-443-46000-6,10.42.0.42,46000,183.232.231.30,443,6,08/08/2017 03:00:04,49438776,2,0,0.0,0.0,0.0,0.0,0.0,0.0,0,0,0,0,0.0,0.04045407596660565,4.9438776E7,0.0,4.9438776E7,4.9438776E7,4.9438776E7,4.9438776E7,0.0,4.9438776E7,4.9438776E7,0,0,0,0,0,0,0,0,0,40,0,0.04045407596660565,0.0,0.0,0.0,0.0,0.0,0.0,0,0,0,0,1,1,0,0,0.0,0.0,0.0,0.0,40,0,0,0,0,0,0,2,0,0,0,1643,-1,0,20,0,0,0,0,0,0,0,0,BENIGN
10.42.0.42-123.125.115.164-52885-443-6,10.42.0.42,52885,123.125.115.164,443,6,08/08/2017 03:00:30,23758415,2,0,0.0,0.0,0.0,0.0,0.0,0.0,0,0,0,0,0.0,0.0841806997646939,2.3758415E7,0.0,2.3758415E7,2.3758415E7,2.3758415E7,2.3758415E7,0.0,2.3758415E7,2.3758415E7,0,0,0,0,0,0,0,0,0,40,0,0.0841806997646939,0.0,0.0,0.0,0.0,0.0,0.0,0,0,0,0,1,1,0,0,0.0,0.0,0.0,0.0,40,0,0,0,0,0,0,2,0,0,0,1871,-1,0,20,0,0,0,0,0,0,0,0,BENIGN
10.42.0.42-123.125.115.164-52741-443-6,10.42.0.42,52741,123.125.115.164,443,6,08/08/2017 03:00:06,51921114,2,0,0.0,0.0,0.0,0.0,0.0,0.0,0,0,0,0,0.0,0.038519974744763756,5.1921114E7,0.0,5.1921114E7,5.1921114E7,5.1921114E7,5.1921114E7,0.0,5.1921114E7,5.1921114E7,0,0,0,0,0,0,0,0,0,40,0,0.038519974744763756,0.0,0.0,0.0,0.0,0.0,0.0,0,0,0,0,1,1,0,0,0.0,0.0,0.0,0.0,40,0,0,0,0,0,0,2,0,0,0,1597,-1,0,20,0,0,0,0,0,0,0,0,BENIGN
172.217.10.78-10.42.0.42-443-56746-6,172.217.10.78,443,10.42.0.42,56746,6,08/08/2017 03:01:02,256806,2,1,0.0,0.0,0.0,0.0,0.0,0.0,0.0,0.0,0.0,0.0,0.0,11.6819700474288,128403.0,152251.40369796267,236061.0,20745.0,256806.0,256806.0,0.0,256806.0,256806.0,0,0,0,0,0,0,0,0,0,64,32,7.7879800316192,3.8939900158096,0.0,0.0,0.0,0.0,0.0,0,0,0,0,1,1,0,0,0.0,0.0,0.0,0.0,64,0,0,0,0,0,0,2,0,1,0,619,3521,0,32,0,0,0,0,0,0,0,0,BENIGN
10.42.0.42-64.71.142.96-43866-80-6,10.42.0.42,43866,64.71.142.96,80,6,08/08/2017 03:00:38,24901878,3,0,0.0,0.0,0.0,0.0,0.0,0.0,0,0,0,0,0.0,0.12047284144593431,1.2450939E7,1.7325503482575104E7,2.470192E7,199958.0,2.4901878E7,1.2450939E7,1.7325503482575104E7,2.470192E7,199958.0,0,0,0,0,0,0,0,0,0,60,0,0.12047284144593431,0.0,0.0,0.0,0.0,0.0,0.0,0,0,0,0,1,1,0,0,0.0,0.0,0.0,0.0,60,0,0,0,0,0,0,3,0,0,0,33,-1,0,20,0,0,0,0,0,0,0,0,BENIGN
10.42.0.42-64.71.142.96-43865-80-6,10.42.0.42,43865,64.71.142.96,80,6,08/08/2017 03:00:39,24265787,3,0,0.0,0.0,0.0,0.0,0.0,0.0,0,0,0,0,0.0,0.12363085524487626,1.21328935E7,1.6897633876385905E7,2.4081325E7,184462.0,2.4265787E7,1.21328935E7,1.6897633876385905E7,2.4081325E7,184462.0,0,0,0,0,0,0,0,0,0,60,0,0.12363085524487626,0.0,0.0,0.0,0.0,0.0,0.0,0,0,0,0,1,1,0,0,0.0,0.0,0.0,0.0,60,0,0,0,0,0,0,3,0,0,0,33,-1,0,20,0,0,0,0,0,0,0,0,BENIGN
10.42.0.42-64.71.142.96-43864-80-6,10.42.0.42,43864,64.71.142.96,80,6,08/08/2017 03:00:40,23873758,3,0,0.0,0.0,0.0,0.0,0.0,0.0,0,0,0,0,0.0,0.1256609872647616,1.1936879E7,1.6596262844923854E7,2.3672209E7,201549.0,2.3873758E7,1.1936879E7,1.6596262844923854E7,2.3672209E7,201549.0,0,0,0,0,0,0,0,0,0,60,0,0.1256609872647616,0.0,0.0,0.0,0.0,0.0,0.0,0,0,0,0,1,1,0,0,0.0,0.0,0.0,0.0,60,0,0,0,0,0,0,3,0,0,0,35,-1,0,20,0,0,0,0,0,0,0,0,BENIGN
10.42.0.42-52.221.28.15-45900-80-6,10.42.0.42,45900,52.221.28.15,80,6,08/08/2017 03:00:23,40872234,2,0,0.0,0.0,0.0,0.0,0.0,0.0,0,0,0,0,0.0,0.048932974889505675,4.0872234E7,0.0,4.0872234E7,4.0872234E7,4.0872234E7,4.0872234E7,0.0,4.0872234E7,4.0872234E7,0,0,0,0,0,0,0,0,0,64,0,0.048932974889505675,0.0,0.0,0.0,0.0,0.0,0.0,0,0,0,0,1,0,0,0,0.0,0.0,0.0,0.0,64,0,0,0,0,0,0,2,0,0,0,1431,-1,0,32,0,0,0,0,0,0,0,0,BENIGN
10.42.0.42-52.221.28.15-45902-80-6,10.42.0.42,45902,52.221.28.15,80,6,08/08/2017 03:00:23,40872418,2,0,0.0,0.0,0.0,0.0,0.0,0.0,0,0,0,0,0.0,0.048932754602382465,4.0872418E7,0.0,4.0872418E7,4.0872418E7,4.0872418E7,4.0872418E7,0.0,4.0872418E7,4.0872418E7,0,0,0,0,0,0,0,0,0,64,0,0.048932754602382465,0.0,0.0,0.0,0.0,0.0,0.0,0,0,0,0,1,0,0,0,0.0,0.0,0.0,0.0,64,0,0,0,0,0,0,2,0,0,0,1431,-1,0,32,0,0,0,0,0,0,0,0,BENIGN
10.42.0.42-47.89.67.240-42604-80-6,10.42.0.42,42604,47.89.67.240,80,6,08/08/2017 03:00:43,20160785,3,0,0.0,0.0,0.0,0.0,0.0,0.0,0,0,0,0,0.0,0.14880372961667912,1.00803925E7,1.4018262536482347E7,1.9992801E7,167984.0,2.0160785E7,1.00803925E7,1.4018262536482347E7,1.9992801E7,167984.0,0,0,0,0,0,0,0,0,0,60,0,0.14880372961667912,0.0,0.0,0.0,0.0,0.0,0.0,0,0,0,0,1,1,0,0,0.0,0.0,0.0,0.0,60,0,0,0,0,0,0,3,0,0,0,32,-1,0,20,0,0,0,0,0,0,0,0,BENIGN
10.42.0.42-64.71.142.120-59108-80-6,10.42.0.42,59108,64.71.142.120,80,6,08/08/2017 03:00:44,19448283,3,0,0.0,0.0,0.0,0.0,0.0,0.0,0,0,0,0,0.0,0.1542552625339728,9724141.5,1.3642679941227987E7,1.9370973E7,77310.0,1.9448283E7,9724141.5,1.3642679941227987E7,1.9370973E7,77310.0,0,0,0,0,0,0,0,0,0,60,0,0.1542552625339728,0.0,0.0,0.0,0.0,0.0,0.0,0,0,0,0,1,1,0,0,0.0,0.0,0.0,0.0,60,0,0,0,0,0,0,3,0,0,0,32,-1,0,20,0,0,0,0,0,0,0,0,BENIGN
10.42.0.42-113.108.216.233-44050-80-6,10.42.0.42,44050,113.108.216.233,80,6,08/08/2017 03:00:22,41025803,3,0,0.0,0.0,0.0,0.0,0.0,0.0,0,0,0,0,0.0,0.07312471129449921,2.05129015E7,2.8793303984209254E7,4.0872842E7,152961.0,4.1025803E7,2.05129015E7,2.8793303984209254E7,4.0872842E7,152961.0,0,0,0,0,0,0,0,0,0,60,0,0.07312471129449921,0.0,0.0,0.0,0.0,0.0,0.0,0,0,0,0,1,1,0,0,0.0,0.0,0.0,0.0,60,0,0,0,0,0,0,3,0,0,0,131,-1,0,20,0,0,0,0,0,0,0,0,BENIGN
172.217.11.46-10.42.0.42-443-36941-6,10.42.0.42,36941,172.217.11.46,443,6,08/08/2017 03:00:21,42543300,2,0,0.0,0.0,0.0,0.0,0.0,0.0,0,0,0,0,0.0,0.04701092769014157,4.25433E7,0.0,4.25433E7,4.25433E7,4.25433E7,4.25433E7,0.0,4.25433E7,4.25433E7,0,0,0,0,0,0,0,0,0,64,0,0.04701092769014157,0.0,0.0,0.0,0.0,0.0,0.0,0,0,0,0,1,0,0,0,0.0,0.0,0.0,0.0,64,0,0,0,0,0,0,2,0,0,0,1369,-1,0,32,0,0,0,0,0,0,0,0,BENIGN
172.217.5.227-10.42.0.42-80-38589-6,10.42.0.42,38589,172.217.5.227,80,6,08/08/2017 03:00:06,57102782,3,1,0.0,0.0,0.0,0.0,0.0,0.0,0.0,0.0,0.0,0.0,0.0,0.07004912650315356,1.9034260666666668E7,3.2928756398397684E7,5.7057107E7,3720.0,5.7102782E7,2.8551391E7,4.0313170172355734E7,5.7057107E7,45675.0,0,0,0,0,0,0,0,0,0,104,40,0.05253684487736517,0.01751228162578839,0.0,0.0,0.0,0.0,0.0,0,0,0,1,0,0,0,0,0.0,0.0,0.0,0.0,104,0,0,0,0,0,0,3,0,1,0,65535,42408,0,32,0,0,0,0,0,0,0,0,BENIGN
10.42.0.42-119.146.74.49-33617-443-6,10.42.0.42,33617,119.146.74.49,443,6,08/08/2017 03:00:36,30104974,2,0,0.0,0.0,0.0,0.0,0.0,0.0,0,0,0,0,0.0,0.06643420452713229,3.0104974E7,0.0,3.0104974E7,3.0104974E7,3.0104974E7,3.0104974E7,0.0,3.0104974E7,3.0104974E7,0,0,0,0,0,0,0,0,0,40,0,0.06643420452713229,0.0,0.0,0.0,0.0,0.0,0.0,0,0,0,0,1,1,0,0,0.0,0.0,0.0,0.0,40,0,0,0,0,0,0,2,0,0,0,3757,-1,0,20,0,0,0,0,0,0,0,0,BENIGN
10.42.0.42-115.239.210.141-44517-80-6,10.42.0.42,44517,115.239.210.141,80,6,08/08/2017 03:00:19,47431441,2,0,0.0,0.0,0.0,0.0,0.0,0.0,0,0,0,0,0.0,0.04216612352131575,4.7431441E7,0.0,4.7431441E7,4.7431441E7,4.7431441E7,4.7431441E7,0.0,4.7431441E7,4.7431441E7,0,0,0,0,0,0,0,0,0,40,0,0.04216612352131575,0.0,0.0,0.0,0.0,0.0,0.0,0,0,0,0,1,1,0,0,0.0,0.0,0.0,0.0,40,0,0,0,0,0,0,2,0,0,0,1369,-1,0,20,0,0,0,0,0,0,0,0,BENIGN
10.42.0.42-106.11.93.16-50249-443-6,10.42.0.42,50249,106.11.93.16,443,6,08/08/2017 02:58:27,70683700,56,37,5104.0,14735.0,288.0,0.0,91.14285714285712,109.33059599571943,1452.0,0.0,398.2432432432433,373.7552233306806,280.67291327420605,1.3157205975352166,768301.0869565216,4528053.016197139,4.3337565E7,2.0,7.06837E7,1285158.1818181819,5820588.575383882,4.3337565E7,2.0,7.035771E7,1954380.8333333337,7218702.064049743,4.3668938E7,3.0,0,0,0,0,1152,760,0.7922618651824961,0.5234587323527207,0.0,1452.0,211.0531914893617,290.209318859932,84221.4487531457,0,0,0,1,0,0,0,0,0.0,213.32258064516128,91.14285714285714,398.2432432432432,1152,0,0,0,0,0,0,56,5104,37,14735,65535,11280,29,20,1.3261025E7,0.0,1.3261025E7,1.3261025E7,4.3337565E7,0.0,4.3337565E7,4.3337565E7,BENIGN
172.217.12.174-10.42.0.42-443-56739-6,10.42.0.42,56739,172.217.12.174,443,6,08/08/2017 02:57:13,334927,19,25,3336.0,7278.0,1139.0,0.0,175.57894736842107,349.475053280627,1418.0,0.0,291.12,466.1301070159132,31690.4877779337,131.3719108940157,7789.000000000001,12424.17832484785,40931.0,1.0,298375.0,16576.388888888887,25785.64787569397,97389.0,80.0,298548.0,12439.500000000002,19552.55792450963,60691.0,1.0,0,0,0,0,616,808,56.728779704234064,74.64313118978166,0.0,1418.0,235.86666666666665,415.98894216072614,173046.79999999996,0,0,0,1,0,0,0,0,1.0,241.22727272727272,175.57894736842104,291.12,616,0,0,0,0,0,0,19,3336,25,7278,65535,196,12,32,0,0,0,0,0,0,0,0,BENIGN
10.42.0.42-106.11.135.2-59641-443-6,10.42.0.42,59641,106.11.135.2,443,6,08/08/2017 02:58:42,57424840,93,151,1940.0,200154.0,763.0,0.0,20.86021505376345,103.38726178767503,1452.0,0.0,1325.5231788079475,365.88181761213684,3519.2784167966333,4.249032300307672,236316.21399176947,3476045.2437759754,5.4193469E7,0.0,5.742484E7,624183.0434782609,5646961.908201986,5.4193469E7,1.0,5.7172146E7,381147.63999999996,4444369.4934788635,5.4444885E7,0.0,0,0,0,0,1916,3040,1.6195082128221863,2.629524087485485,0.0,1452.0,824.8734693877552,700.44208252615,490619.1109735699,0,0,0,1,0,0,0,0,1.0,828.2540983606557,20.86021505376344,1325.523178807947,1916,0,0,0,0,0,0,93,1940,151,200154,65535,10072,9,20,2146551.0,0.0,2146551.0,2146551.0,5.4193469E7,0.0,5.4193469E7,5.4193469E7,BENIGN
172.217.10.141-10.42.0.42-443-49536-6,10.42.0.42,49536,172.217.10.141,443,6,08/08/2017 02:57:11,286465,16,17,1600.0,5462.0,925.0,0.0,100.0,231.779780538913,1418.0,0.0,321.29411764705884,487.8540720217833,24652.226275461224,115.19731904421133,8952.031250000002,17098.254295884533,76275.0,1.0,210190.0,14012.666666666666,20511.898598014715,64800.0,1.0,249483.0,15592.6875,25959.385230827404,89042.0,2.0,0,0,0,0,520,552,55.85324559719337,59.344073447017955,0.0,1418.0,207.70588235294116,391.65318063784866,153392.21390374334,0,0,0,1,0,0,0,0,1.0,214.0,100.0,321.29411764705884,520,0,0,0,0,0,0,16,1600,17,5462,65535,185,9,32,0,0,0,0,0,0,0,0,BENIGN
172.217.10.141-10.42.0.42-443-49536-6,10.42.0.42,49536,172.217.10.141,443,6,08/08/2017 03:01:11,11,1,1,55.0,0.0,55.0,55.0,55.0,0.0,0.0,0.0,0.0,0.0,5000000.0,181818.18181818182,11.0,0.0,11.0,11.0,0,0,0,0,0,0,0,0,0,0,1,0,0,0,32,32,90909.09090909091,90909.09090909091,0.0,55.0,36.66666666666667,31.754264805429415,1008.3333333333333,0,1,0,0,1,0,0,0,1.0,55.0,55.0,0.0,32,0,0,0,0,0,0,1,55,1,0,185,185,0,32,0,0,0,0,0,0,0,0,BENIGN
172.217.10.106-10.42.0.42-443-32950-6,10.42.0.42,32950,172.217.10.106,443,6,08/08/2017 02:57:16,470250,13,15,739.0,5606.0,251.0,0.0,56.84615384615385,81.29662370382317,1418.0,0.0,373.7333333333333,538.0559538968132,13492.822966507178,59.54279638490165,17416.666666666664,37079.73394228671,178926.0,2.0,394333.0,32861.083333333336,52409.05908239065,178926.0,127.0,433773.0,30983.78571428571,70967.22608270402,268317.0,2.0,0,0,0,0,424,488,27.64486975013291,31.89792663476874,0.0,1418.0,218.79310344827584,417.5303564079712,174331.59852216748,0,0,0,1,0,0,0,0,1.0,226.60714285714286,56.84615384615385,373.73333333333335,424,0,0,0,0,0,0,13,739,15,5606,65535,175,8,32,0,0,0,0,0,0,0,0,BENIGN
172.217.10.106-10.42.0.42-443-32950-6,10.42.0.42,32950,172.217.10.106,443,6,08/08/2017 03:01:16,11,1,1,55.0,0.0,55.0,55.0,55.0,0.0,0.0,0.0,0.0,0.0,5000000.0,181818.18181818182,11.0,0.0,11.0,11.0,0,0,0,0,0,0,0,0,0,0,1,0,0,0,32,32,90909.09090909091,90909.09090909091,0.0,55.0,36.66666666666667,31.754264805429415,1008.3333333333333,0,1,0,0,1,0,0,0,1.0,55.0,55.0,0.0,32,0,0,0,0,0,0,1,55,1,0,175,175,0,32,0,0,0,0,0,0,0,0,BENIGN
172.217.10.106-10.42.0.42-443-32950-6,172.217.10.106,443,10.42.0.42,32950,6,08/08/2017 03:01:16,4647,1,3,0.0,0.0,0.0,0.0,0.0,0.0,0.0,0.0,0.0,0.0,0.0,860.7703894986013,1549.0,2336.9559259857683,4246.0,123.0,0,0,0,0,0,401.0,200.5,109.60155108391487,278.0,123.0,0,0,0,0,32,108,215.19259737465032,645.5777921239509,0.0,0.0,0.0,0.0,0.0,0,0,0,0,1,1,0,0,3.0,0.0,0.0,0.0,32,0,0,0,0,0,0,1,0,3,0,175,1637,0,32,0,0,0,0,0,0,0,0,BENIGN
172.217.7.228-10.42.0.42-443-42460-6,10.42.0.42,42460,172.217.7.228,443,6,08/08/2017 02:57:16,689842,18,16,1229.0,4729.0,590.0,0.0,68.27777777777777,147.8042447673335,1418.0,0.0,295.5625,502.29167738144605,8636.760301634287,49.28664824698989,20904.303030303035,53387.179862353674,297971.0,2.0,607927.0,35760.411764705874,70865.88511676372,297971.0,117.0,647918.0,43194.53333333334,89436.53081764317,342880.0,2.0,0,0,0,0,584,520,26.092931424877,23.19371682211289,0.0,1418.0,170.2285714285714,368.7516369426706,135977.76974789915,0,0,0,1,0,0,0,0,0.0,175.23529411764707,68.27777777777777,295.5625,584,0,0,0,0,0,0,18,1229,16,4729,65535,179,8,32,0,0,0,0,0,0,0,0,BENIGN
172.217.7.228-10.42.0.42-443-42460-6,10.42.0.42,42460,172.217.7.228,443,6,08/08/2017 03:01:16,9,1,1,55.0,0.0,55.0,55.0,55.0,0.0,0.0,0.0,0.0,0.0,6111111.111111111,222222.22222222222,9.0,0.0,9.0,9.0,0,0,0,0,0,0,0,0,0,0,1,0,0,0,32,32,111111.11111111111,111111.11111111111,0.0,55.0,36.66666666666667,31.754264805429415,1008.3333333333333,0,1,0,0,1,0,0,0,1.0,55.0,55.0,0.0,32,0,0,0,0,0,0,1,55,1,0,179,179,0,32,0,0,0,0,0,0,0,0,BENIGN
172.217.7.228-10.42.0.42-443-42460-6,172.217.7.228,443,10.42.0.42,42460,6,08/08/2017 03:01:16,93801,1,2,0.0,0.0,0.0,0.0,0.0,0.0,0.0,0.0,0.0,0.0,0.0,31.98260146480315,46900.5,65852.14742512199,93465.0,336.0,0,0,0,0,0,336.0,336.0,0.0,336.0,336.0,0,0,0,0,32,76,10.660867154934383,21.321734309868766,0.0,0.0,0.0,0.0,0.0,0,0,0,0,1,1,0,0,2.0,0.0,0.0,0.0,32,0,0,0,0,0,0,1,0,2,0,179,1593,0,32,0,0,0,0,0,0,0,0,BENIGN
10.42.0.42-123.125.115.164-52886-443-6,10.42.0.42,52886,123.125.115.164,443,6,08/08/2017 03:00:42,35878484,2,0,0.0,0.0,0.0,0.0,0.0,0.0,0,0,0,0,0.0,0.05574371536991362,3.5878484E7,0.0,3.5878484E7,3.5878484E7,3.5878484E7,3.5878484E7,0.0,3.5878484E7,3.5878484E7,0,0,0,0,0,0,0,0,0,40,0,0.05574371536991362,0.0,0.0,0.0,0.0,0.0,0.0,0,0,0,0,1,1,0,0,0.0,0.0,0.0,0.0,40,0,0,0,0,0,0,2,0,0,0,1689,-1,0,20,0,0,0,0,0,0,0,0,BENIGN
10.42.0.42-119.146.74.49-33740-443-6,10.42.0.42,33740,119.146.74.49,443,6,08/08/2017 03:00:42,36268093,2,0,0.0,0.0,0.0,0.0,0.0,0.0,0,0,0,0,0.0,0.05514489002771665,3.6268093E7,0.0,3.6268093E7,3.6268093E7,3.6268093E7,3.6268093E7,0.0,3.6268093E7,3.6268093E7,0,0,0,0,0,0,0,0,0,40,0,0.05514489002771665,0.0,0.0,0.0,0.0,0.0,0.0,0,0,0,0,1,1,0,0,0.0,0.0,0.0,0.0,40,0,0,0,0,0,0,2,0,0,0,1473,-1,0,20,0,0,0,0,0,0,0,0,BENIGN
180.163.255.159-10.42.0.42-80-39605-6,10.42.0.42,39605,180.163.255.159,80,6,08/08/2017 03:00:46,40715683,2,0,0.0,0.0,0.0,0.0,0.0,0.0,0,0,0,0,0.0,0.04912112121513472,4.0715683E7,0.0,4.0715683E7,4.0715683E7,4.0715683E7,4.0715683E7,0.0,4.0715683E7,4.0715683E7,0,0,0,0,0,0,0,0,0,40,0,0.04912112121513472,0.0,0.0,0.0,0.0,0.0,0.0,0,0,0,0,1,1,0,0,0.0,0.0,0.0,0.0,40,0,0,0,0,0,0,2,0,0,0,1386,-1,0,20,0,0,0,0,0,0,0,0,BENIGN
172.217.12.174-10.42.0.42-443-56803-6,10.42.0.42,56803,172.217.12.174,443,6,08/08/2017 02:57:27,243072,17,17,757.0,5353.0,212.0,0.0,44.529411764705884,66.77491823942844,1418.0,0.0,314.88235294117646,533.8920633368862,25136.5850447604,139.87625065824116,7365.818181818182,13197.778076381232,50785.0,1.0,164691.0,10293.1875,15089.285572744435,39227.0,1.0,206430.0,12901.875,19890.54162786926,50785.0,1.0,0,0,0,0,552,552,69.93812532912058,69.93812532912058,0.0,1418.0,174.57142857142858,394.24673415889964,155430.4873949581,0,0,0,1,0,0,0,0,1.0,179.7058823529412,44.529411764705884,314.88235294117646,552,0,0,0,0,0,0,17,757,17,5353,65535,175,9,32,0,0,0,0,0,0,0,0,BENIGN
172.217.12.174-10.42.0.42-443-56803-6,10.42.0.42,56803,172.217.12.174,443,6,08/08/2017 03:01:27,9,1,1,55.0,0.0,55.0,55.0,55.0,0.0,0.0,0.0,0.0,0.0,6111111.111111111,222222.22222222222,9.0,0.0,9.0,9.0,0,0,0,0,0,0,0,0,0,0,1,0,0,0,32,32,111111.11111111111,111111.11111111111,0.0,55.0,36.66666666666667,31.754264805429415,1008.3333333333333,0,1,0,0,1,0,0,0,1.0,55.0,55.0,0.0,32,0,0,0,0,0,0,1,55,1,0,175,175,0,32,0,0,0,0,0,0,0,0,BENIGN
172.217.12.174-10.42.0.42-443-56803-6,10.42.0.42,56803,172.217.12.174,443,6,08/08/2017 03:01:27,29718,1,1,0.0,0.0,0.0,0.0,0.0,0.0,0.0,0.0,0.0,0.0,0.0,67.29927989770509,29718.0,0.0,29718.0,29718.0,0,0,0,0,0,0,0,0,0,0,0,0,0,0,32,32,33.649639948852546,33.649639948852546,0.0,0.0,0.0,0.0,0.0,0,0,0,0,1,1,0,0,1.0,0.0,0.0,0.0,32,0,0,0,0,0,0,1,0,1,0,1682,175,0,32,0,0,0,0,0,0,0,0,BENIGN
10.42.0.42-64.71.142.110-60262-80-6,10.42.0.42,60262,64.71.142.110,80,6,08/08/2017 02:58:37,52137437,17,29,1716.0,35681.0,858.0,0.0,100.94117647058825,284.9465894225257,1460.0,0.0,1230.3793103448277,514.7134718735065,717.2772992274247,0.8822834923780393,1158609.7111111109,7712852.813913528,5.1748021E7,0.0,5.2137437E7,3258589.8124999995,1.2930564401087759E7,5.1748021E7,1.0,5.2063319E7,1859404.25,9793153.783452224,5.1829019E7,0.0,0,0,0,0,360,592,0.3260612906614493,0.55622220171659,0.0,1460.0,795.6808510638297,707.6515694575838,500770.7437557816,0,0,0,1,0,0,0,0,1.0,812.9782608695652,100.94117647058823,1230.3793103448277,360,0,0,0,0,0,0,17,1716,29,35681,65535,36,2,20,236831.0,0.0,236831.0,236831.0,5.1748021E7,0.0,5.1748021E7,5.1748021E7,BENIGN
10.42.0.42-64.71.142.120-59075-80-6,10.42.0.42,59075,64.71.142.120,80,6,08/08/2017 02:58:42,48192552,48,67,5324.0,85751.0,907.0,0.0,110.91666666666664,296.63186105492406,1460.0,0.0,1279.8656716417909,439.41382771315574,1889.8148410982676,2.3862608479418146,422741.6842105263,3280061.0945934444,3.1879234E7,0.0,4.8192552E7,1025373.4468085107,5079175.230023352,3.1879234E7,1.0,4.8115347E7,729020.4090909091,4312456.971372551,3.1963976E7,0.0,0,0,0,0,980,1352,0.9960045278365836,1.3902563201052311,0.0,1460.0,785.1293103448274,696.0369746572052,484467.4700899549,0,0,0,1,0,0,0,0,1.0,791.9565217391304,110.91666666666667,1279.865671641791,980,0,0,0,0,0,0,48,5324,67,85751,65535,50,6,20,710778.5,884834.5351038803,1336451.0,85106.0,2.3346181E7,1.2067559281048426E7,3.1879234E7,1.4813128E7,BENIGN
10.42.0.42-64.71.142.120-59087-80-6,10.42.0.42,59087,64.71.142.120,80,6,08/08/2017 02:58:43,47338575,30,48,3581.0,62791.0,904.0,0.0,119.36666666666666,309.53931100503416,1460.0,0.0,1308.1458333333335,431.0336902260994,1402.0700876610672,1.6477048580359674,614786.6883116884,3984899.521718961,3.1881077E7,1.0,4.7338575E7,1632364.655172414,6432813.994584791,3.1881077E7,1.0,4.7258599E7,1005502.1063829787,5099774.43479396,3.1969487E7,1.0,0,0,0,0,620,972,0.6337326377061414,1.0139722203298263,0.0,1460.0,840.1518987341773,700.8733578974529,491223.4638104512,0,0,0,1,0,0,0,0,1.0,850.9230769230769,119.36666666666666,1308.1458333333333,620,0,0,0,0,0,0,30,3581,48,62791,65535,43,4,20,279895.5,271396.77500755235,471802.0,87989.0,2.3348231E7,1.2067266538841015E7,3.1881077E7,1.4815385E7,BENIGN
10.42.0.42-64.71.142.120-59097-80-6,10.42.0.42,59097,64.71.142.120,80,6,08/08/2017 02:58:43,47028501,14,15,2688.0,14275.0,896.0,0.0,192.0,381.53052100918285,1460.0,0.0,951.6666666666667,642.688623414688,360.6961659271258,0.6166473390253285,1679589.3214285716,6547349.626121912,3.1896673E7,1.0,4.7028501E7,3617577.000000001,9426433.290976364,3.1896673E7,1.0,4.6952111E7,3353722.214285715,9140735.350530429,3.1974584E7,1.0,0,0,0,0,300,312,0.29769181883981377,0.31895552018551476,0.0,1460.0,565.4333333333335,648.1997714271125,420162.94367816095,0,0,0,1,0,0,0,0,1.0,584.9310344827586,192.0,951.6666666666666,300,0,0,0,0,0,0,14,2688,15,14275,65535,40,3,20,127468.5,70022.66322056024,176982.0,77955.0,2.33476495E7,1.2090144978746306E7,3.1896673E7,1.4798626E7,BENIGN
172.217.10.74-10.42.0.42-443-41758-6,10.42.0.42,41758,172.217.10.74,443,6,08/08/2017 02:57:32,336777,9,10,682.0,4799.0,331.0,0.0,75.77777777777777,124.6903943551565,1418.0,0.0,479.90000000000003,562.4988790112286,16274.8643761302,56.41715437811965,18709.833333333332,32136.085768182784,117118.0,2.0,336777.0,42097.12500000001,41531.85061212487,117118.0,356.0,294736.0,32748.444444444445,57878.15792056428,166981.0,2.0,0,0,0,0,296,328,26.723915231740886,29.69323914637876,0.0,1418.0,274.05000000000007,448.6634508239591,201298.89210526316,0,0,0,1,0,0,0,0,1.0,288.4736842105263,75.77777777777777,479.9,296,0,0,0,0,0,0,9,682,10,4799,65535,175,3,32,0,0,0,0,0,0,0,0,BENIGN
10.42.0.42-123.125.115.164-52881-443-6,10.42.0.42,52881,123.125.115.164,443,6,08/08/2017 03:00:49,43921656,2,0,0.0,0.0,0.0,0.0,0.0,0.0,0,0,0,0,0.0,0.045535623702348565,4.3921656E7,0.0,4.3921656E7,4.3921656E7,4.3921656E7,4.3921656E7,0.0,4.3921656E7,4.3921656E7,0,0,0,0,0,0,0,0,0,40,0,0.045535623702348565,0.0,0.0,0.0,0.0,0.0,0.0,0,0,0,0,1,1,0,0,0.0,0.0,0.0,0.0,40,0,0,0,0,0,0,2,0,0,0,1597,-1,0,20,0,0,0,0,0,0,0,0,BENIGN
172.217.10.80-10.42.0.42-443-44550-6,10.42.0.42,44550,172.217.10.80,443,6,08/08/2017 02:57:32,1384722,19,12,1872.0,10723.0,260.0,0.0,98.52631578947368,121.92865328227025,1418.0,0.0,893.5833333333333,501.7031825026958,9095.688520872782,22.387165077177947,46157.4,71673.03295189995,346082.0,3.0,1384722.0,76929.0,83302.18847912559,346082.0,3631.0,1311801.0,119254.63636363637,126504.6170511359,388858.0,3.0,0,0,0,0,616,392,13.721165692463902,8.665999384714043,0.0,1418.0,393.5937499999999,503.06761293635657,253077.02318548388,0,0,0,1,0,0,0,0,0.0,406.2903225806452,98.52631578947368,893.5833333333334,616,0,0,0,0,0,0,19,1872,12,10723,65535,195,8,32,0,0,0,0,0,0,0,0,BENIGN
172.217.7.196-10.42.0.42-443-45864-6,172.217.7.196,443,10.42.0.42,45864,6,08/08/2017 03:00:46,49157559,1,3,0.0,23.0,0.0,0.0,0.0,0.0,23.0,0.0,7.666666666666666,13.279056191361393,0.4678832811857074,0.08137100542360129,1.6385853E7,2.8215956855046347E7,4.8966649E7,480.0,0,0,0,0,0,4.8967129E7,2.44835645E7,3.462431014862651E7,4.8966649E7,480.0,0,0,0,0,32,96,0.020342751355900322,0.06102825406770096,0.0,23.0,4.6,10.285912696499032,105.8,0,0,0,0,1,1,0,0,3.0,5.75,0.0,7.666666666666667,32,0,0,0,0,0,0,1,0,3,23,175,1674,0,32,190430.0,0.0,190430.0,190430.0,4.8966649E7,0.0,4.8966649E7,4.8966649E7,BENIGN
10.42.0.42-104.192.110.245-34016-443-6,10.42.0.42,34016,104.192.110.245,443,6,08/08/2017 02:58:36,557589,20,16,1012.0,9740.0,416.0,0.0,50.6,101.35991110368718,1460.0,0.0,608.7499999999999,669.6576737408451,19283.020289137698,64.56368400380926,15931.114285714286,32299.55241883613,134067.0,1.0,423522.0,22290.631578947374,35295.52733422706,99566.0,1.0,462918.0,30861.2,59416.48944310709,191994.0,1.0,0,0,0,0,420,332,35.868713335449584,28.69497066835967,0.0,1460.0,290.5945945945946,521.1574436589015,271605.08108108107,0,0,0,1,0,0,0,0,0.0,298.6666666666667,50.6,608.75,420,0,0,0,0,0,0,20,1012,16,9740,65535,33,8,20,0,0,0,0,0,0,0,0,BENIGN
10.42.0.42-104.192.110.245-34016-443-6,10.42.0.42,34016,104.192.110.245,443,6,08/08/2017 03:01:37,260,1,2,46.0,31.0,46.0,46.0,46.0,0.0,31.0,0.0,15.5,21.920310216782973,296153.8461538462,11538.461538461539,130.0,172.5340546095176,252.0,8.0,0,0,0,0,0,252.0,252.0,0.0,252.0,252.0,1,0,0,0,20,40,3846.1538461538466,7692.307692307693,0.0,46.0,30.75,21.68524844220144,470.25,0,1,0,0,1,0,0,0,2.0,41.0,46.0,15.5,20,0,0,0,0,0,0,1,46,2,31,33,33,0,20,0,0,0,0,0,0,0,0,BENIGN
10.42.0.42-104.192.110.245-34016-443-6,10.42.0.42,34016,104.192.110.245,443,6,08/08/2017 03:01:37,980,3,0,0.0,0.0,0.0,0.0,0.0,0.0,0,0,0,0,0.0,3061.2244897959185,490.0,295.57063453597686,699.0,281.0,980.0,490.0,295.57063453597686,699.0,281.0,0,0,0,0,0,0,0,0,0,60,0,3061.2244897959185,0.0,0.0,0.0,0.0,0.0,0.0,0,0,0,0,1,0,0,0,0.0,0.0,0.0,0.0,60,0,0,0,0,0,0,3,0,0,0,1780,-1,0,20,0,0,0,0,0,0,0,0,BENIGN
10.42.0.42-64.71.142.120-59099-80-6,10.42.0.42,59099,64.71.142.120,80,6,08/08/2017 02:58:43,56084931,385,1017,13435.0,1425812.0,914.0,0.0,34.89610389610394,173.5673638749209,1460.0,0.0,1401.978367748278,242.29626867752125,25661.91977663305,24.997801994264734,40032.070663811595,596259.6569480471,1.9777032E7,0.0,5.6084931E7,146054.50781250006,1133349.5714797843,1.9777032E7,1.0,5.6003245E7,55121.30413385827,706129.7973868508,1.9868784E7,0.0,0,0,0,0,8444,20388,6.864588992718918,18.133213001545816,0.0,1460.0,1025.8353528153964,651.0230065368659,423830.95504030003,0,0,0,1,0,0,0,0,2.0,1026.5670470756063,34.896103896103895,1401.9783677482792,8444,0,0,0,0,0,0,385,13435,1017,1425812,65535,75,15,20,1.37660725E7,1918203.2135570257,1.5122447E7,1.2409698E7,1.30642645E7,9493286.839557335,1.9777032E7,6351497.0,BENIGN
10.42.0.42-64.71.142.120-59088-80-6,10.42.0.42,59088,64.71.142.120,80,6,08/08/2017 02:58:43,56314695,109,152,4438.0,209216.0,896.0,0.0,40.71559633027521,186.5659992316848,1460.0,0.0,1376.4210526315785,308.23487059041713,3793.9298081965994,4.634669512105144,216594.98076923058,2223903.458385787,3.1897621E7,0.0,5.6314695E7,521432.3611111111,3436764.2913712454,3.1897621E7,1.0,5.6233509E7,372407.344370861,2923694.1183919273,3.1995167E7,0.0,0,0,0,0,2324,3052,1.9355516353236042,2.69911787678154,0.0,1460.0,815.4732824427484,711.2299403280693,505848.0280190691,0,0,0,1,0,0,0,0,1.0,818.5977011494252,40.71559633027523,1376.421052631579,2324,0,0,0,0,0,0,109,4438,152,209216,65535,46,5,20,403433.0,357330.3193950942,792096.0,89140.0,1.8184153333333332E7,1.2268142231566455E7,3.1897621E7,8251234.0,BENIGN
10.42.0.42-64.71.142.120-59096-80-6,10.42.0.42,59096,64.71.142.120,80,6,08/08/2017 02:58:43,55808227,35,52,3540.0,64960.0,896.0,0.0,101.14285714285717,285.7202604417312,1460.0,0.0,1249.2307692307693,476.2686923050736,1227.4175992009207,1.5589099435106584,648932.8720930233,3868957.7139534075,3.1897392E7,0.0,5.5808227E7,1641418.4411764704,6072712.495335723,3.1897392E7,1.0,5.5733815E7,1092819.9019607843,5015081.693860372,3.1985354E7,0.0,0,0,0,0,720,1052,0.627147678423828,0.9317622650868302,0.0,1460.0,778.409090909091,699.1875849847917,488863.2789968653,0,0,0,1,0,0,0,0,1.0,787.3563218390805,101.14285714285714,1249.2307692307693,720,0,0,0,0,0,0,35,3540,52,64960,65535,43,4,20,117618.33333333333,52038.9318907809,177187.0,80998.0,1.8395576E7,1.211057496571934E7,3.1897392E7,8491614.0,BENIGN
169.45.210.81-10.42.0.42-443-44223-6,10.42.0.42,44223,169.45.210.81,443,6,08/08/2017 02:59:34,107817147,35,32,1247.0,819.0,243.0,0.0,35.628571428571426,70.63039077366298,67.0,0.0,25.593750000000004,26.108779113053014,19.162072615406895,0.621422490431879,1633593.1363636367,6250376.509445645,3.7297667E7,413.0,1.07817147E8,3171092.5588235287,8482954.62835451,3.7297667E7,1638.0,1.07741146E8,3475520.838709678,8870349.852331372,3.7406969E7,413.0,1,0,0,0,1120,1024,0.3246236890315786,0.29679880140030046,0.0,243.0,30.42647058823529,53.69797132733008,2883.4721246707636,0,1,0,0,1,0,0,0,0.0,30.880597014925375,35.628571428571426,25.59375,1120,0,0,0,0,0,0,35,1247,32,819,1449,514,22,32,1623952.0,1708069.3559905582,3157757.0,130912.0,2.4555024E7,9791703.942627793,3.7297667E7,1.6838682E7,BENIGN
172.217.10.3-10.42.0.42-443-55838-6,10.42.0.42,55838,172.217.10.3,443,6,08/08/2017 02:57:40,285135,25,48,605.0,63823.0,257.0,0.0,24.199999999999996,69.69218033610372,1418.0,0.0,1329.6458333333335,324.34126298682156,225956.12604555735,256.0190786820278,3960.208333333333,10093.701945073764,51264.0,1.0,285135.0,11880.624999999996,17917.142699254106,58913.0,123.0,243160.0,5173.617021276595,14295.18500352204,62888.0,1.0,0,0,0,0,808,1544,87.67776667192733,168.34131201010047,0.0,1418.0,870.6486486486486,680.8869604738766,463607.0529433543,0,0,0,1,0,0,0,0,1.0,882.5753424657535,24.2,1329.6458333333333,808,0,0,0,0,0,0,25,605,48,63823,65535,175,3,32,0,0,0,0,0,0,0,0,BENIGN
192.229.173.173-10.42.0.42-80-56015-6,10.42.0.42,56015,192.229.173.173,80,6,08/08/2017 02:59:24,6570627,9,11,952.0,11185.0,504.0,0.0,105.77777777777777,210.36264983224672,1448.0,0.0,1016.8181818181819,645.0241574052584,1847.1600959847515,3.043849544343333,345822.47368421056,1486272.3737681748,6483252.0,0.0,6570627.0,821328.3750000001,2287803.3130966444,6483252.0,119.0,6544255.0,654425.5,2058371.5545314646,6512595.0,0.0,0,0,0,0,296,360,1.3697322949544999,1.674117249388833,0.0,1448.0,577.9523809523808,669.8427036394795,448689.24761904764,0,0,0,1,0,0,0,0,1.0,606.85,105.77777777777777,1016.8181818181819,296,0,0,0,0,0,0,9,952,11,11185,65535,287,2,32,59663.0,0.0,59663.0,59663.0,6483252.0,0.0,6483252.0,6483252.0,BENIGN
192.229.173.173-10.42.0.42-80-56015-6,10.42.0.42,56015,192.229.173.173,80,6,08/08/2017 03:01:45,224674,1,1,0.0,0.0,0.0,0.0,0.0,0.0,0.0,0.0,0.0,0.0,0.0,8.901786588568324,224674.0,0.0,224674.0,224674.0,0,0,0,0,0,0,0,0,0,0,0,0,0,0,32,32,4.450893294284162,4.450893294284162,0.0,0.0,0.0,0.0,0.0,0,0,0,0,1,1,0,0,1.0,0.0,0.0,0.0,32,0,0,0,0,0,0,1,0,1,0,287,287,0,32,0,0,0,0,0,0,0,0,BENIGN
172.217.11.40-10.42.0.42-443-36061-6,10.42.0.42,36061,172.217.11.40,443,6,08/08/2017 02:57:47,324874,10,7,855.0,4439.0,595.0,0.0,85.5,188.1998051717022,1418.0,0.0,634.1428571428571,612.4395013853556,16295.548428005935,52.32797946280712,20304.625,24144.712574737077,81679.0,3.0,324874.0,36097.11111111111,34628.50395427315,91464.0,128.0,247569.0,41261.5,47411.681821044906,121891.0,3.0,0,0,0,0,328,232,30.78116438988654,21.54681507292058,0.0,1418.0,294.11111111111114,478.98813553879194,229429.63398692812,0,0,0,1,0,0,0,0,0.0,311.4117647058824,85.5,634.1428571428571,328,0,0,0,0,0,0,10,855,7,4439,65535,175,3,32,0,0,0,0,0,0,0,0,BENIGN
192.229.173.173-10.42.0.42-80-56094-6,10.42.0.42,56094,192.229.173.173,80,6,08/08/2017 02:59:32,725358,13,24,990.0,30298.0,496.0,0.0,76.15384615384616,185.8896833043038,1448.0,0.0,1262.4166666666667,455.23772257796367,43134.56251947315,51.00929472067586,20148.833333333332,104408.76859549954,627931.0,0.0,725358.0,60446.500000000015,179203.1066423591,627931.0,1.0,698410.0,30365.652173913044,139163.09165691125,668245.0,0.0,0,0,0,0,424,776,17.922184631588816,33.08711008908705,0.0,1448.0,823.3684210526318,692.5033484572234,479560.8876244666,0,0,0,1,0,0,0,0,1.0,845.6216216216217,76.15384615384616,1262.4166666666667,424,0,0,0,0,0,0,13,990,24,30298,65535,287,2,32,0,0,0,0,0,0,0,0,BENIGN
10.42.0.42-64.71.142.120-59075-80-6,10.42.0.42,59075,64.71.142.120,80,6,08/08/2017 03:01:30,17488531,3,0,0.0,0.0,0.0,0.0,0.0,0.0,0,0,0,0,0.0,0.17154099449519233,8744265.5,1.222876194948943E7,1.7391306E7,97225.0,1.7488531E7,8744265.5,1.222876194948943E7,1.7391306E7,97225.0,0,0,0,0,0,0,0,0,0,60,0,0.17154099449519233,0.0,0.0,0.0,0.0,0.0,0.0,0,0,0,0,1,1,0,0,0.0,0.0,0.0,0.0,60,0,0,0,0,0,0,3,0,0,0,50,-1,0,20,0,0,0,0,0,0,0,0,BENIGN
10.42.0.42-64.71.142.120-59097-80-6,10.42.0.42,59097,64.71.142.120,80,6,08/08/2017 03:01:30,17487550,3,0,0.0,0.0,0.0,0.0,0.0,0.0,0,0,0,0,0.0,0.17155061743926395,8743775.0,1.2229449964387523E7,1.7391302E7,96248.0,1.748755E7,8743775.0,1.2229449964387523E7,1.7391302E7,96248.0,0,0,0,0,0,0,0,0,0,60,0,0.17155061743926395,0.0,0.0,0.0,0.0,0.0,0.0,0,0,0,0,1,1,0,0,0.0,0.0,0.0,0.0,60,0,0,0,0,0,0,3,0,0,0,40,-1,0,20,0,0,0,0,0,0,0,0,BENIGN
10.42.0.42-64.71.142.120-59087-80-6,10.42.0.42,59087,64.71.142.120,80,6,08/08/2017 03:01:30,17487556,3,0,0.0,0.0,0.0,0.0,0.0,0.0,0,0,0,0,0.0,0.17155055858005544,8743778.0,1.2229449964387523E7,1.7391305E7,96251.0,1.7487556E7,8743778.0,1.2229449964387523E7,1.7391305E7,96251.0,0,0,0,0,0,0,0,0,0,60,0,0.17155055858005544,0.0,0.0,0.0,0.0,0.0,0.0,0,0,0,0,1,1,0,0,0.0,0.0,0.0,0.0,60,0,0,0,0,0,0,3,0,0,0,43,-1,0,20,0,0,0,0,0,0,0,0,BENIGN
10.42.0.42-64.71.142.120-59096-80-6,10.42.0.42,59096,64.71.142.120,80,6,08/08/2017 03:01:39,8859378,3,0,0.0,0.0,0.0,0.0,0.0,0.0,0,0,0,0,0.0,0.3386242239579348,4429689.0,6210265.714933782,8821010.0,38368.0,8859378.0,4429689.0,6210265.714933782,8821010.0,38368.0,0,0,0,0,0,0,0,0,0,60,0,0.3386242239579348,0.0,0.0,0.0,0.0,0.0,0.0,0,0,0,0,1,1,0,0,0.0,0.0,0.0,0.0,60,0,0,0,0,0,0,3,0,0,0,43,-1,0,20,0,0,0,0,0,0,0,0,BENIGN
10.42.0.42-64.71.142.120-59088-80-6,10.42.0.42,59088,64.71.142.120,80,6,08/08/2017 03:01:39,8907646,3,0,0.0,0.0,0.0,0.0,0.0,0.0,0,0,0,0,0.0,0.3367893156059412,4453823.0,6176139.327460157,8821013.0,86633.0,8907646.0,4453823.0,6176139.327460157,8821013.0,86633.0,0,0,0,0,0,0,0,0,0,60,0,0.3367893156059412,0.0,0.0,0.0,0.0,0.0,0.0,0,0,0,0,1,1,0,0,0.0,0.0,0.0,0.0,60,0,0,0,0,0,0,3,0,0,0,46,-1,0,20,0,0,0,0,0,0,0,0,BENIGN
10.42.0.42-64.71.142.120-59099-80-6,10.42.0.42,59099,64.71.142.120,80,6,08/08/2017 03:01:39,8909358,3,0,0.0,0.0,0.0,0.0,0.0,0.0,0,0,0,0,0.0,0.3367245990115113,4454679.0,6175068.76779344,8821112.0,88246.0,8909358.0,4454679.0,6175068.76779344,8821112.0,88246.0,0,0,0,0,0,0,0,0,0,60,0,0.3367245990115113,0.0,0.0,0.0,0.0,0.0,0.0,0,0,0,0,1,1,0,0,0.0,0.0,0.0,0.0,60,0,0,0,0,0,0,3,0,0,0,75,-1,0,20,0,0,0,0,0,0,0,0,BENIGN
192.229.173.173-10.42.0.42-80-56094-6,10.42.0.42,56094,192.229.173.173,80,6,08/08/2017 03:01:48,227365,3,0,0.0,0.0,0.0,0.0,0.0,0.0,0,0,0,0,0.0,13.194642974952169,113682.5,160747.29167391904,227348.0,17.0,227365.0,113682.5,160747.29167391904,227348.0,17.0,0,0,0,0,0,0,0,0,0,96,0,13.194642974952169,0.0,0.0,0.0,0.0,0.0,0.0,0,0,0,0,1,1,0,0,0.0,0.0,0.0,0.0,96,0,0,0,0,0,0,3,0,0,0,287,-1,0,32,0,0,0,0,0,0,0,0,BENIGN
10.42.0.42-31.13.69.203-56893-443-6,10.42.0.42,56893,31.13.69.203,443,6,08/08/2017 03:01:08,39951507,3,1,0.0,0.0,0.0,0.0,0.0,0.0,0.0,0.0,0.0,0.0,0.0,0.10012137965158611,1.3317169E7,2.3034352838606928E7,3.9914942E7,2026.0,3.9951507E7,1.99757535E7,2.819827079941365E7,3.9914942E7,36565.0,0,0,0,0,0,0,0,0,0,104,40,0.07509103473868958,0.02503034491289653,0.0,0.0,0.0,0.0,0.0,0,0,0,1,0,0,0,0,0.0,0.0,0.0,0.0,104,0,0,0,0,0,0,3,0,1,0,65535,27960,0,32,0,0,0,0,0,0,0,0,BENIGN
192.229.173.173-10.42.0.42-80-56015-6,10.42.0.42,56015,192.229.173.173,80,6,08/08/2017 03:01:45,2704472,2,0,0.0,0.0,0.0,0.0,0.0,0.0,0,0,0,0,0.0,0.739515883322142,2704472.0,0.0,2704472.0,2704472.0,2704472.0,2704472.0,0.0,2704472.0,2704472.0,0,0,0,0,0,0,0,0,0,76,0,0.739515883322142,0.0,0.0,0.0,0.0,0.0,0.0,0,0,0,0,1,0,0,0,0.0,0.0,0.0,0.0,76,0,0,0,0,0,0,2,0,0,0,1776,-1,0,32,0,0,0,0,0,0,0,0,BENIGN
10.42.0.42-64.71.142.110-60262-80-6,10.42.0.42,60262,64.71.142.110,80,6,08/08/2017 03:01:29,18630197,3,0,0.0,0.0,0.0,0.0,0.0,0.0,0,0,0,0,0.0,0.16102889303854384,9315098.5,1.2962829298029058E7,1.8481203E7,148994.0,1.8630197E7,9315098.5,1.2962829298029058E7,1.8481203E7,148994.0,0,0,0,0,0,0,0,0,0,60,0,0.16102889303854384,0.0,0.0,0.0,0.0,0.0,0.0,0,0,0,0,1,1,0,0,0.0,0.0,0.0,0.0,60,0,0,0,0,0,0,3,0,0,0,36,-1,0,20,0,0,0,0,0,0,0,0,BENIGN
10.42.0.42-31.13.71.52-41290-80-6,10.42.0.42,41290,31.13.71.52,80,6,08/08/2017 03:01:03,44331514,3,1,0.0,0.0,0.0,0.0,0.0,0.0,0.0,0.0,0.0,0.0,0.0,0.09022926670178691,1.4777171333333334E7,2.5567115370481364E7,4.4299529E7,2328.0,4.4331514E7,2.2165757E7,3.1301880548873864E7,4.4299529E7,31985.0,0,0,0,0,0,0,0,0,0,104,40,0.06767195002634017,0.022557316675446727,0.0,0.0,0.0,0.0,0.0,0,0,0,1,0,0,0,0,0.0,0.0,0.0,0.0,104,0,0,0,0,0,0,3,0,1,0,65535,27960,0,32,0,0,0,0,0,0,0,0,BENIGN
208.80.154.224-10.42.0.42-80-54420-6,10.42.0.42,54420,208.80.154.224,80,6,08/08/2017 03:01:48,5060220,2,2,0.0,0.0,0.0,0.0,0.0,0.0,0.0,0.0,0.0,0.0,0.0,0.7904794653196896,1686740.0,2894041.627340388,5028458.0,2937.0,31762.0,31762.0,0.0,31762.0,31762.0,5031395.0,5031395.0,0.0,5031395.0,5031395.0,0,0,0,0,72,72,0.3952397326598448,0.3952397326598448,0.0,0.0,0.0,0.0,0.0,0,0,0,1,0,0,0,0,1.0,0.0,0.0,0.0,72,0,0,0,0,0,0,2,0,2,0,65535,57,0,32,0,0,0,0,0,0,0,0,BENIGN
208.80.154.224-10.42.0.42-80-54419-6,10.42.0.42,54419,208.80.154.224,80,6,08/08/2017 03:01:48,5250910,4,4,402.0,490.0,402.0,0.0,100.5,201.0,490.0,0.0,122.5,245.00000000000003,169.87531684984125,1.5235454425994732,750130.0000000001,1873887.3598000316,4996958.0,436.0,253952.0,84650.66666666667,91769.2639249838,190616.0,31338.0,5222084.0,1740694.6666666667,2824735.5586784286,4999915.0,436.0,0,0,0,0,136,136,0.7617727212997366,0.7617727212997366,0.0,490.0,99.11111111111111,197.8941917063538,39162.11111111112,0,0,0,1,0,0,0,0,1.0,111.5,100.5,122.5,136,0,0,0,0,0,0,4,402,4,490,65535,59,1,32,0,0,0,0,0,0,0,0,BENIGN
172.217.10.74-10.42.0.42-443-32815-6,10.42.0.42,32815,172.217.10.74,443,6,08/08/2017 02:57:54,454884,14,15,1173.0,4329.0,711.0,0.0,83.78571428571429,188.23969113521548,1418.0,0.0,288.59999999999997,505.7206738902415,12095.391352520643,63.75251712524511,16245.857142857141,24217.663750543557,87710.0,2.0,378665.0,29128.076923076926,37396.22179102575,127198.0,242.0,417740.0,29838.57142857143,43292.01531054371,119508.0,2.0,0,0,0,0,456,488,30.77707723287695,32.975439892368165,0.0,1418.0,183.40000000000003,388.6206908790503,151026.04137931037,0,0,0,1,0,0,0,0,1.0,189.72413793103448,83.78571428571429,288.6,456,0,0,0,0,0,0,14,1173,15,4329,65535,176,7,32,0,0,0,0,0,0,0,0,BENIGN
172.217.10.74-10.42.0.42-443-32815-6,10.42.0.42,32815,172.217.10.74,443,6,08/08/2017 03:01:54,9,1,1,55.0,0.0,55.0,55.0,55.0,0.0,0.0,0.0,0.0,0.0,6111111.111111111,222222.22222222222,9.0,0.0,9.0,9.0,0,0,0,0,0,0,0,0,0,0,1,0,0,0,32,32,111111.11111111111,111111.11111111111,0.0,55.0,36.66666666666667,31.754264805429415,1008.3333333333333,0,1,0,0,1,0,0,0,1.0,55.0,55.0,0.0,32,0,0,0,0,0,0,1,55,1,0,176,176,0,32,0,0,0,0,0,0,0,0,BENIGN
172.217.10.74-10.42.0.42-443-32815-6,172.217.10.74,443,10.42.0.42,32815,6,08/08/2017 03:01:55,128170,1,4,0.0,61.0,0.0,0.0,0.0,0.0,38.0,0.0,15.25,18.64358692240668,475.93040493095106,39.01068892876648,32042.499999999996,61041.68499476403,123576.0,321.0,0,0,0,0,0,4594.0,1531.3333333333333,1882.3422465995213,3700.0,321.0,0,0,0,0,32,140,7.802137785753296,31.208551143013185,0.0,38.0,10.166666666666666,16.448910804872966,270.56666666666666,0,0,0,0,1,1,0,0,4.0,12.2,0.0,15.25,32,0,0,0,0,0,0,1,0,4,61,176,1548,0,32,0,0,0,0,0,0,0,0,BENIGN
173.194.175.188-10.42.0.42-5228-35965-6,10.42.0.42,35965,173.194.175.188,5228,6,08/08/2017 02:59:25,107714619,8,8,4240.0,1352.0,1060.0,0.0,530.0,566.5938328543397,338.0,0.0,169.0,180.66859953279888,51.914958729975176,0.14854065444914213,7180974.6,1.735487108613913E7,5.7186524E7,2275.0,1.07714619E8,1.5387802714285713E7,2.3568024638898876E7,5.7186524E7,104167.0,1.07663525E8,1.538050357142857E7,2.361302758951287E7,5.7238717E7,52961.0,1,0,0,0,256,256,0.07427032722457107,0.07427032722457107,0.0,1060.0,391.29411764705895,465.8384597564217,217005.47058823533,0,1,0,0,1,0,0,0,1.0,415.75,530.0,169.0,256,0,0,0,0,0,0,8,4240,8,1352,1727,268,3,32,108927.66666666667,3746.0101886318107,113174.0,106091.0,3.5761223E7,2.4016247968708206E7,5.7186524E7,9800703.0,BENIGN
172.217.10.74-10.42.0.42-443-44916-6,172.217.10.74,443,10.42.0.42,44916,6,08/08/2017 03:00:44,73744602,1,3,0.0,31.0,0.0,0.0,0.0,0.0,31.0,0.0,10.333333333333332,17.8978583448784,0.42036975126667575,0.05424125822795816,2.4581534E7,4.253953910095528E7,7.3701957E7,825.0,0,0,0,0,0,7.3702782E7,3.6851391E7,5.2114570218324855E7,7.3701957E7,825.0,0,0,0,0,32,96,0.01356031455698954,0.040680943670968625,0.0,31.0,6.2,13.863621460498695,192.2,0,0,0,0,1,1,0,0,3.0,7.75,0.0,10.333333333333334,32,0,0,0,0,0,0,1,0,3,31,181,1548,0,32,41820.0,0.0,41820.0,41820.0,7.3701957E7,0.0,7.3701957E7,7.3701957E7,BENIGN
172.217.7.228-10.42.0.42-443-49653-6,10.42.0.42,49653,172.217.7.228,443,6,08/08/2017 02:59:26,107694324,14,18,3793.0,2543.0,1249.0,0.0,270.92857142857144,520.1714901077136,621.0,0.0,141.27777777777774,219.21619883134855,58.83318418898289,0.29713729388375193,3474010.4516129037,1.341876584516184E7,5.699828E7,2.0,1.07694324E8,8284178.76923077,2.0173984664813295E7,5.699828E7,2.0,1.07610129E8,6330007.588235295,1.787664423968831E7,5.7083442E7,2.0,1,0,0,0,448,576,0.12999756607414148,0.16713972780961048,0.0,1249.0,228.99999999999991,413.8861558448169,171301.7500000001,0,1,0,0,1,0,0,0,1.0,236.15625,270.92857142857144,141.27777777777777,448,0,0,0,0,0,0,14,3793,18,2543,1770,249,5,32,141787.5,48.79036790187178,141822.0,141753.0,5.3634769E7,4756722.873391091,5.699828E7,5.0271258E7,BENIGN
172.217.10.110-10.42.0.42-443-45806-6,10.42.0.42,45806,172.217.10.110,443,6,08/08/2017 02:58:06,700952,14,10,2314.0,5834.0,742.0,0.0,165.28571428571428,256.85147715884625,1418.0,0.0,583.4,516.0418157044597,11624.191100103859,34.239149043015786,30476.173913043476,41068.90847947693,197797.0,3.0,700952.0,53919.38461538461,49161.40477640711,197797.0,2482.0,662692.0,73632.44444444444,90008.48780269435,289584.0,3.0,0,0,0,0,456,328,19.97283694175921,14.266312101256576,0.0,1418.0,325.9200000000001,427.43263796766854,182698.66,0,0,0,1,0,0,0,0,0.0,339.5,165.28571428571428,583.4,456,0,0,0,0,0,0,14,2314,10,5834,65535,191,6,32,0,0,0,0,0,0,0,0,BENIGN
10.42.0.42-31.13.69.203-56885-443-6,10.42.0.42,56885,31.13.69.203,443,6,08/08/2017 03:01:06,67151631,55,95,1042.0,103551.0,235.0,0.0,18.94545454545454,51.27139776674934,1398.0,0.0,1090.0105263157895,546.0827521799636,1557.5645511871485,2.2337506590122884,450682.08724832215,5324838.842772025,6.5003281E7,0.0,2148339.0,39784.05555555556,146165.6238371863,917011.0,1.0,6.7117115E7,714011.8617021276,6703732.388860155,6.5007384E7,0.0,0,0,0,0,1768,3048,0.8190419083045057,1.4147087507077827,0.0,1398.0,692.6688741721854,676.3453626844232,457443.0496247239,0,0,0,1,0,0,0,0,1.0,697.2866666666666,18.945454545454545,1090.0105263157895,1768,0,0,0,0,0,0,55,1042,95,103551,65535,122,10,32,2148339.0,0.0,2148339.0,2148339.0,6.5003281E7,0.0,6.5003281E7,6.5003281E7,BENIGN
10.42.0.42-31.13.69.203-56885-443-6,31.13.69.203,443,10.42.0.42,56885,6,08/08/2017 03:02:13,95146,2,0,61.0,0.0,61.0,0.0,30.5,43.1335136523794,0,0,0,0,641.1199630042252,21.020326655876232,95146.0,0.0,95146.0,95146.0,95146.0,95146.0,0.0,95146.0,95146.0,0,0,0,0,0,0,0,0,0,64,0,21.020326655876232,0.0,0.0,61.0,20.333333333333332,35.21836642056717,1240.3333333333333,0,0,0,0,1,1,0,0,0.0,30.5,30.5,0.0,64,0,0,0,0,0,0,2,61,0,0,122,-1,1,32,0,0,0,0,0,0,0,0,BENIGN
10.42.0.42-31.13.71.36-60186-443-6,10.42.0.42,60186,31.13.71.36,443,6,08/08/2017 03:01:07,65835394,21,24,2210.0,8579.0,437.0,0.0,105.23809523809524,129.8621980261788,1398.0,0.0,357.45833333333326,490.78774117133156,163.87841470197628,0.6835229086652084,1496258.9545454544,9788508.086251045,6.494888E7,1.0,886507.0,44325.350000000006,102471.78929024679,408271.0,1.0,6.5805774E7,2861120.6086956523,1.3546668968462203E7,6.5002546E7,2.0,0,0,0,0,704,776,0.3189773573770972,0.3645455512881111,0.0,1398.0,234.5434782608696,384.30530146525365,147690.5647342995,0,0,0,1,0,0,0,0,1.0,239.75555555555556,105.23809523809524,357.4583333333333,704,0,0,0,0,0,0,21,2210,24,8579,65535,139,13,32,886507.0,0.0,886507.0,886507.0,6.494888E7,0.0,6.494888E7,6.494888E7,BENIGN
10.42.0.42-31.13.71.36-60186-443-6,10.42.0.42,60186,31.13.71.36,443,6,08/08/2017 03:02:13,377,2,0,0.0,0.0,0.0,0.0,0.0,0.0,0,0,0,0,0.0,5305.039787798409,377.0,0.0,377.0,377.0,377.0,377.0,0.0,377.0,377.0,0,0,0,0,0,0,0,0,0,64,0,5305.039787798409,0.0,0.0,0.0,0.0,0.0,0.0,0,0,0,0,1,0,0,0,0.0,0.0,0.0,0.0,64,0,0,0,0,0,0,2,0,0,0,1811,-1,0,32,0,0,0,0,0,0,0,0,BENIGN
172.217.10.35-10.42.0.42-443-33233-6,10.42.0.42,33233,172.217.10.35,443,6,08/08/2017 02:58:31,5672026,64,59,52037.0,5173.0,1368.0,0.0,813.0781250000001,650.5838965867629,1418.0,0.0,87.67796610169493,289.79722046440577,10086.343045677153,21.68537309243646,46492.016393442624,467818.20164118573,5169964.0,1.0,5596757.0,88837.41269841268,660487.5356403132,5247172.0,1.0,5635977.0,97172.01724137933,682803.6004913729,5205911.0,2.0,0,0,0,0,2116,1896,11.283446161918159,10.401926930518302,0.0,1418.0,461.37096774193566,624.0765205810256,389471.50354051933,0,0,0,1,0,0,0,0,0.0,465.1219512195122,813.078125,87.67796610169492,2116,0,0,0,0,0,0,64,52037,59,5173,65535,578,51,32,260388.0,0.0,260388.0,260388.0,5169964.0,0.0,5169964.0,5169964.0,BENIGN
172.217.10.35-10.42.0.42-443-33233-6,10.42.0.42,33233,172.217.10.35,443,6,08/08/2017 03:02:36,8,1,1,55.0,0.0,55.0,55.0,55.0,0.0,0.0,0.0,0.0,0.0,6875000.0,250000.0,8.0,0.0,8.0,8.0,0,0,0,0,0,0,0,0,0,0,1,0,0,0,32,32,125000.0,125000.0,0.0,55.0,36.66666666666667,31.754264805429415,1008.3333333333333,0,1,0,0,1,0,0,0,1.0,55.0,55.0,0.0,32,0,0,0,0,0,0,1,55,1,0,578,578,0,32,0,0,0,0,0,0,0,0,BENIGN
172.217.10.35-10.42.0.42-443-33233-6,172.217.10.35,443,10.42.0.42,33233,6,08/08/2017 03:02:36,19477,1,1,0.0,0.0,0.0,0.0,0.0,0.0,0.0,0.0,0.0,0.0,0.0,102.68521846280227,19477.0,0.0,19477.0,19477.0,0,0,0,0,0,0,0,0,0,0,0,0,0,0,32,32,51.342609231401134,51.342609231401134,0.0,0.0,0.0,0.0,0.0,0,0,0,0,1,1,0,0,1.0,0.0,0.0,0.0,32,0,0,0,0,0,0,1,0,1,0,578,1681,0,32,0,0,0,0,0,0,0,0,BENIGN
8.0.6.4-8.6.0.1-0-0-0,8.6.0.1,0,8.0.6.4,0,0,08/08/2017 03:00:07,111486215,8,0,0.0,0.0,0.0,0.0,0.0,0.0,0,0,0,0,0.0,0.07175775049857061,1.5926602142857146E7,1.979619566156111E7,3.7557461E7,9637.0,1.11486215E8,1.5926602142857146E7,1.979619566156111E7,3.7557461E7,9637.0,0,0,0,0,0,0,0,0,0,0,0,0.07175775049857061,0.0,0.0,0.0,0.0,0.0,0.0,0,0,0,0,0,0,0,0,0.0,0.0,0.0,0.0,0,0,0,0,0,0,0,8,0,0,0,-1,-1,0,0,31890.666666666668,36903.584816834984,74489.0,9637.0,3.7088096E7,406483.03114521276,3.7557461E7,3.6852504E7,BENIGN
203.90.242.126-10.42.0.42-443-49093-6,10.42.0.42,49093,203.90.242.126,443,6,08/08/2017 03:00:46,60175687,2,2,72.0,0.0,36.0,36.0,36.0,0.0,0.0,0.0,0.0,0.0,1.196496518602272,0.06647202881123733,2.0058562333333336E7,3.433138233599379E7,5.9701028E7,237306.0,5.9938334E7,5.9938334E7,0.0,5.9938334E7,5.9938334E7,5.9938381E7,5.9938381E7,0.0,5.9938381E7,5.9938381E7,1,0,0,0,64,64,0.033236014405618665,0.033236014405618665,0.0,36.0,21.6,19.71801207018598,388.8,0,1,0,0,1,0,0,0,1.0,27.0,36.0,0.0,64,0,0,0,0,0,0,2,72,2,0,1595,244,1,32,237306.0,0.0,237306.0,237306.0,5.9701028E7,0.0,5.9701028E7,5.9701028E7,BENIGN
10.42.0.42-31.13.71.52-36944-443-6,10.42.0.42,36944,31.13.71.52,443,6,08/08/2017 03:01:04,108832956,162,431,2681.0,536816.0,536.0,0.0,16.549382716049386,64.13146943808009,1398.0,0.0,1245.5127610208806,398.83686027729107,4957.110601682086,5.448717206578493,183839.4527027027,3094716.2433586167,6.493679E7,0.0,4.3896155E7,272646.9254658386,3011897.0482166684,3.8139974E7,1.0,1.08803444E8,253031.26511627907,3630959.44170851,6.4939077E7,0.0,0,0,0,0,5204,13800,1.4885197090484248,3.9601974975300682,0.0,1398.0,908.2441077441072,646.332506750399,417745.70928225457,0,0,0,1,0,0,0,0,2.0,909.7757166947723,16.549382716049383,1245.5127610208817,5204,0,0,0,0,0,0,162,2681,431,536816,65535,139,18,32,2878090.5,3930872.357546668,5657637.0,98544.0,5.1538382E7,1.8948210307808176E7,6.493679E7,3.8139974E7,BENIGN
10.42.0.42-31.13.71.52-36946-443-6,10.42.0.42,36946,31.13.71.52,443,6,08/08/2017 03:01:04,108469952,24,24,3916.0,5000.0,1398.0,0.0,163.16666666666666,353.34595274155976,1398.0,0.0,208.33333333333331,425.4692209443763,82.19787909558583,0.442518864579197,2307871.319148936,1.0892714446663115E7,6.4957612E7,1.0,4.3512334E7,1891840.6086956519,7995699.346416711,3.8272013E7,1.0,1.08440363E8,4714798.391304348,1.5376653462964442E7,6.4970971E7,2.0,0,0,0,0,788,776,0.2212594322895985,0.2212594322895985,0.0,1398.0,181.95918367346937,384.4221832386711,147780.41496598642,0,0,0,1,0,0,0,0,1.0,185.75,163.16666666666666,208.33333333333334,788,0,0,0,0,0,0,24,3916,24,5000,65535,151,12,32,2620160.5,3594821.2740013236,5162083.0,78238.0,5.16148125E7,1.886956801292495E7,6.4957612E7,3.8272013E7,BENIGN
10.42.0.42-31.13.71.52-36944-443-6,10.42.0.42,36944,31.13.71.52,443,6,08/08/2017 03:02:53,33077,3,0,0.0,0.0,0.0,0.0,0.0,0.0,0,0,0,0,0.0,90.69746349427093,16538.5,18929.955639145064,29924.0,3153.0,33077.0,16538.5,18929.955639145064,29924.0,3153.0,0,0,0,0,0,0,0,0,0,96,0,90.69746349427093,0.0,0.0,0.0,0.0,0.0,0.0,0,0,0,0,1,0,0,0,0.0,0.0,0.0,0.0,96,0,0,0,0,0,0,3,0,0,0,8170,-1,0,32,0,0,0,0,0,0,0,0,BENIGN
10.42.0.42-31.13.71.52-36946-443-6,10.42.0.42,36946,31.13.71.52,443,6,08/08/2017 03:02:53,33386,3,0,0.0,0.0,0.0,0.0,0.0,0.0,0,0,0,0,0.0,89.85802432157192,16693.0,18661.962169075363,29889.0,3497.0,33386.0,16693.0,18661.962169075363,29889.0,3497.0,0,0,0,0,0,0,0,0,0,96,0,89.85802432157192,0.0,0.0,0.0,0.0,0.0,0.0,0,0,0,0,1,0,0,0,0.0,0.0,0.0,0.0,96,0,0,0,0,0,0,3,0,0,0,1634,-1,0,32,0,0,0,0,0,0,0,0,BENIGN
180.163.255.159-10.42.0.42-443-44911-6,10.42.0.42,44911,180.163.255.159,443,6,08/08/2017 02:58:40,1537043,11,8,860.0,5675.0,530.0,0.0,78.18181818181819,164.66804072546572,1460.0,0.0,709.375,652.6786427594254,4251.67025255637,12.361397826866263,85391.27777777778,148200.54709981,365042.0,1.0,1537043.0,153704.3,184684.9901216483,393415.0,1.0,1189066.0,169866.57142857142,210755.9101851058,456669.0,2.0,0,0,0,0,252,172,7.156598741869941,5.2047990849963215,0.0,1460.0,326.74999999999994,523.6868163119512,274247.88157894736,0,0,0,1,0,0,0,0,0.0,343.94736842105266,78.18181818181819,709.375,252,0,0,0,0,0,0,11,860,8,5675,65535,33,3,20,0,0,0,0,0,0,0,0,BENIGN
180.163.255.159-10.42.0.42-443-44911-6,10.42.0.42,44911,180.163.255.159,443,6,08/08/2017 03:03:42,9,1,1,31.0,0.0,31.0,31.0,31.0,0.0,0.0,0.0,0.0,0.0,3444444.4444444445,222222.22222222222,9.0,0.0,9.0,9.0,0,0,0,0,0,0,0,0,0,0,1,0,0,0,20,20,111111.11111111111,111111.11111111111,0.0,31.0,20.666666666666664,17.8978583448784,320.33333333333337,0,1,0,0,1,0,0,0,1.0,31.0,31.0,0.0,20,0,0,0,0,0,0,1,31,1,0,33,33,0,20,0,0,0,0,0,0,0,0,BENIGN
180.163.255.159-10.42.0.42-443-44895-6,10.42.0.42,44895,180.163.255.159,443,6,08/08/2017 02:58:39,2908057,12,9,1473.0,6252.0,517.0,0.0,122.75,193.025257414671,1460.0,0.0,694.6666666666665,612.1174315439807,2656.4128557315075,7.22131650101769,145402.85,258836.77856665922,1044801.0,0.0,2908057.0,264368.8181818182,313400.0767191413,1044801.0,123.0,2559161.0,319895.125,480813.2911647685,1415981.0,0.0,0,0,0,0,284,192,4.126466572010108,3.0948499290075815,0.0,1460.0,351.1363636363637,498.5066552027017,248508.88528138536,0,0,0,1,0,0,0,0,0.0,367.85714285714283,122.75,694.6666666666666,284,0,0,0,0,0,0,12,1473,9,6252,65535,35,5,20,0,0,0,0,0,0,0,0,BENIGN
180.163.255.159-10.42.0.42-443-44895-6,10.42.0.42,44895,180.163.255.159,443,6,08/08/2017 03:03:42,7,1,1,31.0,0.0,31.0,31.0,31.0,0.0,0.0,0.0,0.0,0.0,4428571.428571428,285714.28571428574,7.0,0.0,7.0,7.0,0,0,0,0,0,0,0,0,0,0,1,0,0,0,20,20,142857.14285714287,142857.14285714287,0.0,31.0,20.666666666666664,17.8978583448784,320.33333333333337,0,1,0,0,1,0,0,0,1.0,31.0,31.0,0.0,20,0,0,0,0,0,0,1,31,1,0,35,35,0,20,0,0,0,0,0,0,0,0,BENIGN
10.42.0.42-64.71.142.96-37606-443-6,10.42.0.42,37606,64.71.142.96,443,6,08/08/2017 03:00:34,521988,64,120,1666.0,146312.0,131.0,0.0,26.03125,51.977702408042695,1460.0,0.0,1219.266666666666,492.64975086851723,283489.27561553137,352.4985248703035,2852.393442622951,12909.727409995776,86555.0,1.0,521988.0,8285.52380952381,22501.676919486246,86555.0,1.0,441631.0,3711.1848739495804,22973.26501221505,182004.0,1.0,1,0,0,0,1280,2400,122.60818256358384,229.8903423067197,0.0,1460.0,800.5621621621625,695.2403616858264,483359.1605170388,0,1,0,0,1,0,0,0,1.0,804.9130434782609,26.03125,1219.2666666666667,1280,0,0,0,0,0,0,64,1666,120,146312,13912,126,12,20,0,0,0,0,0,0,0,0,BENIGN
10.42.0.42-64.71.142.96-37606-443-6,10.42.0.42,37606,64.71.142.96,443,6,08/08/2017 03:04:05,42,1,2,46.0,31.0,46.0,46.0,46.0,0.0,31.0,0.0,15.5,21.920310216782973,1833333.3333333335,71428.57142857143,21.0,16.97056274847714,33.0,9.0,0,0,0,0,0,33.0,33.0,0.0,33.0,33.0,1,0,0,0,20,40,23809.52380952381,47619.04761904762,0.0,46.0,30.75,21.68524844220144,470.25,0,1,0,0,1,0,0,0,2.0,41.0,46.0,15.5,20,0,0,0,0,0,0,1,46,2,31,126,126,0,20,0,0,0,0,0,0,0,0,BENIGN
10.42.0.42-64.71.142.96-37606-443-6,10.42.0.42,37606,64.71.142.96,443,6,08/08/2017 03:04:05,8244,3,0,0.0,0.0,0.0,0.0,0.0,0.0,0,0,0,0,0.0,363.901018922853,4122.0,5815.2461684781665,8234.0,10.0,8244.0,4122.0,5815.2461684781665,8234.0,10.0,0,0,0,0,0,0,0,0,0,60,0,363.901018922853,0.0,0.0,0.0,0.0,0.0,0.0,0,0,0,0,1,0,0,0,0.0,0.0,0.0,0.0,60,0,0,0,0,0,0,3,0,0,0,13912,-1,0,20,0,0,0,0,0,0,0,0,BENIGN
10.42.0.42-64.71.142.96-37606-443-6,64.71.142.96,443,10.42.0.42,37606,6,08/08/2017 03:04:05,176225,2,3,46.0,0.0,46.0,0.0,23.0,32.526911934581186,0.0,0.0,0.0,0.0,261.02993332387575,28.372818839551712,44056.25,53338.18627321955,123926.0,14766.0,138692.0,138692.0,0.0,138692.0,138692.0,161459.0,80729.5,91947.21607803034,145746.0,15713.0,0,0,0,0,40,84,11.349127535820685,17.023691303731027,0.0,46.0,7.666666666666666,18.779421361337697,352.66666666666663,0,0,0,0,1,1,0,0,1.0,9.2,23.0,0.0,40,0,0,0,0,0,0,2,46,3,0,126,13912,1,20,0,0,0,0,0,0,0,0,BENIGN
10.42.0.42-64.71.142.96-37606-443-6,64.71.142.96,443,10.42.0.42,37606,6,08/08/2017 03:04:05,459726,2,3,2.0,0.0,1.0,1.0,1.0,0.0,0.0,0.0,0.0,0.0,4.350417422551693,10.876043556379233,114931.5,118521.1085742395,286231.0,13677.0,299908.0,299908.0,0.0,299908.0,299908.0,446049.0,223024.5,212019.6043777556,372945.0,73104.0,1,0,0,0,40,84,4.350417422551693,6.52562613382754,0.0,1.0,0.5,0.5477225575051661,0.29999999999999993,0,1,0,0,1,0,0,0,1.0,0.6,1.0,0.0,40,0,0,0,0,0,0,2,2,3,0,126,13912,1,20,0,0,0,0,0,0,0,0,BENIGN
172.217.5.227-10.42.0.42-80-38588-6,10.42.0.42,38588,172.217.5.227,80,6,08/08/2017 03:00:06,506067,4,3,401.0,845.0,401.0,0.0,100.25,200.49999999999997,845.0,0.0,281.6666666666667,487.86097746523376,2462.1245803421284,13.832160563719823,84344.5,149696.9933014688,387743.0,2364.0,506067.0,168689.0,190193.12287251608,387743.0,45563.0,461457.0,230728.5,286821.6023323557,433542.0,27915.0,0,0,0,0,136,104,7.904091750697042,5.928068813022781,0.0,845.0,155.75,311.8519566351041,97251.64285714286,0,0,0,1,0,0,0,0,0.0,178.0,100.25,281.6666666666667,136,0,0,0,0,0,0,4,401,3,845,65535,170,1,32,0,0,0,0,0,0,0,0,BENIGN
172.217.5.227-10.42.0.42-443-54317-6,10.42.0.42,54317,172.217.5.227,443,6,08/08/2017 03:00:07,237570,15,15,1080.0,5502.0,439.0,0.0,71.99999999999997,126.19995472039032,1418.0,0.0,366.8,558.8925529243395,27705.51837353201,126.27857052658163,8192.068965517243,13567.837986869206,42172.0,2.0,195398.0,13957.0,17638.299106904138,53295.0,123.0,195487.0,13963.357142857143,23254.807518205587,65942.0,2.0,0,0,0,0,488,488,63.139285263290816,63.139285263290816,0.0,1418.0,212.32258064516128,420.09557540292934,176480.2924731183,0,0,0,1,0,0,0,0,1.0,219.4,72.0,366.8,488,0,0,0,0,0,0,15,1080,15,5502,65535,179,8,32,0,0,0,0,0,0,0,0,BENIGN
172.217.5.227-10.42.0.42-443-54317-6,10.42.0.42,54317,172.217.5.227,443,6,08/08/2017 03:04:07,9,1,1,55.0,0.0,55.0,55.0,55.0,0.0,0.0,0.0,0.0,0.0,6111111.111111111,222222.22222222222,9.0,0.0,9.0,9.0,0,0,0,0,0,0,0,0,0,0,1,0,0,0,32,32,111111.11111111111,111111.11111111111,0.0,55.0,36.66666666666667,31.754264805429415,1008.3333333333333,0,1,0,0,1,0,0,0,1.0,55.0,55.0,0.0,32,0,0,0,0,0,0,1,55,1,0,179,179,0,32,0,0,0,0,0,0,0,0,BENIGN
172.217.5.227-10.42.0.42-443-54317-6,172.217.5.227,443,10.42.0.42,54317,6,08/08/2017 03:04:07,53526,1,2,0.0,0.0,0.0,0.0,0.0,0.0,0.0,0.0,0.0,0.0,0.0,56.047528304001794,26763.0,35018.75623148258,51525.0,2001.0,0,0,0,0,0,2001.0,2001.0,0.0,2001.0,2001.0,0,0,0,0,32,76,18.682509434667267,37.365018869334534,0.0,0.0,0.0,0.0,0.0,0,0,0,0,1,1,0,0,2.0,0.0,0.0,0.0,32,0,0,0,0,0,0,1,0,2,0,179,1638,0,32,0,0,0,0,0,0,0,0,BENIGN
172.217.3.99-10.42.0.42-443-39255-6,10.42.0.42,39255,172.217.3.99,443,6,08/08/2017 03:00:07,486133,16,17,1356.0,6350.0,710.0,0.0,84.75,182.43775194113016,1418.0,0.0,373.52941176470586,557.8570737257727,15851.629080930528,67.88265762661659,15191.65625,27040.055190115196,107812.0,1.0,410532.0,27368.8,58307.13454654217,222574.0,1.0,449944.0,28121.499999999996,42868.39747101976,144187.0,1.0,0,0,0,0,532,552,32.912803697753496,34.96985392886309,0.0,1418.0,226.64705882352942,434.10708651995645,188448.96256684494,0,0,0,1,0,0,0,0,1.0,233.5151515151515,84.75,373.52941176470586,532,0,0,0,0,0,0,16,1356,17,6350,65535,180,8,32,0,0,0,0,0,0,0,0,BENIGN
172.217.3.99-10.42.0.42-443-39255-6,10.42.0.42,39255,172.217.3.99,443,6,08/08/2017 03:04:08,225,1,1,55.0,0.0,55.0,55.0,55.0,0.0,0.0,0.0,0.0,0.0,244444.44444444444,8888.888888888889,225.0,0.0,225.0,225.0,0,0,0,0,0,0,0,0,0,0,1,0,0,0,32,32,4444.444444444444,4444.444444444444,0.0,55.0,36.66666666666667,31.754264805429415,1008.3333333333333,0,1,0,0,1,0,0,0,1.0,55.0,55.0,0.0,32,0,0,0,0,0,0,1,55,1,0,180,180,0,32,0,0,0,0,0,0,0,0,BENIGN
172.217.10.99-10.42.0.42-443-40565-6,10.42.0.42,40565,172.217.10.99,443,6,08/08/2017 03:00:08,243971,14,18,981.0,8465.0,341.0,0.0,70.07142857142857,109.24317566132645,1418.0,0.0,470.27777777777777,621.0913360468155,38717.71644990593,131.1631300441446,7870.032258064517,13105.948447133644,45371.0,1.0,168796.0,12984.307692307691,16053.55437997359,39962.0,2.0,207913.0,12230.176470588234,19730.624227439224,48128.0,1.0,0,0,0,0,456,584,57.38386939431326,73.77926064983133,0.0,1418.0,286.24242424242425,501.83301694282676,251836.37689393945,0,0,0,1,0,0,0,0,1.0,295.1875,70.07142857142857,470.27777777777777,456,0,0,0,0,0,0,14,981,18,8465,65535,179,8,32,0,0,0,0,0,0,0,0,BENIGN
172.217.10.99-10.42.0.42-443-40565-6,10.42.0.42,40565,172.217.10.99,443,6,08/08/2017 03:04:09,22,1,1,55.0,0.0,55.0,55.0,55.0,0.0,0.0,0.0,0.0,0.0,2500000.0,90909.09090909091,22.0,0.0,22.0,22.0,0,0,0,0,0,0,0,0,0,0,1,0,0,0,32,32,45454.545454545456,45454.545454545456,0.0,55.0,36.66666666666667,31.754264805429415,1008.3333333333333,0,1,0,0,1,0,0,0,1.0,55.0,55.0,0.0,32,0,0,0,0,0,0,1,55,1,0,179,179,0,32,0,0,0,0,0,0,0,0,BENIGN
172.217.3.97-10.42.0.42-443-53479-6,10.42.0.42,53479,172.217.3.97,443,6,08/08/2017 03:00:08,292104,16,16,1053.0,6200.0,403.0,0.0,65.81249999999999,116.86757106514479,1418.0,0.0,387.4999999999999,585.7698068923206,24830.197463916964,109.55002327937996,9422.709677419356,17339.486590233955,77289.0,1.0,214815.0,14320.999999999998,20247.698063166165,54203.0,2.0,255519.0,17034.6,26531.901899411583,87173.0,1.0,0,0,0,0,520,520,54.77501163968998,54.77501163968998,0.0,1418.0,219.78787878787875,441.21435816220315,194670.10984848486,0,0,0,1,0,0,0,0,1.0,226.65625,65.8125,387.5,520,0,0,0,0,0,0,16,1053,16,6200,65535,179,8,32,0,0,0,0,0,0,0,0,BENIGN
172.217.3.97-10.42.0.42-443-53479-6,10.42.0.42,53479,172.217.3.97,443,6,08/08/2017 03:04:09,7,1,1,55.0,0.0,55.0,55.0,55.0,0.0,0.0,0.0,0.0,0.0,7857142.857142857,285714.28571428574,7.0,0.0,7.0,7.0,0,0,0,0,0,0,0,0,0,0,1,0,0,0,32,32,142857.14285714287,142857.14285714287,0.0,55.0,36.66666666666667,31.754264805429415,1008.3333333333333,0,1,0,0,1,0,0,0,1.0,55.0,55.0,0.0,32,0,0,0,0,0,0,1,55,1,0,179,179,0,32,0,0,0,0,0,0,0,0,BENIGN
172.217.10.99-10.42.0.42-443-40565-6,10.42.0.42,40565,172.217.10.99,443,6,08/08/2017 03:04:09,24051,1,1,0.0,0.0,0.0,0.0,0.0,0.0,0.0,0.0,0.0,0.0,0.0,83.15662550413704,24051.0,0.0,24051.0,24051.0,0,0,0,0,0,0,0,0,0,0,0,0,0,0,32,32,41.57831275206852,41.57831275206852,0.0,0.0,0.0,0.0,0.0,0,0,0,0,1,1,0,0,1.0,0.0,0.0,0.0,32,0,0,0,0,0,0,1,0,1,0,1728,179,0,32,0,0,0,0,0,0,0,0,BENIGN
172.217.12.163-10.42.0.42-443-35741-6,10.42.0.42,35741,172.217.12.163,443,6,08/08/2017 03:00:09,294130,20,29,1029.0,27032.0,389.0,0.0,51.45,104.12061578563079,1418.0,0.0,932.1379310344827,645.435883954066,95403.39305749159,166.59300309387007,6127.708333333334,14124.985534104184,77255.0,1.0,216875.0,11414.473684210525,15406.430494974857,43434.0,2.0,257639.0,9201.392857142857,20586.03563608878,84176.0,1.0,0,0,0,0,648,936,67.99714411994697,98.5958589739231,0.0,1418.0,561.22,660.4347760902568,436174.09346938774,0,0,0,1,0,0,0,0,1.0,572.6734693877551,51.45,932.1379310344828,648,0,0,0,0,0,0,20,1029,29,27032,65535,179,8,32,0,0,0,0,0,0,0,0,BENIGN
172.217.12.163-10.42.0.42-443-35741-6,10.42.0.42,35741,172.217.12.163,443,6,08/08/2017 03:04:09,8,1,1,55.0,0.0,55.0,55.0,55.0,0.0,0.0,0.0,0.0,0.0,6875000.0,250000.0,8.0,0.0,8.0,8.0,0,0,0,0,0,0,0,0,0,0,1,0,0,0,32,32,125000.0,125000.0,0.0,55.0,36.66666666666667,31.754264805429415,1008.3333333333333,0,1,0,0,1,0,0,0,1.0,55.0,55.0,0.0,32,0,0,0,0,0,0,1,55,1,0,179,179,0,32,0,0,0,0,0,0,0,0,BENIGN
10.42.0.42-31.13.71.52-41289-80-6,10.42.0.42,41289,31.13.71.52,80,6,08/08/2017 03:01:03,514166,4,3,402.0,196.0,402.0,0.0,100.5,201.0,196.0,0.0,65.33333333333333,113.16065276116665,1163.048509625296,13.614280213005138,85694.33333333333,178666.34421587817,449327.0,316.0,514166.0,171388.6666666667,240702.1839625335,449327.0,31916.0,481540.0,240770.0,340053.3079268602,481224.0,316.0,0,0,0,0,136,104,7.779588693145794,5.834691519859345,0.0,402.0,74.75,148.9580477852741,22188.5,0,0,0,1,0,0,0,0,0.0,85.42857142857143,100.5,65.33333333333333,136,0,0,0,0,0,0,4,402,3,196,65535,114,1,32,0,0,0,0,0,0,0,0,BENIGN
172.217.12.163-10.42.0.42-443-35741-6,10.42.0.42,35741,172.217.12.163,443,6,08/08/2017 03:04:09,12318,2,1,0.0,0.0,0.0,0.0,0.0,0.0,0.0,0.0,0.0,0.0,0.0,243.54603019970773,6159.0,8000.206122344599,11816.0,502.0,502.0,502.0,0.0,502.0,502.0,0,0,0,0,0,0,0,0,0,64,32,162.3640201331385,81.18201006656925,0.0,0.0,0.0,0.0,0.0,0,0,0,0,1,1,0,0,0.0,0.0,0.0,0.0,64,0,0,0,0,0,0,2,0,1,0,2317,179,0,32,0,0,0,0,0,0,0,0,BENIGN
10.42.0.42-31.13.71.52-41289-80-6,10.42.0.42,41289,31.13.71.52,80,6,08/08/2017 03:04:09,95530,1,1,0.0,0.0,0.0,0.0,0.0,0.0,0.0,0.0,0.0,0.0,0.0,20.935831675913324,95530.0,0.0,95530.0,95530.0,0,0,0,0,0,0,0,0,0,0,0,0,0,0,32,32,10.467915837956662,10.467915837956662,0.0,0.0,0.0,0.0,0.0,0,0,0,0,1,1,0,0,1.0,0.0,0.0,0.0,32,0,0,0,0,0,0,1,0,1,0,114,114,0,32,0,0,0,0,0,0,0,0,BENIGN
10.42.0.42-64.71.142.96-37606-443-6,10.42.0.42,37606,64.71.142.96,443,6,08/08/2017 03:04:07,2303060,2,0,0.0,0.0,0.0,0.0,0.0,0.0,0,0,0,0,0.0,0.8684098547150314,2303060.0,0.0,2303060.0,2303060.0,2303060.0,2303060.0,0.0,2303060.0,2303060.0,0,0,0,0,0,0,0,0,0,40,0,0.8684098547150314,0.0,0.0,0.0,0.0,0.0,0.0,0,0,0,0,1,1,0,0,0.0,0.0,0.0,0.0,40,0,0,0,0,0,0,2,0,0,0,13912,-1,0,20,0,0,0,0,0,0,0,0,BENIGN
172.217.11.46-10.42.0.42-443-36940-6,10.42.0.42,36940,172.217.11.46,443,6,08/08/2017 03:00:11,379884,18,18,1560.0,6341.0,788.0,0.0,86.66666666666666,189.52417198000333,1418.0,0.0,352.27777777777777,553.4730776762482,20798.454264986154,94.76577060365796,10853.82857142857,18491.51471301128,76938.0,0.0,302946.0,17820.352941176472,26077.002768102917,72625.0,84.0,343224.0,20189.647058823528,32356.363450527733,90896.0,0.0,0,0,0,0,584,584,47.38288530182898,47.38288530182898,0.0,1418.0,213.5405405405406,424.92127340083675,180558.08858858864,0,0,0,1,0,0,0,0,1.0,219.47222222222223,86.66666666666667,352.27777777777777,584,0,0,0,0,0,0,18,1560,18,6341,65535,187,9,32,0,0,0,0,0,0,0,0,BENIGN
172.217.11.46-10.42.0.42-443-36940-6,10.42.0.42,36940,172.217.11.46,443,6,08/08/2017 03:04:11,218,1,1,55.0,0.0,55.0,55.0,55.0,0.0,0.0,0.0,0.0,0.0,252293.57798165135,9174.311926605504,218.0,0.0,218.0,218.0,0,0,0,0,0,0,0,0,0,0,1,0,0,0,32,32,4587.155963302752,4587.155963302752,0.0,55.0,36.66666666666667,31.754264805429415,1008.3333333333333,0,1,0,0,1,0,0,0,1.0,55.0,55.0,0.0,32,0,0,0,0,0,0,1,55,1,0,187,187,0,32,0,0,0,0,0,0,0,0,BENIGN
172.217.11.46-10.42.0.42-443-36940-6,172.217.11.46,443,10.42.0.42,36940,6,08/08/2017 03:04:11,19031,1,2,0.0,0.0,0.0,0.0,0.0,0.0,0.0,0.0,0.0,0.0,0.0,157.63753875256162,9515.5,12541.952977905794,18384.0,647.0,0,0,0,0,0,647.0,647.0,0.0,647.0,647.0,0,0,0,0,32,76,52.54584625085387,105.09169250170774,0.0,0.0,0.0,0.0,0.0,0,0,0,0,1,1,0,0,2.0,0.0,0.0,0.0,32,0,0,0,0,0,0,1,0,2,0,187,1638,0,32,0,0,0,0,0,0,0,0,BENIGN
10.42.0.42-64.71.142.96-37606-443-6,10.42.0.42,37606,64.71.142.96,443,6,08/08/2017 03:04:14,9298936,2,0,0.0,0.0,0.0,0.0,0.0,0.0,0,0,0,0,0.0,0.2150783702565541,9298936.0,0.0,9298936.0,9298936.0,9298936.0,9298936.0,0.0,9298936.0,9298936.0,0,0,0,0,0,0,0,0,0,40,0,0.2150783702565541,0.0,0.0,0.0,0.0,0.0,0.0,0,0,0,0,1,1,0,0,0.0,0.0,0.0,0.0,40,0,0,0,0,0,0,2,0,0,0,13912,-1,0,20,0,0,0,0,0,0,0,0,BENIGN
172.217.10.138-10.42.0.42-443-42499-6,10.42.0.42,42499,172.217.10.138,443,6,08/08/2017 03:00:38,273469,10,8,3474.0,1055.0,1368.0,0.0,347.4,561.2258804517918,568.0,0.0,131.875,207.43359522645176,16561.29213914557,65.82098885065582,16086.411764705885,19158.485130807,57925.0,2.0,273469.0,30385.444444444445,33820.53652779296,107052.0,491.0,185717.0,26530.999999999996,25444.18609427309,57925.0,2.0,0,0,0,0,328,264,36.56721602814213,29.253772822513703,0.0,1368.0,238.36842105263162,434.7666309548295,189022.0233918129,0,0,0,1,0,0,0,0,0.0,251.61111111111111,347.4,131.875,328,0,0,0,0,0,0,10,3474,8,1055,65535,202,5,32,0,0,0,0,0,0,0,0,BENIGN
8.0.6.4-8.6.0.1-0-0-0,8.6.0.1,0,8.0.6.4,0,0,08/08/2017 03:02:42,65561373,4,0,0.0,0.0,0.0,0.0,0.0,0.0,0,0,0,0,0.0,0.06101153494756737,2.1853791E7,3.780875608210168E7,6.5511582E7,24420.0,6.5561373E7,2.1853791E7,3.780875608210168E7,6.5511582E7,24420.0,0,0,0,0,0,0,0,0,0,0,0,0.06101153494756737,0.0,0.0,0.0,0.0,0.0,0.0,0,0,0,0,0,0,0,0,0.0,0.0,0.0,0.0,0,0,0,0,0,0,0,4,0,0,0,-1,-1,0,0,24420.0,0.0,24420.0,24420.0,6.5511582E7,0.0,6.5511582E7,6.5511582E7,BENIGN
10.42.0.42-14.29.93.243-51597-80-6,10.42.0.42,51597,14.29.93.243,80,6,08/08/2017 02:59:22,751138,7,11,389.0,13882.0,389.0,0.0,55.57142857142857,147.0281800005894,1460.0,0.0,1262.0,470.7313458863771,18999.171923135298,23.963639171497118,44184.58823529412,96706.82886180973,247385.0,2.0,751138.0,125189.66666666667,136450.54298267438,250434.0,277.0,500492.0,50049.2,105203.4855662534,249954.0,2.0,0,0,0,0,160,224,9.319193011137767,14.64444616035935,0.0,1460.0,751.1052631578949,713.6471968959361,509292.3216374269,0,0,0,1,0,0,0,0,1.0,792.8333333333334,55.57142857142857,1262.0,160,0,0,0,0,0,0,7,389,11,13882,65535,8190,1,20,0,0,0,0,0,0,0,0,BENIGN
208.80.154.224-10.42.0.42-443-55833-6,10.42.0.42,55833,208.80.154.224,443,6,08/08/2017 03:01:48,145358,8,8,290.0,4996.0,205.0,0.0,36.24999999999999,74.39037956233703,1448.0,0.0,624.4999999999999,704.6766228967318,36365.387525970364,110.07306099423494,9690.533333333333,13979.647910274354,37634.0,2.0,145358.0,20765.428571428572,24631.229282201508,66713.0,138.0,78842.0,11263.142857142857,19419.322262706726,46098.0,2.0,0,0,0,0,264,264,55.03653049711747,55.03653049711747,0.0,1448.0,310.9411764705883,559.10648254472,312600.0588235294,0,0,0,1,0,0,0,0,1.0,330.375,36.25,624.5,264,0,0,0,0,0,0,8,290,8,4996,65535,59,2,32,0,0,0,0,0,0,0,0,BENIGN
208.80.154.224-10.42.0.42-443-55833-6,10.42.0.42,55833,208.80.154.224,443,6,08/08/2017 03:04:48,12,1,2,38.0,23.0,38.0,38.0,38.0,0.0,23.0,0.0,11.5,16.263455967290593,5083333.333333333,250000.0,6.0,4.242640687119285,9.0,3.0,0,0,0,0,0,3.0,3.0,0.0,3.0,3.0,1,0,0,0,32,64,83333.33333333333,166666.66666666666,0.0,38.0,24.75,17.95132307101624,322.25,0,1,0,0,1,0,0,0,2.0,33.0,38.0,11.5,32,0,0,0,0,0,0,1,38,2,23,59,59,0,32,0,0,0,0,0,0,0,0,BENIGN
208.80.154.224-10.42.0.42-443-55832-6,10.42.0.42,55832,208.80.154.224,443,6,08/08/2017 03:01:48,1577670,73,88,1624.0,95696.0,272.0,0.0,22.246575342465754,54.30924333591787,1448.0,0.0,1087.4545454545455,546.0124395259071,61685.90389625207,102.0492244892785,9860.4375,85679.43139508308,1079659.0,1.0,1577670.0,21912.083333333336,127299.54733948594,1079659.0,1.0,1546757.0,17778.816091954024,120004.33671635881,1112035.0,1.0,0,0,0,0,2344,2824,46.27076638333746,55.77845810594104,0.0,1448.0,600.7407407407406,667.7426844343539,445880.29261559714,0,0,0,1,0,0,0,0,1.0,604.472049689441,22.246575342465754,1087.4545454545455,2344,0,0,0,0,0,0,73,1624,88,95696,65535,63,15,32,0,0,0,0,0,0,0,0,BENIGN
208.80.154.224-10.42.0.42-443-55832-6,10.42.0.42,55832,208.80.154.224,443,6,08/08/2017 03:04:50,281,1,2,38.0,23.0,38.0,38.0,38.0,0.0,23.0,0.0,11.5,16.263455967290593,217081.85053380782,10676.156583629892,140.5,185.969083452062,272.0,9.0,0,0,0,0,0,272.0,272.0,0.0,272.0,272.0,1,0,0,0,32,64,3558.7188612099644,7117.437722419929,0.0,38.0,24.75,17.95132307101624,322.25,0,1,0,0,1,0,0,0,2.0,33.0,38.0,11.5,32,0,0,0,0,0,0,1,38,2,23,63,63,0,32,0,0,0,0,0,0,0,0,BENIGN
208.80.154.224-10.42.0.42-443-55832-6,208.80.154.224,443,10.42.0.42,55832,6,08/08/2017 03:04:50,73209,1,4,0.0,0.0,0.0,0.0,0.0,0.0,0.0,0.0,0.0,0.0,0.0,68.29761368137798,18302.25,35793.935262601866,71989.0,8.0,0,0,0,0,0,1220.0,406.6666666666667,545.2387856098769,1028.0,8.0,0,0,0,0,32,140,13.659522736275596,54.638090945102384,0.0,0.0,0.0,0.0,0.0,0,0,0,0,1,1,0,0,4.0,0.0,0.0,0.0,32,0,0,0,0,0,0,1,0,4,0,63,4714,0,32,0,0,0,0,0,0,0,0,BENIGN
203.90.242.126-10.42.0.42-443-49093-6,10.42.0.42,49093,203.90.242.126,443,6,08/08/2017 03:02:46,60176495,2,2,72.0,0.0,36.0,36.0,36.0,0.0,0.0,0.0,0.0,0.0,1.1964804530406763,0.06647113628003758,2.0058831666666664E7,3.4331491166619204E7,5.9701423E7,237450.0,5.9939045E7,5.9939045E7,0.0,5.9939045E7,5.9939045E7,5.9938873E7,5.9938873E7,0.0,5.9938873E7,5.9938873E7,1,0,0,0,64,64,0.03323556814001879,0.03323556814001879,0.0,36.0,21.6,19.71801207018598,388.8,0,1,0,0,1,0,0,0,1.0,27.0,36.0,0.0,64,0,0,0,0,0,0,2,72,2,0,1595,244,1,32,237622.0,0.0,237622.0,237622.0,5.9701423E7,0.0,5.9701423E7,5.9701423E7,BENIGN
203.90.242.126-10.42.0.42-443-49093-6,10.42.0.42,49093,203.90.242.126,443,6,08/08/2017 03:05:00,174777,2,0,0.0,0.0,0.0,0.0,0.0,0.0,0,0,0,0,0.0,11.443153275316547,174777.0,0.0,174777.0,174777.0,174777.0,174777.0,0.0,174777.0,174777.0,0,0,0,0,0,0,0,0,0,64,0,11.443153275316547,0.0,0.0,0.0,0.0,0.0,0.0,0,0,0,0,1,1,0,0,0.0,0.0,0.0,0.0,64,0,0,0,0,0,0,2,0,0,0,244,-1,0,32,0,0,0,0,0,0,0,0,BENIGN
172.217.12.174-10.42.0.42-443-56739-6,10.42.0.42,56739,172.217.12.174,443,6,08/08/2017 03:01:09,139063,6,8,423.0,702.0,253.0,0.0,70.5,95.82431841656897,268.0,0.0,87.75,114.63326617647128,8089.858553317562,100.6737953301741,10697.153846153846,22427.456460947422,76558.0,4.0,62505.0,12501.0,25147.863706486085,57424.0,128.0,102624.0,14660.571428571428,31087.930449276413,83393.0,4.0,1,0,0,0,192,256,43.14591228436033,57.52788304581377,0.0,268.0,91.86666666666669,109.13155014978591,11909.695238095237,0,1,0,0,1,0,0,0,1.0,98.42857142857143,70.5,87.75,192,0,0,0,0,0,0,6,423,8,702,1815,205,3,32,0,0,0,0,0,0,0,0,BENIGN
172.217.12.174-10.42.0.42-443-56739-6,10.42.0.42,56739,172.217.12.174,443,6,08/08/2017 03:05:09,11,1,1,55.0,0.0,55.0,55.0,55.0,0.0,0.0,0.0,0.0,0.0,5000000.0,181818.18181818182,11.0,0.0,11.0,11.0,0,0,0,0,0,0,0,0,0,0,1,0,0,0,32,32,90909.09090909091,90909.09090909091,0.0,55.0,36.66666666666667,31.754264805429415,1008.3333333333333,0,1,0,0,1,0,0,0,1.0,55.0,55.0,0.0,32,0,0,0,0,0,0,1,55,1,0,205,205,0,32,0,0,0,0,0,0,0,0,BENIGN
10.42.0.42-64.71.142.96-37606-443-6,10.42.0.42,37606,64.71.142.96,443,6,08/08/2017 03:04:42,37206483,2,0,0.0,0.0,0.0,0.0,0.0,0.0,0,0,0,0,0.0,0.053754072912508284,3.7206483E7,0.0,3.7206483E7,3.7206483E7,3.7206483E7,3.7206483E7,0.0,3.7206483E7,3.7206483E7,0,0,0,0,0,0,0,0,0,40,0,0.053754072912508284,0.0,0.0,0.0,0.0,0.0,0.0,0,0,0,0,1,1,0,0,0.0,0.0,0.0,0.0,40,0,0,0,0,0,0,2,0,0,0,13912,-1,0,20,0,0,0,0,0,0,0,0,BENIGN
169.45.210.81-10.42.0.42-443-44223-6,10.42.0.42,44223,169.45.210.81,443,6,08/08/2017 03:01:39,85729345,20,16,454.0,360.0,210.0,0.0,22.699999999999996,47.95842497743008,67.0,0.0,22.500000000000004,24.738633753705958,9.494998474559674,0.4199262224620986,2449409.8571428573,8387323.820865671,4.2046746E7,302.0,8.5729345E7,4512070.7894736845,1.1093889218692647E7,4.2046746E7,302.0,8.5655919E7,5710394.6,1.2328776940314373E7,4.2121171E7,408.0,1,0,0,0,640,512,0.233292345812277,0.18663387664982162,0.0,210.0,22.08108108108108,38.46165361498123,1479.2987987987985,0,1,0,0,1,0,0,0,0.0,22.694444444444443,22.7,22.5,640,0,0,0,0,0,0,20,454,16,360,1449,514,12,32,1119073.3333333333,1694636.3131109676,3075759.0,122616.0,2.7416365E7,1.3068911933545997E7,4.2046746E7,1.6897985E7,BENIGN
172.217.3.36-10.42.0.42-443-47246-6,10.42.0.42,47246,172.217.3.36,443,6,08/08/2017 03:01:35,313393,10,14,1136.0,10382.0,576.0,0.0,113.60000000000001,228.97462256280232,1418.0,0.0,741.5714285714286,687.5954439243286,36752.57583928167,76.58116167240495,13625.782608695656,21519.22479162321,82520.0,2.0,313393.0,34821.444444444445,34575.53169190284,99414.0,127.0,226540.0,17426.153846153848,29827.544805783557,89005.0,2.0,0,0,0,0,328,456,31.90881736350206,44.67234430890288,0.0,1418.0,460.71999999999997,617.1025387513273,380815.5433333334,0,0,0,1,0,0,0,0,1.0,479.9166666666667,113.6,741.5714285714286,328,0,0,0,0,0,0,10,1136,14,10382,65535,175,3,32,0,0,0,0,0,0,0,0,BENIGN
203.90.242.126-10.42.0.42-443-49387-6,10.42.0.42,49387,203.90.242.126,443,6,08/08/2017 03:04:41,67908165,7,7,1147.0,541.0,579.0,0.0,163.85714285714286,263.6875857091927,313.0,0.0,77.28571428571428,118.04478568988732,24.857099289901296,0.2061607761010771,5223705.000000001,1.846611036980415E7,6.6681646E7,2.0,1226519.0,204419.83333333334,216418.64930954232,408753.0,391.0,6.7658291E7,1.1276381833333334E7,2.7211987460637007E7,6.6821041E7,2.0,0,0,0,0,232,232,0.10308038805053855,0.10308038805053855,0.0,579.0,112.53333333333333,196.50404091325473,38613.83809523809,0,0,0,1,0,0,0,0,1.0,120.57142857142857,163.85714285714286,77.28571428571429,232,0,0,0,0,0,0,7,1147,7,541,65535,244,3,32,0,0,0,0,0,0,0,0,BENIGN
172.217.7.228-10.42.0.42-443-49653-6,10.42.0.42,49653,172.217.7.228,443,6,08/08/2017 03:01:57,145442,5,6,1255.0,789.0,1221.0,0.0,251.0,542.4463107073362,529.0,0.0,131.5,203.38706940216235,14053.712132671444,75.63152321887763,14544.2,26879.637748881796,81647.0,4.0,145442.0,36360.5,43956.91706280898,89750.0,125.0,59471.0,11894.199999999999,21893.69326312945,50479.0,4.0,1,0,0,0,160,192,34.377965099489835,41.2535581193878,0.0,1221.0,272.0833333333333,467.59256902356844,218642.81060606064,0,1,0,0,1,0,0,0,1.0,296.8181818181818,251.0,131.5,160,0,0,0,0,0,0,5,1255,6,789,2036,259,1,32,0,0,0,0,0,0,0,0,BENIGN
172.217.7.228-10.42.0.42-443-49653-6,10.42.0.42,49653,172.217.7.228,443,6,08/08/2017 03:05:58,246513,2,1,0.0,0.0,0.0,0.0,0.0,0.0,0.0,0.0,0.0,0.0,0.0,12.169743583502695,123256.5,172189.69360707974,245013.0,1500.0,245013.0,245013.0,0.0,245013.0,245013.0,0,0,0,0,0,0,0,0,0,64,32,8.113162389001797,4.0565811945008985,0.0,0.0,0.0,0.0,0.0,0,0,0,0,1,1,0,0,0.0,0.0,0.0,0.0,64,0,0,0,0,0,0,2,0,1,0,259,259,0,32,0,0,0,0,0,0,0,0,BENIGN
10.42.0.42-23.208.87.120-36665-80-6,10.42.0.42,36665,23.208.87.120,80,6,08/08/2017 02:58:19,73964,7,17,372.0,21258.0,372.0,0.0,53.14285714285715,140.60278395943254,1448.0,0.0,1250.470588235294,483.70627937404566,292439.5651938781,324.4821805202531,3215.8260869565215,6969.759338822734,23474.0,1.0,73964.0,12327.333333333334,18033.792165450577,39995.0,439.0,35756.0,2234.75,7748.137311638197,31170.0,1.0,0,0,0,0,232,552,94.64063598507381,229.84154453517928,0.0,1448.0,865.2,699.707081570567,489590.0,0,0,0,1,0,0,0,0,2.0,901.25,53.142857142857146,1250.4705882352941,232,0,0,0,0,0,0,7,372,17,21258,65535,939,1,32,0,0,0,0,0,0,0,0,BENIGN
10.42.0.42-23.208.87.120-36663-80-6,10.42.0.42,36663,23.208.87.120,80,6,08/08/2017 02:58:19,70415,5,5,395.0,4341.0,395.0,0.0,79.0,176.64937022248338,1448.0,0.0,868.2,792.5554870165242,67258.39664844138,142.01519562593197,7823.88888888889,9419.69628550258,23606.0,3.0,70415.0,17603.75,16724.75666738782,32943.0,540.0,32475.0,8118.75,15375.191215613113,31172.0,3.0,0,0,0,0,168,168,71.00759781296598,71.00759781296598,0.0,1448.0,430.5454545454545,663.2039450480318,439839.4727272728,0,0,0,1,0,0,0,0,1.0,473.6,79.0,868.2,168,0,0,0,0,0,0,5,395,5,4341,65535,939,1,32,0,0,0,0,0,0,0,0,BENIGN
10.42.0.42-23.208.87.120-36668-80-6,10.42.0.42,36668,23.208.87.120,80,6,08/08/2017 02:58:20,102183,6,8,399.0,8500.0,399.0,0.0,66.5,162.89106789508133,1448.0,0.0,1062.5,658.9894861506842,87088.85039585842,137.00909153185953,7860.230769230768,9771.358299931542,25281.0,1.0,102183.0,20436.6,21709.672597715515,53644.0,3065.0,39992.0,5713.142857142858,13047.199756123553,35075.0,1.0,0,0,0,0,200,264,58.718182085082645,78.29090944677687,0.0,1448.0,593.2666666666667,704.6194988043108,496488.63809523813,0,0,0,1,0,0,0,0,1.0,635.6428571428571,66.5,1062.5,200,0,0,0,0,0,0,6,399,8,8500,65535,939,1,32,0,0,0,0,0,0,0,0,BENIGN
10.42.0.42-23.208.87.120-36669-80-6,10.42.0.42,36669,23.208.87.120,80,6,08/08/2017 02:58:20,178588,11,18,775.0,21982.0,399.0,0.0,70.45454545454545,156.8358145554539,1448.0,0.0,1221.222222222222,500.1322831547617,127427.37473962417,162.38493067843305,6378.142857142858,10860.825252439206,37369.0,2.0,178588.0,17858.8,20538.237010783352,61513.0,85.0,117699.0,6923.470588235294,20771.65322054809,81781.0,2.0,0,0,0,0,360,584,61.59428405044012,100.79064662799293,0.0,1448.0,758.5666666666668,698.1510400426571,487414.87471264374,0,0,0,1,0,0,0,0,1.0,784.7241379310345,70.45454545454545,1221.2222222222222,360,0,0,0,0,0,0,11,775,18,21982,65535,972,2,32,0,0,0,0,0,0,0,0,BENIGN
10.42.0.42-23.208.87.120-36664-80-6,10.42.0.42,36664,23.208.87.120,80,6,08/08/2017 02:58:19,1001612,5,4,377.0,1956.0,377.0,0.0,75.4,168.59952550348413,1448.0,0.0,489.0,682.7112615642624,2329.245256646286,8.985515349256998,125201.5,331289.15617370536,944732.0,3.0,1001612.0,250403.0,480283.7594096501,970519.0,311.0,975541.0,325180.3333333334,536768.4854332763,944732.0,3.0,0,0,0,0,168,136,4.991952971809443,3.993562377447555,0.0,1448.0,233.3,465.7858473113535,216956.45555555553,0,0,0,1,0,0,0,0,0.0,259.22222222222223,75.4,489.0,168,0,0,0,0,0,0,5,377,4,1956,65535,939,1,32,0,0,0,0,0,0,0,0,BENIGN
10.42.0.42-23.208.87.120-36666-80-6,10.42.0.42,36666,23.208.87.120,80,6,08/08/2017 02:58:19,1012242,11,12,1208.0,11841.0,421.0,0.0,109.81818181818183,188.46475436103069,1448.0,0.0,986.7500000000001,621.7642238019167,12891.186099766655,22.721839243975253,46010.99999999999,176502.0110485727,834386.0,0.0,1012242.0,101224.2,258126.1294392509,834386.0,2.0,979295.0,89026.81818181818,261115.81467954718,873288.0,0.0,0,0,0,0,360,392,10.866966594944687,11.854872649030566,0.0,1448.0,543.7083333333334,636.8948093589755,405634.99818840576,0,0,0,1,0,0,0,0,1.0,567.3478260869565,109.81818181818181,986.75,360,0,0,0,0,0,0,11,1208,12,11841,65535,1006,3,32,0,0,0,0,0,0,0,0,BENIGN
10.42.0.42-23.208.87.120-36677-80-6,10.42.0.42,36677,23.208.87.120,80,6,08/08/2017 02:58:20,80241,5,6,420.0,5231.0,420.0,0.0,84.0,187.82971010998233,1448.0,0.0,871.8333333333333,709.4111407827387,70425.3436522476,137.08702533617478,8024.1,10769.82250395366,24363.0,0.0,80241.0,20060.25,12756.697570949413,29973.0,1425.0,51706.0,10341.199999999999,22114.30558936907,49883.0,0.0,0,0,0,0,168,200,62.3122842437158,74.77474109245897,0.0,1448.0,470.9166666666667,646.1164345299513,417466.4469696969,0,0,0,1,0,0,0,0,1.0,513.7272727272727,84.0,871.8333333333334,168,0,0,0,0,0,0,5,420,6,5231,65535,939,1,32,0,0,0,0,0,0,0,0,BENIGN
10.42.0.42-23.208.87.120-36681-80-6,10.42.0.42,36681,23.208.87.120,80,6,08/08/2017 02:58:20,66801,5,4,415.0,1938.0,415.0,0.0,83.0,185.59364213248256,1448.0,0.0,484.5,682.6035940915244,35224.02359246119,134.72852202811336,8350.124999999998,10211.729788231625,24123.0,2.0,66801.0,16700.25,17898.086143030305,36506.0,239.0,28955.0,9651.666666666668,15842.827725293655,27936.0,2.0,0,0,0,0,168,136,74.84917890450741,59.879343123605935,0.0,1448.0,235.3,466.11492383555174,217263.1222222222,0,0,0,1,0,0,0,0,0.0,261.44444444444446,83.0,484.5,168,0,0,0,0,0,0,5,415,4,1938,65535,939,1,32,0,0,0,0,0,0,0,0,BENIGN
10.42.0.42-23.208.87.120-36680-80-6,10.42.0.42,36680,23.208.87.120,80,6,08/08/2017 02:58:20,64147,5,6,410.0,4487.0,410.0,0.0,82.0,183.35757415498276,1448.0,0.0,747.8333333333333,768.76951465746,76340.28091726816,171.4811292811823,6414.700000000001,9490.255658071364,24569.0,0.0,64147.0,16036.75,16016.120761595175,33171.0,366.0,29437.0,5887.4,12214.894731433424,27711.0,0.0,0,0,0,0,168,200,77.94596785508286,93.53516142609944,0.0,1448.0,408.08333333333326,638.1989513585489,407297.90151515155,0,0,0,1,0,0,0,0,1.0,445.1818181818182,82.0,747.8333333333334,168,0,0,0,0,0,0,5,410,6,4487,65535,939,1,32,0,0,0,0,0,0,0,0,BENIGN
10.42.0.42-23.208.87.120-36683-80-6,10.42.0.42,36683,23.208.87.120,80,6,08/08/2017 02:58:21,54459,5,4,419.0,1676.0,419.0,0.0,83.8,187.38249651448237,1448.0,0.0,419.0,694.3687780999373,38469.30718522191,165.26194017517764,6807.375000000001,10292.056131342964,23448.0,2.0,54459.0,13614.75,14967.38840223415,27196.0,124.0,28454.0,9484.666666666668,15251.709062702885,27078.0,2.0,0,0,0,0,168,136,91.8121889862098,73.44975118896785,0.0,1448.0,209.5,457.69306794449534,209482.9444444444,0,0,0,1,0,0,0,0,0.0,232.77777777777777,83.8,419.0,168,0,0,0,0,0,0,5,419,4,1676,65535,939,1,32,0,0,0,0,0,0,0,0,BENIGN
10.42.0.42-23.208.87.120-36683-80-6,10.42.0.42,36683,23.208.87.120,80,6,08/08/2017 03:06:41,226685,1,1,0.0,0.0,0.0,0.0,0.0,0.0,0.0,0.0,0.0,0.0,0.0,8.8228158016631,226685.0,0.0,226685.0,226685.0,0,0,0,0,0,0,0,0,0,0,0,0,0,0,32,32,4.41140790083155,4.41140790083155,0.0,0.0,0.0,0.0,0.0,0,0,0,0,1,1,0,0,1.0,0.0,0.0,0.0,32,0,0,0,0,0,0,1,0,1,0,939,939,0,32,0,0,0,0,0,0,0,0,BENIGN
10.42.0.42-23.208.87.120-36690-80-6,10.42.0.42,36690,23.208.87.120,80,6,08/08/2017 02:58:21,81827,11,17,430.0,21257.0,430.0,0.0,39.09090909090909,129.64987816843836,1448.0,0.0,1250.4117647058822,483.7405113828499,265034.76847495325,342.1853422464468,3030.62962962963,7099.754628198553,24715.0,1.0,81827.0,8182.699999999999,16470.729991580687,41339.0,1.0,47780.0,2986.2500000000005,10563.958579371023,42468.0,1.0,0,0,0,0,360,552,134.42995588253265,207.7553863639141,0.0,1448.0,747.8275862068965,714.4139490802193,510387.290640394,0,0,0,1,0,0,0,0,1.0,774.5357142857143,39.09090909090909,1250.4117647058824,360,0,0,0,0,0,0,11,430,17,21257,65535,939,1,32,0,0,0,0,0,0,0,0,BENIGN
10.42.0.42-23.208.87.120-36662-80-6,10.42.0.42,36662,23.208.87.120,80,6,08/08/2017 02:58:19,5051589,11,14,946.0,14456.0,552.0,0.0,86.0,194.572351581616,1448.0,0.0,1032.5714285714284,628.0555725394069,3048.9416300494754,4.948937849060959,210482.875,823105.4201610807,3952202.0,2.0,5051589.0,505158.89999999997,1253778.5854476015,3952202.0,2.0,5023271.0,386405.4615384615,1114971.6900159107,3979178.0,2.0,0,0,0,0,360,456,2.177532653586822,2.771405195474137,0.0,1448.0,592.3846153846154,675.0047156530435,455631.3661538461,0,0,0,1,0,0,0,0,1.0,616.08,86.0,1032.5714285714287,360,0,0,0,0,0,0,11,946,14,14456,65535,973,2,32,0,0,0,0,0,0,0,0,BENIGN
8.0.6.4-8.6.0.1-0-0-0,8.6.0.1,0,8.0.6.4,0,0,08/08/2017 03:04:43,56757305,4,0,0.0,0.0,0.0,0.0,0.0,0.0,0,0,0,0,0.0,0.07047550971632638,1.8919101666666664E7,3.2589209615621738E7,5.6549773E7,26212.0,5.6757305E7,1.8919101666666664E7,3.2589209615621738E7,5.6549773E7,26212.0,0,0,0,0,0,0,0,0,0,0,0,0.07047550971632638,0.0,0.0,0.0,0.0,0.0,0.0,0,0,0,0,0,0,0,0,0.0,0.0,0.0,0.0,0,0,0,0,0,0,0,4,0,0,0,-1,-1,0,0,26212.0,0.0,26212.0,26212.0,5.6549773E7,0.0,5.6549773E7,5.6549773E7,BENIGN
10.42.0.42-23.208.87.120-36725-80-6,10.42.0.42,36725,23.208.87.120,80,6,08/08/2017 02:58:25,54391,4,3,583.0,766.0,583.0,0.0,145.75,291.5,766.0,0.0,255.33333333333334,442.2503061992534,24801.897372727104,128.697762497472,9065.166666666666,11409.718215918685,24226.0,581.0,54391.0,18130.333333333332,15205.841454300822,27388.0,581.0,27939.0,13969.5,17142.389696305472,26091.0,1848.0,0,0,0,0,136,104,73.541578569984,55.156183927488,0.0,766.0,168.625,316.04020426883307,99881.41071428572,0,0,0,1,0,0,0,0,0.0,192.71428571428572,145.75,255.33333333333334,136,0,0,0,0,0,0,4,583,3,766,65535,942,1,32,0,0,0,0,0,0,0,0,BENIGN
10.42.0.42-23.208.87.120-36725-80-6,10.42.0.42,36725,23.208.87.120,80,6,08/08/2017 03:06:45,227062,2,1,0.0,0.0,0.0,0.0,0.0,0.0,0.0,0.0,0.0,0.0,0.0,13.212250398569553,113531.0,140695.8646798121,213018.0,14044.0,213018.0,213018.0,0.0,213018.0,213018.0,0,0,0,0,0,0,0,0,0,64,32,8.808166932379702,4.404083466189851,0.0,0.0,0.0,0.0,0.0,0,0,0,0,1,1,0,0,0.0,0.0,0.0,0.0,64,0,0,0,0,0,0,2,0,1,0,942,942,0,32,0,0,0,0,0,0,0,0,BENIGN
10.42.0.42-23.208.87.120-36717-80-6,10.42.0.42,36717,23.208.87.120,80,6,08/08/2017 02:58:25,6484217,8,13,1180.0,13339.0,628.0,0.0,147.5,273.87118974333276,1448.0,0.0,1026.0769230769229,647.4890554465587,2239.1292580121853,3.2386331302607547,324210.85,1044595.8017240461,4610720.0,2.0,6484217.0,926316.7142857143,1680032.2228425376,4610720.0,133.0,6451105.0,537592.0833333334,1335177.9026168936,4637053.0,2.0,0,0,0,0,264,424,1.2337650020040971,2.004868128256658,0.0,1448.0,659.9545454545454,684.3472021376233,468331.0930735931,0,0,0,1,0,0,0,0,1.0,691.3809523809524,147.5,1026.076923076923,264,0,0,0,0,0,0,8,1180,13,13339,65535,979,2,32,0,0,0,0,0,0,0,0,BENIGN
10.42.0.42-104.97.95.172-33392-80-6,10.42.0.42,33392,104.97.95.172,80,6,08/08/2017 02:58:34,817647,7,6,568.0,4604.0,568.0,0.0,81.14285714285714,214.68382066924107,1448.0,0.0,767.3333333333333,751.6527567079539,6325.468080968926,15.899281719372786,68137.25000000001,218583.74369984816,761677.0,1.0,817647.0,136274.50000000003,319355.754344117,787835.0,1.0,790264.0,158052.80000000002,337657.9947686712,761677.0,1.0,0,0,0,0,232,200,8.561151695046885,7.338130024325901,0.0,1448.0,369.4285714285715,605.7196246913779,366896.26373626373,0,0,0,1,0,0,0,0,0.0,397.84615384615387,81.14285714285714,767.3333333333334,232,0,0,0,0,0,0,7,568,6,4604,65535,941,1,32,0,0,0,0,0,0,0,0,BENIGN
10.42.0.42-104.97.95.172-33392-80-6,10.42.0.42,33392,104.97.95.172,80,6,08/08/2017 03:06:55,228531,1,1,0.0,0.0,0.0,0.0,0.0,0.0,0.0,0.0,0.0,0.0,0.0,8.751547930040125,228531.0,0.0,228531.0,228531.0,0,0,0,0,0,0,0,0,0,0,0,0,0,0,32,32,4.375773965020063,4.375773965020063,0.0,0.0,0.0,0.0,0.0,0,0,0,0,1,1,0,0,1.0,0.0,0.0,0.0,32,0,0,0,0,0,0,1,0,1,0,941,941,0,32,0,0,0,0,0,0,0,0,BENIGN
10.42.0.42-23.208.87.120-36682-80-6,10.42.0.42,36682,23.208.87.120,80,6,08/08/2017 02:58:21,20590330,8,7,1158.0,4051.0,691.0,0.0,144.75,274.62949066489045,1433.0,0.0,578.7142857142857,611.0318361279589,252.982832232412,0.7284973091737723,1470737.8571428568,5214510.174221203,1.957044E7,122.0,2.059033E7,2941475.714285714,7340718.034285128,1.957044E7,122.0,2.0564463E7,3427410.5,7948171.861250403,1.9636416E7,170.0,0,0,0,0,264,232,0.38853189822601186,0.3399654109477604,0.0,1433.0,325.5625,488.82484507916195,238949.7291666667,0,0,0,1,0,0,0,0,0.0,347.26666666666665,144.75,578.7142857142857,264,0,0,0,0,0,0,8,1158,7,4051,65535,982,2,32,57553.0,0.0,57553.0,57553.0,1.957044E7,0.0,1.957044E7,1.957044E7,BENIGN
10.42.0.42-23.208.168.108-60736-80-6,10.42.0.42,60736,23.208.168.108,80,6,08/08/2017 02:58:39,4446799,13,11,2850.0,9271.0,826.0,0.0,219.23076923076925,358.11477532725775,1448.0,0.0,842.8181818181818,623.6821014237651,2725.780949397533,5.397140729769886,193339.08695652167,678285.853042795,3197662.0,3.0,4446799.0,370566.58333333326,921204.4089658295,3197662.0,121.0,4413433.0,441343.29999999993,1015480.5206440774,3226056.0,3.0,0,0,0,0,424,360,2.9234512286253547,2.473689501144531,0.0,1448.0,484.8399999999999,577.0101587782777,332940.7233333333,0,0,0,1,0,0,0,0,0.0,505.0416666666667,219.23076923076923,842.8181818181819,424,0,0,0,0,0,0,13,2850,11,9271,65535,1094,4,32,0,0,0,0,0,0,0,0,BENIGN
10.42.0.42-23.208.168.108-60736-80-6,10.42.0.42,60736,23.208.168.108,80,6,08/08/2017 03:07:03,150825,1,1,0.0,0.0,0.0,0.0,0.0,0.0,0.0,0.0,0.0,0.0,0.0,13.260401127134097,150825.0,0.0,150825.0,150825.0,0,0,0,0,0,0,0,0,0,0,0,0,0,0,32,32,6.6302005635670485,6.6302005635670485,0.0,0.0,0.0,0.0,0.0,0,0,0,0,1,1,0,0,1.0,0.0,0.0,0.0,32,0,0,0,0,0,0,1,0,1,0,1094,1094,0,32,0,0,0,0,0,0,0,0,BENIGN
172.217.10.110-10.42.0.42-443-58493-6,10.42.0.42,58493,172.217.10.110,443,6,08/08/2017 03:03:11,332976,14,17,1578.0,5907.0,816.0,0.0,112.71428571428572,218.75466714016503,1418.0,0.0,347.47058823529414,541.1745464320012,22479.097592619288,93.099802988804,11099.2,18371.648232703752,76674.0,1.0,256302.0,19715.538461538465,26456.50339272427,71071.0,122.0,295849.0,18490.5625,30306.691978216626,90363.0,1.0,0,0,0,0,456,552,42.04507231752439,51.054730671279614,0.0,1418.0,233.90625000000006,432.0841733538769,186696.73286290315,0,0,0,1,0,0,0,0,1.0,241.4516129032258,112.71428571428571,347.47058823529414,456,0,0,0,0,0,0,14,1578,17,5907,65535,181,9,32,0,0,0,0,0,0,0,0,BENIGN
172.217.10.110-10.42.0.42-443-58493-6,10.42.0.42,58493,172.217.10.110,443,6,08/08/2017 03:07:11,212,1,1,55.0,0.0,55.0,55.0,55.0,0.0,0.0,0.0,0.0,0.0,259433.96226415093,9433.962264150943,212.0,0.0,212.0,212.0,0,0,0,0,0,0,0,0,0,0,1,0,0,0,32,32,4716.981132075472,4716.981132075472,0.0,55.0,36.66666666666667,31.754264805429415,1008.3333333333333,0,1,0,0,1,0,0,0,1.0,55.0,55.0,0.0,32,0,0,0,0,0,0,1,55,1,0,181,181,0,32,0,0,0,0,0,0,0,0,BENIGN
10.42.0.42-23.208.87.120-36678-80-6,10.42.0.42,36678,23.208.87.120,80,6,08/08/2017 02:58:20,60848774,27,37,3290.0,45188.0,432.0,0.0,121.85185185185185,191.70323694223595,1448.0,0.0,1221.2972972972973,451.09680316515863,796.6964133081794,1.0517878305978687,965853.5555555554,4563704.05583635,3.091796E7,1.0,6.0848774E7,2340337.4615384615,6950303.353630471,3.091796E7,2.0,6.0818141E7,1689392.8055555555,5987445.273445571,3.1009088E7,1.0,0,0,0,0,872,1192,0.4437229910334759,0.6080648395643928,0.0,1448.0,745.8153846153847,658.0548963685441,433036.24663461524,0,0,0,1,0,0,0,0,1.0,757.46875,121.85185185185185,1221.2972972972973,872,0,0,0,0,0,0,27,3290,37,45188,65535,1173,8,32,878184.0,1424233.2416047591,2522436.0,28366.0,1.9390871666666668E7,1.0469861150172066E7,3.091796E7,1.0470958E7,BENIGN
10.42.0.42-23.208.87.120-36679-80-6,10.42.0.42,36679,23.208.87.120,80,6,08/08/2017 02:58:20,61912438,13,21,1267.0,24682.0,425.0,0.0,97.46153846153847,185.2082680770558,1448.0,0.0,1175.3333333333333,564.5193826019911,419.1241830922568,0.5491626739040708,1876134.484848485,9105600.742583835,5.1635794E7,1.0,6.1912438E7,5159369.833333334,1.4923779082079206E7,5.1635794E7,1.0,6.1885696E7,3094284.8,1.1656130890417263E7,5.1663017E7,1.0,0,0,0,0,424,680,0.20997396355155648,0.3391887103525143,0.0,1448.0,741.4000000000001,700.4145915099142,490580.6,0,0,0,1,0,0,0,0,1.0,763.2058823529412,97.46153846153847,1175.3333333333333,424,0,0,0,0,0,0,13,1267,21,24682,65535,1006,3,32,48154.5,28767.225179012312,68496.0,27813.0,3.0894341E7,2.933284413592412E7,5.1635794E7,1.0152888E7,BENIGN
10.42.0.42-23.208.87.120-36684-80-6,10.42.0.42,36684,23.208.87.120,80,6,08/08/2017 02:58:21,61269939,17,13,2027.0,11150.0,425.0,0.0,119.23529411764706,190.93013428076407,1448.0,0.0,857.6923076923077,657.1740490686092,215.0646828618517,0.4896365246911703,2112756.5172413792,1.0456017030942798E7,5.6409682E7,3.0,6.1269939E7,3829371.1875,1.4038081903337114E7,5.6409682E7,4.0,6.124385E7,5103654.166666666,1.618569351606456E7,5.6439851E7,3.0,0,0,0,0,552,424,0.2774606973249965,0.2121758273661738,0.0,1448.0,425.0645161290322,576.4745114622079,332322.86236559134,0,0,0,1,0,0,0,0,0.0,439.23333333333335,119.23529411764706,857.6923076923077,552,0,0,0,0,0,0,17,2027,13,11150,65535,1073,5,32,4832368.0,0.0,4832368.0,4832368.0,5.6409682E7,0.0,5.6409682E7,5.6409682E7,BENIGN
10.42.0.42-104.97.95.172-33397-80-6,10.42.0.42,33397,104.97.95.172,80,6,08/08/2017 02:58:35,58170696,15,24,1794.0,26661.0,633.0,0.0,119.6,248.12836539639258,1448.0,0.0,1110.8749999999998,544.7504664084042,489.16382227917643,0.6704406631132624,1530807.7894736845,7204645.122400264,4.2266008E7,0.0,5.8170696E7,4155049.7142857146,1.1661974113237502E7,4.2266008E7,2.0,5.8136875E7,2527690.2173913037,9216393.2914259,4.2310929E7,0.0,0,0,0,0,488,776,0.2578617935051009,0.4125788696081615,0.0,1448.0,711.375,665.5765454254777,442992.13782051293,0,0,0,1,0,0,0,0,1.0,729.6153846153846,119.6,1110.875,488,0,0,0,0,0,0,15,1794,24,26661,65535,1018,3,32,63741.0,10056.472642035078,70852.0,56630.0,2.85923225E7,1.9337511481724337E7,4.2266008E7,1.4918637E7,BENIGN
10.42.0.42-23.208.87.120-36757-80-6,10.42.0.42,36757,23.208.87.120,80,6,08/08/2017 02:58:27,68575863,26,42,2488.0,54831.0,653.0,0.0,95.69230769230771,229.0852713259007,1448.0,0.0,1305.5,382.7929612982875,835.8480300860377,0.9916025409698453,1023520.3432835822,5762098.643446007,4.4320633E7,1.0,6.8575863E7,2743034.519999999,9294715.21841241,4.4320633E7,1.0,6.8548569E7,1671916.3170731706,7333556.407605648,4.4350598E7,1.0,0,0,0,0,840,1352,0.37914214801788204,0.6124603929519633,0.0,1448.0,830.7101449275364,680.8756062740803,463591.5912190963,0,0,0,1,0,0,0,0,1.0,842.9264705882352,95.6923076923077,1305.5,840,0,0,0,0,0,0,26,2488,42,54831,65535,1064,4,32,52616.333333333336,33130.06936807307,90357.0,28330.0,2.2795797666666668E7,1.874242887997608E7,4.4320633E7,1.0086655E7,BENIGN
10.42.0.42-23.208.87.120-36757-80-6,10.42.0.42,36757,23.208.87.120,80,6,08/08/2017 03:07:56,229102,2,1,0.0,0.0,0.0,0.0,0.0,0.0,0.0,0.0,0.0,0.0,0.0,13.094604150116542,114551.0,132859.70733070277,208497.0,20605.0,208497.0,208497.0,0.0,208497.0,208497.0,0,0,0,0,0,0,0,0,0,64,32,8.729736100077695,4.364868050038847,0.0,0.0,0.0,0.0,0.0,0,0,0,0,1,1,0,0,0.0,0.0,0.0,0.0,64,0,0,0,0,0,0,2,0,1,0,1064,1064,0,32,0,0,0,0,0,0,0,0,BENIGN
10.42.0.42-23.208.168.108-60788-80-6,10.42.0.42,60788,23.208.168.108,80,6,08/08/2017 02:58:43,53858995,8,6,1626.0,5109.0,816.0,0.0,203.25,376.3492868523677,1448.0,0.0,851.5,696.9280450663468,125.04874998131696,0.25993801035463066,4142999.6153846155,1.4898266107938118E7,5.37274E7,2.0,5.3858995E7,7694142.142857143,2.029876634558676E7,5.37274E7,2.0,5.383302E7,1.0766604E7,2.403149938901568E7,5.3755417E7,3.0,0,0,0,0,264,200,0.1485360059169318,0.11140200443769885,0.0,1448.0,449.00000000000006,602.1863736181919,362628.4285714285,0,0,0,1,0,0,0,0,0.0,481.07142857142856,203.25,851.5,264,0,0,0,0,0,0,8,1626,6,5109,65535,1007,2,32,104807.0,0.0,104807.0,104807.0,5.37274E7,0.0,5.37274E7,5.37274E7,BENIGN
10.42.0.42-23.208.87.120-36719-80-6,10.42.0.42,36719,23.208.87.120,80,6,08/08/2017 02:58:25,74444849,67,145,6574.0,189469.0,756.0,0.0,98.11940298507466,224.8684815881483,1448.0,0.0,1306.6827586206896,400.6776326745361,2633.399122080293,2.847745718444536,352819.1895734595,3106698.828076776,4.2227934E7,0.0,7.4444849E7,1127952.2575757578,5505048.226054261,4.2227934E7,1.0,7.4418517E7,516795.2569444443,3758468.177852583,4.2265337E7,0.0,0,0,0,0,2152,4648,0.8999951091310562,1.9477506093134798,0.0,1448.0,920.3896713615023,666.7310943378649,444530.3521569669,0,0,0,1,0,0,0,0,2.0,924.7311320754717,98.11940298507463,1306.6827586206896,2152,0,0,0,0,0,0,67,6574,145,189469,65535,1319,11,32,7442547.0,9198496.143801007,1.3946866E7,938228.0,2.8855864E7,1.8910962751002394E7,4.2227934E7,1.5483794E7,BENIGN
10.42.0.42-23.208.87.120-36667-80-6,10.42.0.42,36667,23.208.87.120,80,6,08/08/2017 02:58:20,80092098,27,40,2528.0,50625.0,491.0,0.0,93.62962962962962,179.27978738620303,1448.0,0.0,1265.6249999999995,411.51388346209086,663.6484912656427,0.8365369577408249,1213516.6363636365,7417830.232704154,5.6128589E7,0.0,8.0092098E7,3080465.3076923075,1.1708197776614087E7,5.6128589E7,1.0,8.0066644E7,2052990.8717948718,9618503.479189493,5.6158447E7,0.0,0,0,0,0,872,1288,0.3371119083433175,0.4994250493975074,0.0,1448.0,781.6617647058827,671.3916180478418,450766.70478489914,0,0,0,1,0,0,0,0,1.0,793.3283582089553,93.62962962962963,1265.625,872,0,0,0,0,0,0,27,2528,40,50625,65535,1106,6,32,536092.0,717407.9127748732,1043376.0,28808.0,3.9495525E7,2.352270469261968E7,5.6128589E7,2.2862461E7,BENIGN
10.42.0.42-23.208.87.120-36667-80-6,10.42.0.42,36667,23.208.87.120,80,6,08/08/2017 03:08:00,230509,2,1,0.0,0.0,0.0,0.0,0.0,0.0,0.0,0.0,0.0,0.0,0.0,13.01467621654686,115254.5,145186.69984712786,217917.0,12592.0,217917.0,217917.0,0.0,217917.0,217917.0,0,0,0,0,0,0,0,0,0,64,32,8.67645081103124,4.33822540551562,0.0,0.0,0.0,0.0,0.0,0,0,0,0,1,1,0,0,0.0,0.0,0.0,0.0,64,0,0,0,0,0,0,2,0,1,0,1106,1106,0,32,0,0,0,0,0,0,0,0,BENIGN
10.42.0.1-10.42.0.42-53-24147-17,10.42.0.42,24147,10.42.0.1,53,17,08/08/2017 02:58:23,960029,1,1,39.0,139.0,39.0,39.0,39.0,0.0,139.0,139.0,139.0,0.0,185.4110657073901,2.0832704012066303,960029.0,0.0,960029.0,960029.0,0,0,0,0,0,0,0,0,0,0,0,0,0,0,32,20,1.0416352006033152,1.0416352006033152,39.0,139.0,72.33333333333334,57.735026918962575,3333.3333333333335,0,0,0,0,0,0,0,0,1.0,108.5,39.0,139.0,32,0,0,0,0,0,0,1,39,1,139,-1,-1,0,32,0,0,0,0,0,0,0,0,BENIGN
10.42.0.1-10.42.0.42-53-63796-17,10.42.0.42,63796,10.42.0.1,53,17,08/08/2017 02:58:39,30933,1,1,32.0,48.0,32.0,32.0,32.0,0.0,48.0,48.0,48.0,0.0,2586.2347654608348,64.65586913652088,30933.0,0.0,30933.0,30933.0,0,0,0,0,0,0,0,0,0,0,0,0,0,0,32,32,32.32793456826044,32.32793456826044,32.0,48.0,37.333333333333336,9.237604307034012,85.33333333333333,0,0,0,0,0,0,0,0,1.0,56.0,32.0,48.0,32,0,0,0,0,0,0,1,32,1,48,-1,-1,0,32,0,0,0,0,0,0,0,0,BENIGN
10.42.0.1-10.42.0.42-53-18375-17,10.42.0.42,18375,10.42.0.1,53,17,08/08/2017 02:57:15,60830,1,1,31.0,78.0,31.0,31.0,31.0,0.0,78.0,78.0,78.0,0.0,1791.8790070688804,32.87851389117212,60830.0,0.0,60830.0,60830.0,0,0,0,0,0,0,0,0,0,0,0,0,0,0,40,32,16.43925694558606,16.43925694558606,31.0,78.0,46.666666666666664,27.13546265191241,736.3333333333333,0,0,0,0,0,0,0,0,1.0,70.0,31.0,78.0,40,0,0,0,0,0,0,1,31,1,78,-1,-1,0,40,0,0,0,0,0,0,0,0,BENIGN
208.80.154.224-10.42.0.42-443-55833-6,208.80.154.224,443,10.42.0.42,55833,6,08/08/2017 03:04:48,98328,1,3,0.0,0.0,0.0,0.0,0.0,0.0,0.0,0.0,0.0,0.0,0.0,40.68017248393133,32776.0,56558.38933350206,98084.0,106.0,0,0,0,0,0,244.0,122.0,22.627416997969522,138.0,106.0,0,0,0,0,32,108,10.170043120982832,30.5101293629485,0.0,0.0,0.0,0.0,0.0,0,0,0,0,1,1,0,0,3.0,0.0,0.0,0.0,32,0,0,0,0,0,0,1,0,3,0,59,1550,0,32,0,0,0,0,0,0,0,0,BENIGN
10.42.0.1-10.42.0.42-53-60290-17,10.42.0.42,60290,10.42.0.1,53,17,08/08/2017 02:58:39,1142412,1,1,37.0,182.0,37.0,37.0,37.0,0.0,182.0,182.0,182.0,0.0,191.69966702030442,1.7506818905963872,1142412.0,0.0,1142412.0,1142412.0,0,0,0,0,0,0,0,0,0,0,0,0,0,0,20,20,0.8753409452981936,0.8753409452981936,37.0,182.0,85.33333333333334,83.71578903249574,7008.333333333334,0,0,0,0,0,0,0,0,1.0,128.0,37.0,182.0,20,0,0,0,0,0,0,1,37,1,182,-1,-1,0,20,0,0,0,0,0,0,0,0,BENIGN
222.73.28.96-10.42.0.42-80-37014-6,222.73.28.96,80,10.42.0.42,37014,6,08/08/2017 02:59:27,2055,1,1,0.0,0.0,0.0,0.0,0.0,0.0,0.0,0.0,0.0,0.0,0.0,973.2360097323601,2055.0,0.0,2055.0,2055.0,0,0,0,0,0,0,0,0,0,0,0,0,0,0,20,20,486.61800486618006,486.61800486618006,0.0,0.0,0.0,0.0,0.0,0,0,0,0,1,1,0,0,1.0,0.0,0.0,0.0,20,0,0,0,0,0,0,1,0,1,0,58,1369,0,20,0,0,0,0,0,0,0,0,BENIGN
10.42.0.1-10.42.0.42-53-41070-17,10.42.0.42,41070,10.42.0.1,53,17,08/08/2017 02:59:31,1744622,1,1,29.0,84.0,29.0,29.0,29.0,0.0,84.0,84.0,84.0,0.0,64.77047750171671,1.146380132773747,1744622.0,0.0,1744622.0,1744622.0,0,0,0,0,0,0,0,0,0,0,0,0,0,0,20,40,0.5731900663868735,0.5731900663868735,29.0,84.0,47.33333333333333,31.754264805429415,1008.3333333333333,0,0,0,0,0,0,0,0,1.0,71.0,29.0,84.0,20,0,0,0,0,0,0,1,29,1,84,-1,-1,0,20,0,0,0,0,0,0,0,0,BENIGN
10.42.0.42-115.236.16.203-58172-443-6,10.42.0.42,58172,115.236.16.203,443,6,08/08/2017 02:58:43,338847,1,1,0.0,0.0,0.0,0.0,0.0,0.0,0.0,0.0,0.0,0.0,0.0,5.902368915764342,338847.0,0.0,338847.0,338847.0,0,0,0,0,0,0,0,0,0,0,0,0,0,0,32,20,2.951184457882171,2.951184457882171,0.0,0.0,0.0,0.0,0.0,0,0,0,0,1,1,0,0,1.0,0.0,0.0,0.0,32,0,0,0,0,0,0,1,0,1,0,1505,0,0,32,0,0,0,0,0,0,0,0,BENIGN
10.42.0.1-10.42.0.42-53-19987-17,10.42.0.42,19987,10.42.0.1,53,17,08/08/2017 02:58:21,390694,1,1,29.0,67.0,29.0,29.0,29.0,0.0,67.0,67.0,67.0,0.0,245.716596620373,5.119095762924437,390694.0,0.0,390694.0,390694.0,0,0,0,0,0,0,0,0,0,0,0,0,0,0,40,32,2.5595478814622186,2.5595478814622186,29.0,67.0,41.666666666666664,21.939310229205777,481.3333333333333,0,0,0,0,0,0,0,0,1.0,62.5,29.0,67.0,40,0,0,0,0,0,0,1,29,1,67,-1,-1,0,40,0,0,0,0,0,0,0,0,BENIGN
10.42.0.1-10.42.0.42-53-18248-17,10.42.0.42,18248,10.42.0.1,53,17,08/08/2017 02:57:18,39887,1,1,29.0,61.0,29.0,29.0,29.0,0.0,61.0,61.0,61.0,0.0,2256.374257276807,50.14165016170682,39887.0,0.0,39887.0,39887.0,0,0,0,0,0,0,0,0,0,0,0,0,0,0,20,20,25.07082508085341,25.07082508085341,29.0,61.0,39.666666666666664,18.475208614068023,341.3333333333333,0,0,0,0,0,0,0,0,1.0,59.5,29.0,61.0,20,0,0,0,0,0,0,1,29,1,61,-1,-1,0,20,0,0,0,0,0,0,0,0,BENIGN
10.42.0.1-10.42.0.42-53-11296-17,10.42.0.42,11296,10.42.0.1,53,17,08/08/2017 02:57:10,71468,1,1,31.0,74.0,31.0,31.0,31.0,0.0,74.0,74.0,74.0,0.0,1469.1890076677673,27.984552527005093,71468.0,0.0,71468.0,71468.0,0,0,0,0,0,0,0,0,0,0,0,0,0,0,-1,-1,13.992276263502546,13.992276263502546,31.0,74.0,45.333333333333336,24.826061575153908,616.3333333333334,0,0,0,0,0,0,0,0,1.0,68.0,31.0,74.0,-1,0,0,0,0,0,0,1,31,1,74,-1,-1,0,-1,0,0,0,0,0,0,0,0,BENIGN
180.149.136.194-10.42.0.42-80-55804-6,10.42.0.42,55804,180.149.136.194,80,6,08/08/2017 02:59:30,258120,1,1,0.0,0.0,0.0,0.0,0.0,0.0,0.0,0.0,0.0,0.0,0.0,7.748334108166744,258120.0,0.0,258120.0,258120.0,0,0,0,0,0,0,0,0,0,0,0,0,0,0,20,20,3.874167054083372,3.874167054083372,0.0,0.0,0.0,0.0,0.0,0,0,0,0,1,1,0,0,1.0,0.0,0.0,0.0,20,0,0,0,0,0,0,1,0,1,0,1386,126,0,20,0,0,0,0,0,0,0,0,BENIGN
10.42.0.1-10.42.0.42-53-54930-17,10.42.0.42,54930,10.42.0.1,53,17,08/08/2017 02:58:23,46380,1,1,42.0,106.0,42.0,42.0,42.0,0.0,106.0,106.0,106.0,0.0,3191.030616645106,43.122035360069,46380.0,0.0,46380.0,46380.0,0,0,0,0,0,0,0,0,0,0,0,0,0,0,20,20,21.5610176800345,21.5610176800345,42.0,106.0,63.33333333333333,36.95041722813605,1365.3333333333333,0,0,0,0,0,0,0,0,1.0,95.0,42.0,106.0,20,0,0,0,0,0,0,1,42,1,106,-1,-1,0,20,0,0,0,0,0,0,0,0,BENIGN
10.42.0.1-10.42.0.42-53-35058-17,10.42.0.42,35058,10.42.0.1,53,17,08/08/2017 02:58:24,48071,1,1,37.0,53.0,37.0,37.0,37.0,0.0,53.0,53.0,53.0,0.0,1872.2306588171662,41.60512575149258,48071.0,0.0,48071.0,48071.0,0,0,0,0,0,0,0,0,0,0,0,0,0,0,32,40,20.80256287574629,20.80256287574629,37.0,53.0,42.333333333333336,9.237604307034012,85.33333333333333,0,0,0,0,0,0,0,0,1.0,63.5,37.0,53.0,32,0,0,0,0,0,0,1,37,1,53,-1,-1,0,32,0,0,0,0,0,0,0,0,BENIGN
10.42.0.42-123.125.29.220-44912-80-6,10.42.0.42,44912,123.125.29.220,80,6,08/08/2017 02:58:32,311115,1,1,0.0,0.0,0.0,0.0,0.0,0.0,0.0,0.0,0.0,0.0,0.0,6.428491072433023,311115.0,0.0,311115.0,311115.0,0,0,0,0,0,0,0,0,0,0,0,0,0,0,20,20,3.2142455362165117,3.2142455362165117,0.0,0.0,0.0,0.0,0.0,0,0,0,0,1,1,0,0,1.0,0.0,0.0,0.0,20,0,0,0,0,0,0,1,0,1,0,1386,137,0,20,0,0,0,0,0,0,0,0,BENIGN
10.42.0.1-10.42.0.42-53-7523-17,10.42.0.42,7523,10.42.0.1,53,17,08/08/2017 02:58:25,749932,1,1,31.0,85.0,31.0,31.0,31.0,0.0,85.0,85.0,85.0,0.0,154.6806910493218,2.6669084663676172,749932.0,0.0,749932.0,749932.0,0,0,0,0,0,0,0,0,0,0,0,0,0,0,20,40,1.3334542331838086,1.3334542331838086,31.0,85.0,49.0,31.176914536239792,972.0,0,0,0,0,0,0,0,0,1.0,73.5,31.0,85.0,20,0,0,0,0,0,0,1,31,1,85,-1,-1,0,20,0,0,0,0,0,0,0,0,BENIGN
10.42.0.1-10.42.0.42-53-27275-17,10.42.0.42,27275,10.42.0.1,53,17,08/08/2017 02:58:25,303362,1,1,32.0,217.0,32.0,32.0,32.0,0.0,217.0,217.0,217.0,0.0,820.8015506226883,6.592783539138059,303362.0,0.0,303362.0,303362.0,0,0,0,0,0,0,0,0,0,0,0,0,0,0,20,20,3.2963917695690297,3.2963917695690297,32.0,217.0,93.66666666666666,106.80979980008077,11408.333333333332,0,0,0,0,0,0,0,0,1.0,140.5,32.0,217.0,20,0,0,0,0,0,0,1,32,1,217,-1,-1,0,20,0,0,0,0,0,0,0,0,BENIGN
10.42.0.42-31.13.80.5-41389-443-6,10.42.0.42,41389,31.13.80.5,443,6,08/08/2017 02:57:34,122,2,0,0.0,0.0,0.0,0.0,0.0,0.0,0,0,0,0,0.0,16393.44262295082,122.0,0.0,122.0,122.0,122.0,122.0,0.0,122.0,122.0,0,0,0,0,0,0,0,0,0,40,0,16393.44262295082,0.0,0.0,0.0,0.0,0.0,0.0,1,0,0,0,0,0,0,0,0.0,0.0,0.0,0.0,40,0,0,0,0,0,0,2,0,0,0,0,-1,0,20,0,0,0,0,0,0,0,0,BENIGN
10.42.0.1-10.42.0.42-53-47441-17,10.42.0.42,47441,10.42.0.1,53,17,08/08/2017 02:59:38,2799890,1,1,39.0,185.0,39.0,39.0,39.0,0.0,185.0,185.0,185.0,0.0,80.0031429806171,0.7143137766126526,2799890.0,0.0,2799890.0,2799890.0,0,0,0,0,0,0,0,0,0,0,0,0,0,0,40,20,0.3571568883063263,0.3571568883063263,39.0,185.0,87.66666666666666,84.29313930168536,7105.333333333333,0,0,0,0,0,0,0,0,1.0,131.5,39.0,185.0,40,0,0,0,0,0,0,1,39,1,185,-1,-1,0,40,0,0,0,0,0,0,0,0,BENIGN
10.42.0.1-10.42.0.42-53-7752-17,10.42.0.42,7752,10.42.0.1,53,17,08/08/2017 02:57:15,43727,1,1,31.0,78.0,31.0,31.0,31.0,0.0,78.0,78.0,78.0,0.0,2492.739039952432,45.73833100830151,43727.0,0.0,43727.0,43727.0,0,0,0,0,0,0,0,0,0,0,0,0,0,0,20,32,22.869165504150754,22.869165504150754,31.0,78.0,46.666666666666664,27.13546265191241,736.3333333333333,0,0,0,0,0,0,0,0,1.0,70.0,31.0,78.0,20,0,0,0,0,0,0,1,31,1,78,-1,-1,0,20,0,0,0,0,0,0,0,0,BENIGN
10.42.0.1-10.42.0.42-53-29011-17,10.42.0.42,29011,10.42.0.1,53,17,08/08/2017 02:58:20,1207043,1,1,32.0,217.0,32.0,32.0,32.0,0.0,217.0,217.0,217.0,0.0,206.28925398680906,1.656941799090836,1207043.0,0.0,1207043.0,1207043.0,0,0,0,0,0,0,0,0,0,0,0,0,0,0,20,32,0.828470899545418,0.828470899545418,32.0,217.0,93.66666666666666,106.80979980008077,11408.333333333332,0,0,0,0,0,0,0,0,1.0,140.5,32.0,217.0,20,0,0,0,0,0,0,1,32,1,217,-1,-1,0,20,0,0,0,0,0,0,0,0,BENIGN
180.149.136.194-10.42.0.42-80-55815-6,10.42.0.42,55815,180.149.136.194,80,6,08/08/2017 02:59:37,258545,1,1,0.0,0.0,0.0,0.0,0.0,0.0,0.0,0.0,0.0,0.0,0.0,7.735597284805352,258545.0,0.0,258545.0,258545.0,0,0,0,0,0,0,0,0,0,0,0,0,0,0,20,20,3.867798642402676,3.867798642402676,0.0,0.0,0.0,0.0,0.0,0,0,0,0,1,1,0,0,1.0,0.0,0.0,0.0,20,0,0,0,0,0,0,1,0,1,0,1386,126,0,20,0,0,0,0,0,0,0,0,BENIGN
10.42.0.1-10.42.0.42-53-17291-17,10.42.0.42,17291,10.42.0.1,53,17,08/08/2017 02:58:26,410254,1,1,37.0,182.0,37.0,37.0,37.0,0.0,182.0,182.0,182.0,0.0,533.8156361668624,4.875028640793264,410254.0,0.0,410254.0,410254.0,0,0,0,0,0,0,0,0,0,0,0,0,0,0,20,20,2.437514320396632,2.437514320396632,37.0,182.0,85.33333333333334,83.71578903249574,7008.333333333334,0,0,0,0,0,0,0,0,1.0,128.0,37.0,182.0,20,0,0,0,0,0,0,1,37,1,182,-1,-1,0,20,0,0,0,0,0,0,0,0,BENIGN
10.42.0.42-115.236.16.203-58177-443-6,115.236.16.203,443,10.42.0.42,58177,6,08/08/2017 02:58:52,2314,1,1,0.0,0.0,0.0,0.0,0.0,0.0,0.0,0.0,0.0,0.0,0.0,864.304235090752,2314.0,0.0,2314.0,2314.0,0,0,0,0,0,0,0,0,0,0,0,0,0,0,32,32,432.152117545376,432.152117545376,0.0,0.0,0.0,0.0,0.0,0,0,0,0,1,1,0,0,1.0,0.0,0.0,0.0,32,0,0,0,0,0,0,1,0,1,0,23,1369,0,32,0,0,0,0,0,0,0,0,BENIGN
10.42.0.42-104.192.110.245-50941-80-6,104.192.110.245,80,10.42.0.42,50941,6,08/08/2017 02:59:39,4514,1,1,0.0,0.0,0.0,0.0,0.0,0.0,0.0,0.0,0.0,0.0,0.0,443.06601683650865,4514.0,0.0,4514.0,4514.0,0,0,0,0,0,0,0,0,0,0,0,0,0,0,20,20,221.53300841825433,221.53300841825433,0.0,0.0,0.0,0.0,0.0,0,0,0,0,1,1,0,0,1.0,0.0,0.0,0.0,20,0,0,0,0,0,0,1,0,1,0,29,1369,0,20,0,0,0,0,0,0,0,0,BENIGN
10.42.0.1-10.42.0.42-53-42406-17,10.42.0.42,42406,10.42.0.1,53,17,08/08/2017 02:58:21,30439,1,1,32.0,48.0,32.0,32.0,32.0,0.0,48.0,48.0,48.0,0.0,2628.207234140412,65.7051808535103,30439.0,0.0,30439.0,30439.0,0,0,0,0,0,0,0,0,0,0,0,0,0,0,40,32,32.85259042675515,32.85259042675515,32.0,48.0,37.333333333333336,9.237604307034012,85.33333333333333,0,0,0,0,0,0,0,0,1.0,56.0,32.0,48.0,40,0,0,0,0,0,0,1,32,1,48,-1,-1,0,40,0,0,0,0,0,0,0,0,BENIGN
10.42.0.42-14.29.93.243-51597-80-6,10.42.0.42,51597,14.29.93.243,80,6,08/08/2017 03:04:44,189238,2,0,0.0,0.0,0.0,0.0,0.0,0.0,0,0,0,0,0.0,10.568701846352214,189238.0,0.0,189238.0,189238.0,189238.0,189238.0,0.0,189238.0,189238.0,0,0,0,0,0,0,0,0,0,40,0,10.568701846352214,0.0,0.0,0.0,0.0,0.0,0.0,0,0,0,0,1,1,0,0,0.0,0.0,0.0,0.0,40,0,0,0,0,0,0,2,0,0,0,8190,-1,0,20,0,0,0,0,0,0,0,0,BENIGN
10.42.0.1-10.42.0.42-53-17635-17,10.42.0.42,17635,10.42.0.1,53,17,08/08/2017 02:58:35,243357,1,1,33.0,49.0,33.0,33.0,33.0,0.0,49.0,49.0,49.0,0.0,336.95352917729923,8.218378760421931,243357.0,0.0,243357.0,243357.0,0,0,0,0,0,0,0,0,0,0,0,0,0,0,32,20,4.109189380210966,4.109189380210966,33.0,49.0,38.333333333333336,9.237604307034012,85.33333333333333,0,0,0,0,0,0,0,0,1.0,57.5,33.0,49.0,32,0,0,0,0,0,0,1,33,1,49,-1,-1,0,32,0,0,0,0,0,0,0,0,BENIGN
10.42.0.1-10.42.0.42-53-7881-17,10.42.0.42,7881,10.42.0.1,53,17,08/08/2017 02:59:23,243667,1,1,36.0,52.0,36.0,36.0,36.0,0.0,52.0,52.0,52.0,0.0,361.1486167597582,8.207923108176322,243667.0,0.0,243667.0,243667.0,0,0,0,0,0,0,0,0,0,0,0,0,0,0,40,20,4.103961554088161,4.103961554088161,36.0,52.0,41.333333333333336,9.237604307034012,85.33333333333333,0,0,0,0,0,0,0,0,1.0,62.0,36.0,52.0,40,0,0,0,0,0,0,1,36,1,52,-1,-1,0,40,0,0,0,0,0,0,0,0,BENIGN
10.42.0.42-52.221.28.15-45909-80-6,52.221.28.15,80,10.42.0.42,45909,6,08/08/2017 02:59:32,78215,1,1,0.0,0.0,0.0,0.0,0.0,0.0,0.0,0.0,0.0,0.0,0.0,25.570542734769543,78215.0,0.0,78215.0,78215.0,0,0,0,0,0,0,0,0,0,0,0,0,0,0,32,32,12.785271367384771,12.785271367384771,0.0,0.0,0.0,0.0,0.0,0,0,0,0,1,1,0,0,1.0,0.0,0.0,0.0,32,0,0,0,0,0,0,1,0,1,0,115,1369,0,32,0,0,0,0,0,0,0,0,BENIGN
10.42.0.42-123.125.29.220-44840-80-6,10.42.0.42,44840,123.125.29.220,80,6,08/08/2017 02:58:26,314445,1,1,0.0,0.0,0.0,0.0,0.0,0.0,0.0,0.0,0.0,0.0,0.0,6.3604127907901225,314445.0,0.0,314445.0,314445.0,0,0,0,0,0,0,0,0,0,0,0,0,0,0,20,20,3.1802063953950612,3.1802063953950612,0.0,0.0,0.0,0.0,0.0,0,0,0,0,1,1,0,0,1.0,0.0,0.0,0.0,20,0,0,0,0,0,0,1,0,1,0,1386,137,0,20,0,0,0,0,0,0,0,0,BENIGN
10.42.0.42-123.125.29.220-45084-80-6,10.42.0.42,45084,123.125.29.220,80,6,08/08/2017 02:59:22,308090,1,1,0.0,0.0,0.0,0.0,0.0,0.0,0.0,0.0,0.0,0.0,0.0,6.491609594598981,308090.0,0.0,308090.0,308090.0,0,0,0,0,0,0,0,0,0,0,0,0,0,0,20,20,3.2458047972994906,3.2458047972994906,0.0,0.0,0.0,0.0,0.0,0,0,0,0,1,1,0,0,1.0,0.0,0.0,0.0,20,0,0,0,0,0,0,1,0,1,0,1386,137,0,20,0,0,0,0,0,0,0,0,BENIGN
10.42.0.42-123.125.29.220-45204-80-6,10.42.0.42,45204,123.125.29.220,80,6,08/08/2017 02:59:28,307430,1,1,0.0,0.0,0.0,0.0,0.0,0.0,0.0,0.0,0.0,0.0,0.0,6.505545977946199,307430.0,0.0,307430.0,307430.0,0,0,0,0,0,0,0,0,0,0,0,0,0,0,20,20,3.2527729889730996,3.2527729889730996,0.0,0.0,0.0,0.0,0.0,0,0,0,0,1,1,0,0,1.0,0.0,0.0,0.0,20,0,0,0,0,0,0,1,0,1,0,1386,136,0,20,0,0,0,0,0,0,0,0,BENIGN
174.35.73.99-10.42.0.42-80-60289-6,174.35.73.99,80,10.42.0.42,60289,6,08/08/2017 02:58:24,17418,2,1,0.0,0.0,0.0,0.0,0.0,0.0,0.0,0.0,0.0,0.0,0.0,172.2356183258698,8709.0,4070.1066325097677,11587.0,5831.0,17418.0,17418.0,0.0,17418.0,17418.0,0,0,0,0,0,0,0,0,0,64,44,114.82374555057986,57.41187277528993,0.0,0.0,0.0,0.0,0.0,0,0,0,0,1,1,0,0,0.0,0.0,0.0,0.0,64,0,0,0,0,0,0,2,0,1,0,677,1748,0,32,0,0,0,0,0,0,0,0,BENIGN
10.42.0.1-10.42.0.42-53-53090-17,10.42.0.42,53090,10.42.0.1,53,17,08/08/2017 02:59:23,48517,1,1,38.0,54.0,38.0,38.0,38.0,0.0,54.0,54.0,54.0,0.0,1896.2425541562752,41.222664220788594,48517.0,0.0,48517.0,48517.0,0,0,0,0,0,0,0,0,0,0,0,0,0,0,32,20,20.611332110394297,20.611332110394297,38.0,54.0,43.333333333333336,9.237604307034012,85.33333333333333,0,0,0,0,0,0,0,0,1.0,65.0,38.0,54.0,32,0,0,0,0,0,0,1,38,1,54,-1,-1,0,32,0,0,0,0,0,0,0,0,BENIGN
10.42.0.1-10.42.0.42-53-35560-17,10.42.0.42,35560,10.42.0.1,53,17,08/08/2017 02:57:54,1123,1,1,53.0,295.0,53.0,53.0,53.0,0.0,295.0,295.0,295.0,0.0,309884.23864648264,1780.9439002671415,1123.0,0.0,1123.0,1123.0,0,0,0,0,0,0,0,0,0,0,0,0,0,0,20,20,890.4719501335708,890.4719501335708,53.0,295.0,133.66666666666669,139.71876514388944,19521.333333333336,0,0,0,0,0,0,0,0,1.0,200.5,53.0,295.0,20,0,0,0,0,0,0,1,53,1,295,-1,-1,0,20,0,0,0,0,0,0,0,0,BENIGN
10.42.0.1-10.42.0.42-53-1749-17,10.42.0.42,1749,10.42.0.1,53,17,08/08/2017 02:59:19,247399,1,1,35.0,355.0,35.0,35.0,35.0,0.0,355.0,355.0,355.0,0.0,1576.4008747003827,8.084107049745553,247399.0,0.0,247399.0,247399.0,0,0,0,0,0,0,0,0,0,0,0,0,0,0,20,20,4.0420535248727765,4.0420535248727765,35.0,355.0,141.66666666666669,184.75208614068026,34133.333333333336,0,0,0,0,0,0,0,0,1.0,212.5,35.0,355.0,20,0,0,0,0,0,0,1,35,1,355,-1,-1,0,20,0,0,0,0,0,0,0,0,BENIGN
180.163.255.159-10.42.0.42-443-44896-6,180.163.255.159,443,10.42.0.42,44896,6,08/08/2017 02:59:16,71378,1,1,0.0,0.0,0.0,0.0,0.0,0.0,0.0,0.0,0.0,0.0,0.0,28.019838045336098,71378.0,0.0,71378.0,71378.0,0,0,0,0,0,0,0,0,0,0,0,0,0,0,20,20,14.009919022668049,14.009919022668049,0.0,0.0,0.0,0.0,0.0,0,0,0,0,1,1,0,0,1.0,0.0,0.0,0.0,20,0,0,0,0,0,0,1,0,1,0,31,1506,0,20,0,0,0,0,0,0,0,0,BENIGN
222.73.28.96-10.42.0.42-80-37012-6,222.73.28.96,80,10.42.0.42,37012,6,08/08/2017 02:59:27,2075,1,1,0.0,0.0,0.0,0.0,0.0,0.0,0.0,0.0,0.0,0.0,0.0,963.8554216867469,2075.0,0.0,2075.0,2075.0,0,0,0,0,0,0,0,0,0,0,0,0,0,0,20,20,481.92771084337346,481.92771084337346,0.0,0.0,0.0,0.0,0.0,0,0,0,0,1,1,0,0,1.0,0.0,0.0,0.0,20,0,0,0,0,0,0,1,0,1,0,58,1369,0,20,0,0,0,0,0,0,0,0,BENIGN
10.42.0.1-10.42.0.42-53-52372-17,10.42.0.42,52372,10.42.0.1,53,17,08/08/2017 02:59:31,1676363,1,1,36.0,161.0,36.0,36.0,36.0,0.0,161.0,161.0,161.0,0.0,117.51631359079148,1.1930590212263095,1676363.0,0.0,1676363.0,1676363.0,0,0,0,0,0,0,0,0,0,0,0,0,0,0,32,32,0.5965295106131547,0.5965295106131547,36.0,161.0,77.66666666666666,72.16878364870321,5208.333333333333,0,0,0,0,0,0,0,0,1.0,116.5,36.0,161.0,32,0,0,0,0,0,0,1,36,1,161,-1,-1,0,32,0,0,0,0,0,0,0,0,BENIGN
10.42.0.1-10.42.0.42-53-41599-17,10.42.0.42,41599,10.42.0.1,53,17,08/08/2017 02:58:26,519650,1,1,38.0,81.0,38.0,38.0,38.0,0.0,81.0,81.0,81.0,0.0,229.00028865582607,3.8487443471567406,519650.0,0.0,519650.0,519650.0,0,0,0,0,0,0,0,0,0,0,0,0,0,0,32,32,1.9243721735783703,1.9243721735783703,38.0,81.0,52.333333333333336,24.826061575153908,616.3333333333334,0,0,0,0,0,0,0,0,1.0,78.5,38.0,81.0,32,0,0,0,0,0,0,1,38,1,81,-1,-1,0,32,0,0,0,0,0,0,0,0,BENIGN
172.217.10.80-10.42.0.42-443-44550-6,10.42.0.42,44550,172.217.10.80,443,6,08/08/2017 03:01:33,148783,2,0,0.0,0.0,0.0,0.0,0.0,0.0,0,0,0,0,0.0,13.442395972658167,148783.0,0.0,148783.0,148783.0,148783.0,148783.0,0.0,148783.0,148783.0,0,0,0,0,0,0,0,0,0,64,0,13.442395972658167,0.0,0.0,0.0,0.0,0.0,0.0,0,0,0,0,1,1,0,0,0.0,0.0,0.0,0.0,64,0,0,0,0,0,0,2,0,0,0,195,-1,0,32,0,0,0,0,0,0,0,0,BENIGN
10.42.0.1-10.42.0.42-53-36462-17,10.42.0.42,36462,10.42.0.1,53,17,08/08/2017 02:58:17,30743,1,1,36.0,68.0,36.0,36.0,36.0,0.0,68.0,68.0,68.0,0.0,3382.8839085320237,65.055459779462,30743.0,0.0,30743.0,30743.0,0,0,0,0,0,0,0,0,0,0,0,0,0,0,44,40,32.527729889731,32.527729889731,36.0,68.0,46.666666666666664,18.475208614068023,341.3333333333333,0,0,0,0,0,0,0,0,1.0,70.0,36.0,68.0,44,0,0,0,0,0,0,1,36,1,68,-1,-1,0,44,0,0,0,0,0,0,0,0,BENIGN
10.42.0.42-104.192.110.245-50633-80-6,104.192.110.245,80,10.42.0.42,50633,6,08/08/2017 02:58:40,2150,1,1,0.0,0.0,0.0,0.0,0.0,0.0,0.0,0.0,0.0,0.0,0.0,930.2325581395348,2150.0,0.0,2150.0,2150.0,0,0,0,0,0,0,0,0,0,0,0,0,0,0,20,20,465.1162790697674,465.1162790697674,0.0,0.0,0.0,0.0,0.0,0,0,0,0,1,1,0,0,1.0,0.0,0.0,0.0,20,0,0,0,0,0,0,1,0,1,0,29,1369,0,20,0,0,0,0,0,0,0,0,BENIGN
10.42.0.42-31.13.71.1-47423-443-6,10.42.0.42,47423,31.13.71.1,443,6,08/08/2017 02:58:48,3029,4,0,0.0,0.0,0.0,0.0,0.0,0.0,0,0,0,0,0.0,1320.5678441729945,1009.6666666666666,1741.0003829216503,3020.0,3.0,3029.0,1009.6666666666666,1741.0003829216503,3020.0,3.0,0,0,0,0,0,0,0,0,0,152,0,1320.5678441729945,0.0,0.0,0.0,0.0,0.0,0.0,0,0,0,0,1,0,0,0,0.0,0.0,0.0,0.0,152,0,0,0,0,0,0,4,0,0,0,1386,-1,0,32,0,0,0,0,0,0,0,0,BENIGN
10.42.0.42-123.125.29.220-44986-80-6,123.125.29.220,80,10.42.0.42,44986,6,08/08/2017 02:58:52,2080,1,1,187.0,0.0,187.0,187.0,187.0,0.0,0.0,0.0,0.0,0.0,89903.84615384616,961.5384615384617,2080.0,0.0,2080.0,2080.0,0,0,0,0,0,0,0,0,0,0,0,0,0,0,20,20,480.76923076923083,480.76923076923083,0.0,187.0,124.66666666666666,107.96450033846003,11656.333333333334,0,0,0,0,1,1,0,0,1.0,187.0,187.0,0.0,20,0,0,0,0,0,0,1,187,1,0,115,0,0,20,0,0,0,0,0,0,0,0,BENIGN
10.42.0.1-10.42.0.42-53-65131-17,10.42.0.42,65131,10.42.0.1,53,17,08/08/2017 03:01:07,30968,1,1,34.0,79.0,34.0,34.0,34.0,0.0,79.0,79.0,79.0,0.0,3648.9279256006203,64.5827951433738,30968.0,0.0,30968.0,30968.0,0,0,0,0,0,0,0,0,0,0,0,0,0,0,32,32,32.2913975716869,32.2913975716869,34.0,79.0,49.0,25.98076211353316,675.0,0,0,0,0,0,0,0,0,1.0,73.5,34.0,79.0,32,0,0,0,0,0,0,1,34,1,79,-1,-1,0,32,0,0,0,0,0,0,0,0,BENIGN
10.42.0.42-23.208.87.120-36678-80-6,10.42.0.42,36678,23.208.87.120,80,6,08/08/2017 03:07:41,121593,2,0,0.0,0.0,0.0,0.0,0.0,0.0,0,0,0,0,0.0,16.448315281307313,121593.0,0.0,121593.0,121593.0,121593.0,121593.0,0.0,121593.0,121593.0,0,0,0,0,0,0,0,0,0,64,0,16.448315281307313,0.0,0.0,0.0,0.0,0.0,0.0,0,0,0,0,1,1,0,0,0.0,0.0,0.0,0.0,64,0,0,0,0,0,0,2,0,0,0,1173,-1,0,32,0,0,0,0,0,0,0,0,BENIGN
10.42.0.1-10.42.0.42-53-54358-17,10.42.0.42,54358,10.42.0.1,53,17,08/08/2017 02:58:27,884230,1,1,31.0,119.0,31.0,31.0,31.0,0.0,119.0,119.0,119.0,0.0,169.6391210431675,2.2618549472422336,884230.0,0.0,884230.0,884230.0,0,0,0,0,0,0,0,0,0,0,0,0,0,0,32,20,1.1309274736211168,1.1309274736211168,31.0,119.0,60.33333333333333,50.80682368868706,2581.333333333333,0,0,0,0,0,0,0,0,1.0,90.5,31.0,119.0,32,0,0,0,0,0,0,1,31,1,119,-1,-1,0,32,0,0,0,0,0,0,0,0,BENIGN
10.42.0.42-122.225.81.54-38520-80-6,122.225.81.54,80,10.42.0.42,38520,6,08/08/2017 03:00:07,5,2,0,0.0,0.0,0.0,0.0,0.0,0.0,0,0,0,0,0.0,399999.99999999994,5.0,0.0,5.0,5.0,5.0,5.0,0.0,5.0,5.0,0,0,0,0,0,0,0,0,0,52,0,399999.99999999994,0.0,0.0,0.0,0.0,0.0,0.0,0,0,0,0,1,0,0,0,0.0,0.0,0.0,0.0,52,0,0,0,0,0,0,2,0,0,0,65535,-1,0,20,0,0,0,0,0,0,0,0,BENIGN
10.42.0.1-10.42.0.42-53-65532-17,10.42.0.42,65532,10.42.0.1,53,17,08/08/2017 02:58:44,354824,1,1,34.0,50.0,34.0,34.0,34.0,0.0,50.0,50.0,50.0,0.0,236.73708655558815,5.636597298942575,354824.0,0.0,354824.0,354824.0,0,0,0,0,0,0,0,0,0,0,0,0,0,0,40,32,2.8182986494712874,2.8182986494712874,34.0,50.0,39.333333333333336,9.237604307034012,85.33333333333333,0,0,0,0,0,0,0,0,1.0,59.0,34.0,50.0,40,0,0,0,0,0,0,1,34,1,50,-1,-1,0,40,0,0,0,0,0,0,0,0,BENIGN
10.42.0.1-10.42.0.42-53-57335-17,10.42.0.42,57335,10.42.0.1,53,17,08/08/2017 02:58:35,3632054,1,1,30.0,307.0,30.0,30.0,30.0,0.0,307.0,307.0,307.0,0.0,92.78496410020335,0.5506526059359249,3632054.0,0.0,3632054.0,3632054.0,0,0,0,0,0,0,0,0,0,0,0,0,0,0,20,32,0.27532630296796246,0.27532630296796246,30.0,307.0,122.33333333333333,159.92602456552632,25576.333333333332,0,0,0,0,0,0,0,0,1.0,183.5,30.0,307.0,20,0,0,0,0,0,0,1,30,1,307,-1,-1,0,20,0,0,0,0,0,0,0,0,BENIGN
10.42.0.1-10.42.0.42-53-37339-17,10.42.0.42,37339,10.42.0.1,53,17,08/08/2017 02:58:16,30850,1,1,39.0,55.0,39.0,39.0,39.0,0.0,55.0,55.0,55.0,0.0,3047.0016207455433,64.82982171799027,30850.0,0.0,30850.0,30850.0,0,0,0,0,0,0,0,0,0,0,0,0,0,0,32,32,32.414910858995135,32.414910858995135,39.0,55.0,44.333333333333336,9.237604307034012,85.33333333333333,0,0,0,0,0,0,0,0,1.0,66.5,39.0,55.0,32,0,0,0,0,0,0,1,39,1,55,-1,-1,0,32,0,0,0,0,0,0,0,0,BENIGN
10.42.0.1-10.42.0.42-53-64963-17,10.42.0.42,64963,10.42.0.1,53,17,08/08/2017 02:58:26,50757,1,1,45.0,303.0,45.0,45.0,45.0,0.0,303.0,303.0,303.0,0.0,6856.1971747739235,39.403432038930596,50757.0,0.0,50757.0,50757.0,0,0,0,0,0,0,0,0,0,0,0,0,0,0,32,20,19.701716019465298,19.701716019465298,45.0,303.0,131.0,148.95636945092346,22188.0,0,0,0,0,0,0,0,0,1.0,196.5,45.0,303.0,32,0,0,0,0,0,0,1,45,1,303,-1,-1,0,32,0,0,0,0,0,0,0,0,BENIGN
10.42.0.1-10.42.0.42-53-47878-17,10.42.0.42,47878,10.42.0.1,53,17,08/08/2017 02:57:14,60827,1,1,33.0,81.0,33.0,33.0,33.0,0.0,81.0,81.0,81.0,0.0,1874.1677215710129,32.88013546615812,60827.0,0.0,60827.0,60827.0,0,0,0,0,0,0,0,0,0,0,0,0,0,0,20,32,16.44006773307906,16.44006773307906,33.0,81.0,49.0,27.712812921102035,768.0,0,0,0,0,0,0,0,0,1.0,73.5,33.0,81.0,20,0,0,0,0,0,0,1,33,1,81,-1,-1,0,20,0,0,0,0,0,0,0,0,BENIGN
10.42.0.1-10.42.0.42-53-54254-17,10.42.0.42,54254,10.42.0.1,53,17,08/08/2017 02:58:24,452542,1,1,33.0,178.0,33.0,33.0,33.0,0.0,178.0,178.0,178.0,0.0,466.25506582814415,4.419479296949233,452542.0,0.0,452542.0,452542.0,0,0,0,0,0,0,0,0,0,0,0,0,0,0,20,20,2.2097396484746166,2.2097396484746166,33.0,178.0,81.33333333333334,83.71578903249574,7008.333333333334,0,0,0,0,0,0,0,0,1.0,122.0,33.0,178.0,20,0,0,0,0,0,0,1,33,1,178,-1,-1,0,20,0,0,0,0,0,0,0,0,BENIGN
10.42.0.42-23.208.87.120-36663-80-6,10.42.0.42,36663,23.208.87.120,80,6,08/08/2017 03:06:39,85832,2,0,0.0,0.0,0.0,0.0,0.0,0.0,0,0,0,0,0.0,23.30133283623823,85832.0,0.0,85832.0,85832.0,85832.0,85832.0,0.0,85832.0,85832.0,0,0,0,0,0,0,0,0,0,64,0,23.30133283623823,0.0,0.0,0.0,0.0,0.0,0.0,0,0,0,0,1,1,0,0,0.0,0.0,0.0,0.0,64,0,0,0,0,0,0,2,0,0,0,939,-1,0,32,0,0,0,0,0,0,0,0,BENIGN
10.42.0.1-10.42.0.42-53-1475-17,10.42.0.42,1475,10.42.0.1,53,17,08/08/2017 02:58:30,239536,1,1,40.0,104.0,40.0,40.0,40.0,0.0,104.0,104.0,104.0,0.0,601.1622470108878,8.349475652928996,239536.0,0.0,239536.0,239536.0,0,0,0,0,0,0,0,0,0,0,0,0,0,0,32,32,4.174737826464498,4.174737826464498,40.0,104.0,61.33333333333333,36.95041722813605,1365.3333333333333,0,0,0,0,0,0,0,0,1.0,92.0,40.0,104.0,32,0,0,0,0,0,0,1,40,1,104,-1,-1,0,32,0,0,0,0,0,0,0,0,BENIGN
219.142.78.162-10.42.0.42-80-49413-6,10.42.0.42,49413,219.142.78.162,80,6,08/08/2017 02:58:28,253792,1,1,0.0,0.0,0.0,0.0,0.0,0.0,0.0,0.0,0.0,0.0,0.0,7.8804690455175885,253792.0,0.0,253792.0,253792.0,0,0,0,0,0,0,0,0,0,0,0,0,0,0,20,20,3.9402345227587943,3.9402345227587943,0.0,0.0,0.0,0.0,0.0,0,0,0,0,1,1,0,0,1.0,0.0,0.0,0.0,20,0,0,0,0,0,0,1,0,1,0,1386,125,0,20,0,0,0,0,0,0,0,0,BENIGN
10.42.0.1-10.42.0.42-53-25872-17,10.42.0.42,25872,10.42.0.1,53,17,08/08/2017 02:58:37,2127997,1,1,36.0,100.0,36.0,36.0,36.0,0.0,100.0,100.0,100.0,0.0,63.909864534583456,0.939850949037992,2127997.0,0.0,2127997.0,2127997.0,0,0,0,0,0,0,0,0,0,0,0,0,0,0,40,32,0.469925474518996,0.469925474518996,36.0,100.0,57.33333333333333,36.95041722813605,1365.3333333333333,0,0,0,0,0,0,0,0,1.0,86.0,36.0,100.0,40,0,0,0,0,0,0,1,36,1,100,-1,-1,0,40,0,0,0,0,0,0,0,0,BENIGN
10.42.0.1-10.42.0.42-53-61452-17,10.42.0.42,61452,10.42.0.1,53,17,08/08/2017 03:00:08,31556,1,1,33.0,49.0,33.0,33.0,33.0,0.0,49.0,49.0,49.0,0.0,2598.5549499302824,63.37938902268982,31556.0,0.0,31556.0,31556.0,0,0,0,0,0,0,0,0,0,0,0,0,0,0,20,20,31.68969451134491,31.68969451134491,33.0,49.0,38.333333333333336,9.237604307034012,85.33333333333333,0,0,0,0,0,0,0,0,1.0,57.5,33.0,49.0,20,0,0,0,0,0,0,1,33,1,49,-1,-1,0,20,0,0,0,0,0,0,0,0,BENIGN
10.42.0.42-23.208.87.120-36679-80-6,10.42.0.42,36679,23.208.87.120,80,6,08/08/2017 03:07:42,65341,2,0,0.0,0.0,0.0,0.0,0.0,0.0,0,0,0,0,0.0,30.608653066221823,65341.0,0.0,65341.0,65341.0,65341.0,65341.0,0.0,65341.0,65341.0,0,0,0,0,0,0,0,0,0,64,0,30.608653066221823,0.0,0.0,0.0,0.0,0.0,0.0,0,0,0,0,1,1,0,0,0.0,0.0,0.0,0.0,64,0,0,0,0,0,0,2,0,0,0,1006,-1,0,32,0,0,0,0,0,0,0,0,BENIGN
10.42.0.1-10.42.0.42-53-38631-17,10.42.0.42,38631,10.42.0.1,53,17,08/08/2017 02:58:27,242203,1,1,38.0,77.0,38.0,38.0,38.0,0.0,77.0,77.0,77.0,0.0,474.8083219448149,8.257536033822868,242203.0,0.0,242203.0,242203.0,0,0,0,0,0,0,0,0,0,0,0,0,0,0,20,20,4.128768016911434,4.128768016911434,38.0,77.0,51.0,22.516660498395403,507.0,0,0,0,0,0,0,0,0,1.0,76.5,38.0,77.0,20,0,0,0,0,0,0,1,38,1,77,-1,-1,0,20,0,0,0,0,0,0,0,0,BENIGN
203.130.53.126-10.42.0.42-80-57748-6,203.130.53.126,80,10.42.0.42,57748,6,08/08/2017 02:59:36,1967,1,1,0.0,0.0,0.0,0.0,0.0,0.0,0.0,0.0,0.0,0.0,0.0,1016.7768174885613,1967.0,0.0,1967.0,1967.0,0,0,0,0,0,0,0,0,0,0,0,0,0,0,20,20,508.38840874428064,508.38840874428064,0.0,0.0,0.0,0.0,0.0,0,0,0,0,1,1,0,0,1.0,0.0,0.0,0.0,20,0,0,0,0,0,0,1,0,1,0,58,1369,0,20,0,0,0,0,0,0,0,0,BENIGN
10.42.0.42-123.125.29.220-45085-80-6,10.42.0.42,45085,123.125.29.220,80,6,08/08/2017 02:59:23,308997,1,1,0.0,0.0,0.0,0.0,0.0,0.0,0.0,0.0,0.0,0.0,0.0,6.472554749722489,308997.0,0.0,308997.0,308997.0,0,0,0,0,0,0,0,0,0,0,0,0,0,0,20,20,3.2362773748612446,3.2362773748612446,0.0,0.0,0.0,0.0,0.0,0,0,0,0,1,1,0,0,1.0,0.0,0.0,0.0,20,0,0,0,0,0,0,1,0,1,0,1386,137,0,20,0,0,0,0,0,0,0,0,BENIGN
10.42.0.1-10.42.0.42-53-1436-17,10.42.0.42,1436,10.42.0.1,53,17,08/08/2017 03:00:07,30958,1,1,39.0,96.0,39.0,39.0,39.0,0.0,96.0,96.0,96.0,0.0,4360.746818269914,64.60365656696169,30958.0,0.0,30958.0,30958.0,0,0,0,0,0,0,0,0,0,0,0,0,0,0,32,32,32.301828283480845,32.301828283480845,39.0,96.0,58.0,32.90896534380867,1083.0,0,0,0,0,0,0,0,0,1.0,87.0,39.0,96.0,32,0,0,0,0,0,0,1,39,1,96,-1,-1,0,32,0,0,0,0,0,0,0,0,BENIGN
10.42.0.42-31.13.69.203-56892-443-6,10.42.0.42,56892,31.13.69.203,443,6,08/08/2017 03:01:08,40272222,8,7,327.0,3812.0,209.0,0.0,40.875,79.49741684931836,1398.0,0.0,544.5714285714286,629.9444041984598,102.77555581611564,0.37246516966458915,2876587.2857142854,1.0676798720598347E7,3.9971826E7,3.0,4.0272222E7,5753174.571428572,1.5089061239199717E7,3.9971826E7,1242.0,232032.0,38672.0,67312.72228041293,165613.0,3.0,0,0,0,0,264,232,0.1986480904877809,0.17381707917680828,0.0,1398.0,258.6875,479.1508765514261,229585.5625,0,0,0,1,0,0,0,0,0.0,275.93333333333334,40.875,544.5714285714286,264,0,0,0,0,0,0,8,327,7,3812,65535,114,2,32,300396.0,0.0,300396.0,300396.0,3.9971826E7,0.0,3.9971826E7,3.9971826E7,BENIGN
174.35.73.78-10.42.0.42-80-57479-6,174.35.73.78,80,10.42.0.42,57479,6,08/08/2017 02:58:50,13629,1,1,0.0,0.0,0.0,0.0,0.0,0.0,0.0,0.0,0.0,0.0,0.0,146.74590945777385,13629.0,0.0,13629.0,13629.0,0,0,0,0,0,0,0,0,0,0,0,0,0,0,32,20,73.37295472888692,73.37295472888692,0.0,0.0,0.0,0.0,0.0,0,0,0,0,1,0,0,0,1.0,0.0,0.0,0.0,32,0,0,0,0,0,0,1,0,1,0,676,0,0,32,0,0,0,0,0,0,0,0,BENIGN
219.142.78.162-10.42.0.42-80-49402-6,10.42.0.42,49402,219.142.78.162,80,6,08/08/2017 02:58:27,253796,1,1,0.0,0.0,0.0,0.0,0.0,0.0,0.0,0.0,0.0,0.0,0.0,7.880344843890368,253796.0,0.0,253796.0,253796.0,0,0,0,0,0,0,0,0,0,0,0,0,0,0,20,20,3.940172421945184,3.940172421945184,0.0,0.0,0.0,0.0,0.0,0,0,0,0,1,1,0,0,1.0,0.0,0.0,0.0,20,0,0,0,0,0,0,1,0,1,0,1386,126,0,20,0,0,0,0,0,0,0,0,BENIGN
10.42.0.1-10.42.0.42-53-48640-17,10.42.0.42,48640,10.42.0.1,53,17,08/08/2017 02:58:35,239976,1,1,35.0,51.0,35.0,35.0,35.0,0.0,51.0,51.0,51.0,0.0,358.36917025035837,8.334166750008334,239976.0,0.0,239976.0,239976.0,0,0,0,0,0,0,0,0,0,0,0,0,0,0,20,32,4.167083375004167,4.167083375004167,35.0,51.0,40.333333333333336,9.237604307034012,85.33333333333333,0,0,0,0,0,0,0,0,1.0,60.5,35.0,51.0,20,0,0,0,0,0,0,1,35,1,51,-1,-1,0,20,0,0,0,0,0,0,0,0,BENIGN
180.149.136.247-10.42.0.42-80-34304-6,180.149.136.247,80,10.42.0.42,34304,6,08/08/2017 03:00:07,2414,1,1,187.0,0.0,187.0,187.0,187.0,0.0,0.0,0.0,0.0,0.0,77464.78873239437,828.5004142502072,2414.0,0.0,2414.0,2414.0,0,0,0,0,0,0,0,0,0,0,0,0,0,0,20,20,414.2502071251036,414.2502071251036,0.0,187.0,124.66666666666666,107.96450033846003,11656.333333333334,0,0,0,0,1,1,0,0,1.0,187.0,187.0,0.0,20,0,0,0,0,0,0,1,187,1,0,115,0,0,20,0,0,0,0,0,0,0,0,BENIGN
222.73.28.96-10.42.0.42-80-37236-6,222.73.28.96,80,10.42.0.42,37236,6,08/08/2017 03:00:07,5678,1,1,0.0,0.0,0.0,0.0,0.0,0.0,0.0,0.0,0.0,0.0,0.0,352.23670306445933,5678.0,0.0,5678.0,5678.0,0,0,0,0,0,0,0,0,0,0,0,0,0,0,20,20,176.11835153222967,176.11835153222967,0.0,0.0,0.0,0.0,0.0,0,0,0,0,1,1,0,0,1.0,0.0,0.0,0.0,20,0,0,0,0,0,0,1,0,1,0,58,1369,0,20,0,0,0,0,0,0,0,0,BENIGN
10.42.0.42-23.208.87.120-36944-80-6,23.208.87.120,80,10.42.0.42,36944,6,08/08/2017 02:59:26,2502,1,1,0.0,0.0,0.0,0.0,0.0,0.0,0.0,0.0,0.0,0.0,0.0,799.3605115907275,2502.0,0.0,2502.0,2502.0,0,0,0,0,0,0,0,0,0,0,0,0,0,0,32,32,399.68025579536373,399.68025579536373,0.0,0.0,0.0,0.0,0.0,0,0,0,0,1,1,0,0,1.0,0.0,0.0,0.0,32,0,0,0,0,0,0,1,0,1,0,905,1369,0,32,0,0,0,0,0,0,0,0,BENIGN
10.42.0.1-10.42.0.42-53-40400-17,10.42.0.42,40400,10.42.0.1,53,17,08/08/2017 02:58:27,96715,1,1,32.0,76.0,32.0,32.0,32.0,0.0,76.0,76.0,76.0,0.0,1116.6830377914491,20.679315514656466,96715.0,0.0,96715.0,96715.0,0,0,0,0,0,0,0,0,0,0,0,0,0,0,20,20,10.339657757328233,10.339657757328233,32.0,76.0,46.666666666666664,25.40341184434353,645.3333333333333,0,0,0,0,0,0,0,0,1.0,70.0,32.0,76.0,20,0,0,0,0,0,0,1,32,1,76,-1,-1,0,20,0,0,0,0,0,0,0,0,BENIGN
192.229.173.173-10.42.0.42-80-56017-6,192.229.173.173,80,10.42.0.42,56017,6,08/08/2017 02:59:34,2293,1,1,0.0,0.0,0.0,0.0,0.0,0.0,0.0,0.0,0.0,0.0,0.0,872.2197993894462,2293.0,0.0,2293.0,2293.0,0,0,0,0,0,0,0,0,0,0,0,0,0,0,32,32,436.1098996947231,436.1098996947231,0.0,0.0,0.0,0.0,0.0,0,0,0,0,1,1,0,0,1.0,0.0,0.0,0.0,32,0,0,0,0,0,0,1,0,1,0,283,1369,0,32,0,0,0,0,0,0,0,0,BENIGN
10.42.0.1-10.42.0.42-53-55868-17,10.42.0.42,55868,10.42.0.1,53,17,08/08/2017 02:58:27,1724513,1,1,43.0,114.0,43.0,43.0,43.0,0.0,114.0,114.0,114.0,0.0,91.04019511595448,1.1597477084834966,1724513.0,0.0,1724513.0,1724513.0,0,0,0,0,0,0,0,0,0,0,0,0,0,0,20,20,0.5798738542417483,0.5798738542417483,43.0,114.0,66.66666666666667,40.991869112463434,1680.3333333333335,0,0,0,0,0,0,0,0,1.0,100.0,43.0,114.0,20,0,0,0,0,0,0,1,43,1,114,-1,-1,0,20,0,0,0,0,0,0,0,0,BENIGN
10.42.0.42-104.192.110.245-50942-80-6,104.192.110.245,80,10.42.0.42,50942,6,08/08/2017 02:59:39,4401,1,1,0.0,0.0,0.0,0.0,0.0,0.0,0.0,0.0,0.0,0.0,0.0,454.4421722335832,4401.0,0.0,4401.0,4401.0,0,0,0,0,0,0,0,0,0,0,0,0,0,0,20,20,227.2210861167916,227.2210861167916,0.0,0.0,0.0,0.0,0.0,0,0,0,0,1,1,0,0,1.0,0.0,0.0,0.0,20,0,0,0,0,0,0,1,0,1,0,29,1369,0,20,0,0,0,0,0,0,0,0,BENIGN
10.42.0.1-10.42.0.42-53-63461-17,10.42.0.42,63461,10.42.0.1,53,17,08/08/2017 02:59:30,294003,1,1,39.0,103.0,39.0,39.0,39.0,0.0,103.0,103.0,103.0,0.0,482.9882688271888,6.802651673622377,294003.0,0.0,294003.0,294003.0,0,0,0,0,0,0,0,0,0,0,0,0,0,0,20,32,3.4013258368111887,3.4013258368111887,39.0,103.0,60.33333333333333,36.95041722813605,1365.3333333333333,0,0,0,0,0,0,0,0,1.0,90.5,39.0,103.0,20,0,0,0,0,0,0,1,39,1,103,-1,-1,0,20,0,0,0,0,0,0,0,0,BENIGN
172.217.10.141-10.42.0.42-443-49535-6,172.217.10.141,443,10.42.0.42,49535,6,08/08/2017 02:57:11,2504,1,1,0.0,0.0,0.0,0.0,0.0,0.0,0.0,0.0,0.0,0.0,0.0,798.7220447284344,2504.0,0.0,2504.0,2504.0,0,0,0,0,0,0,0,0,0,0,0,0,0,0,32,32,399.3610223642172,399.3610223642172,0.0,0.0,0.0,0.0,0.0,0,0,0,0,1,1,0,0,1.0,0.0,0.0,0.0,32,0,0,0,0,0,0,1,0,1,0,170,1503,0,32,0,0,0,0,0,0,0,0,BENIGN
172.217.10.46-10.42.0.42-443-34546-6,172.217.10.46,443,10.42.0.42,34546,6,08/08/2017 02:58:17,111083,1,1,0.0,0.0,0.0,0.0,0.0,0.0,0.0,0.0,0.0,0.0,0.0,18.00455515245357,111083.0,0.0,111083.0,111083.0,0,0,0,0,0,0,0,0,0,0,0,0,0,0,32,32,9.002277576226785,9.002277576226785,0.0,0.0,0.0,0.0,0.0,0,0,0,0,1,1,0,0,1.0,0.0,0.0,0.0,32,0,0,0,0,0,0,1,0,1,0,179,1772,0,32,0,0,0,0,0,0,0,0,BENIGN
183.61.27.21-10.42.0.42-443-33288-6,183.61.27.21,443,10.42.0.42,33288,6,08/08/2017 02:58:27,249693,5,3,93.0,0.0,31.0,0.0,18.6,16.97939928266015,0.0,0.0,0.0,0.0,372.4573776597662,32.0393443148186,35670.42857142857,32759.82053195216,74833.0,2105.0,249693.0,62423.25,15954.882290906025,76938.0,41050.0,137795.0,68897.5,11563.317192743612,77074.0,60721.0,1,0,0,0,100,96,20.024590196761622,12.014754118056974,0.0,31.0,13.777777777777779,16.338434577536628,266.94444444444446,0,1,0,0,1,0,0,0,0.0,15.5,18.6,0.0,100,0,0,0,0,0,0,5,93,3,0,66,1597,2,20,0,0,0,0,0,0,0,0,BENIGN
10.42.0.1-10.42.0.42-53-22582-17,10.42.0.42,22582,10.42.0.1,53,17,08/08/2017 03:00:06,30801,1,1,34.0,50.0,34.0,34.0,34.0,0.0,50.0,50.0,50.0,0.0,2727.1841823317427,64.93295672218434,30801.0,0.0,30801.0,30801.0,0,0,0,0,0,0,0,0,0,0,0,0,0,0,20,20,32.46647836109217,32.46647836109217,34.0,50.0,39.333333333333336,9.237604307034012,85.33333333333333,0,0,0,0,0,0,0,0,1.0,59.0,34.0,50.0,20,0,0,0,0,0,0,1,34,1,50,-1,-1,0,20,0,0,0,0,0,0,0,0,BENIGN
172.217.3.99-10.42.0.42-443-39255-6,10.42.0.42,39255,172.217.3.99,443,6,08/08/2017 03:04:08,35881,2,1,0.0,0.0,0.0,0.0,0.0,0.0,0.0,0.0,0.0,0.0,0.0,83.60970987430673,17940.5,25366.04156150502,35877.0,4.0,4.0,4.0,0.0,4.0,4.0,0,0,0,0,0,0,0,0,0,64,32,55.739806582871154,27.869903291435577,0.0,0.0,0.0,0.0,0.0,0,0,0,0,1,1,0,0,0.0,0.0,0.0,0.0,64,0,0,0,0,0,0,2,0,1,0,1638,180,0,32,0,0,0,0,0,0,0,0,BENIGN
180.149.136.194-10.42.0.42-80-55765-6,10.42.0.42,55765,180.149.136.194,80,6,08/08/2017 02:59:28,257778,1,1,0.0,0.0,0.0,0.0,0.0,0.0,0.0,0.0,0.0,0.0,0.0,7.758614001194826,257778.0,0.0,257778.0,257778.0,0,0,0,0,0,0,0,0,0,0,0,0,0,0,20,20,3.879307000597413,3.879307000597413,0.0,0.0,0.0,0.0,0.0,0,0,0,0,1,1,0,0,1.0,0.0,0.0,0.0,20,0,0,0,0,0,0,1,0,1,0,1386,127,0,20,0,0,0,0,0,0,0,0,BENIGN
10.42.0.1-10.42.0.42-53-56472-17,10.42.0.42,56472,10.42.0.1,53,17,08/08/2017 02:59:21,244784,1,1,37.0,109.0,37.0,37.0,37.0,0.0,109.0,109.0,109.0,0.0,596.4442120400026,8.170468658082228,244784.0,0.0,244784.0,244784.0,0,0,0,0,0,0,0,0,0,0,0,0,0,0,32,20,4.085234329041114,4.085234329041114,37.0,109.0,61.0,41.569219381653056,1728.0,0,0,0,0,0,0,0,0,1.0,91.5,37.0,109.0,32,0,0,0,0,0,0,1,37,1,109,-1,-1,0,32,0,0,0,0,0,0,0,0,BENIGN
192.229.173.173-10.42.0.42-80-56094-6,192.229.173.173,80,10.42.0.42,56094,6,08/08/2017 03:01:48,23031,2,1,0.0,0.0,0.0,0.0,0.0,0.0,0.0,0.0,0.0,0.0,0.0,130.25921583952064,11515.5,11990.409688580286,19994.0,3037.0,23031.0,23031.0,0.0,23031.0,23031.0,0,0,0,0,0,0,0,0,0,64,44,86.8394772263471,43.41973861317355,0.0,0.0,0.0,0.0,0.0,0,0,0,0,1,1,0,0,0.0,0.0,0.0,0.0,64,0,0,0,0,0,0,2,0,1,0,287,2365,0,32,0,0,0,0,0,0,0,0,BENIGN
10.42.0.42-23.208.87.120-36971-80-6,23.208.87.120,80,10.42.0.42,36971,6,08/08/2017 02:59:26,3536,1,1,0.0,0.0,0.0,0.0,0.0,0.0,0.0,0.0,0.0,0.0,0.0,565.6108597285067,3536.0,0.0,3536.0,3536.0,0,0,0,0,0,0,0,0,0,0,0,0,0,0,32,32,282.80542986425337,282.80542986425337,0.0,0.0,0.0,0.0,0.0,0,0,0,0,1,1,0,0,1.0,0.0,0.0,0.0,32,0,0,0,0,0,0,1,0,1,0,905,1369,0,32,0,0,0,0,0,0,0,0,BENIGN
10.42.0.1-10.42.0.42-53-29512-17,10.42.0.42,29512,10.42.0.1,53,17,08/08/2017 02:58:25,240809,1,1,40.0,104.0,40.0,40.0,40.0,0.0,104.0,104.0,104.0,0.0,597.9842946069292,8.305337425096239,240809.0,0.0,240809.0,240809.0,0,0,0,0,0,0,0,0,0,0,0,0,0,0,20,20,4.152668712548119,4.152668712548119,40.0,104.0,61.33333333333333,36.95041722813605,1365.3333333333333,0,0,0,0,0,0,0,0,1.0,92.0,40.0,104.0,20,0,0,0,0,0,0,1,40,1,104,-1,-1,0,20,0,0,0,0,0,0,0,0,BENIGN
10.42.0.1-10.42.0.42-53-15187-17,10.42.0.42,15187,10.42.0.1,53,17,08/08/2017 02:58:35,77175,1,1,28.0,44.0,28.0,28.0,28.0,0.0,44.0,44.0,44.0,0.0,932.9446064139943,25.915127955944286,77175.0,0.0,77175.0,77175.0,0,0,0,0,0,0,0,0,0,0,0,0,0,0,32,20,12.957563977972143,12.957563977972143,28.0,44.0,33.333333333333336,9.237604307034012,85.33333333333333,0,0,0,0,0,0,0,0,1.0,50.0,28.0,44.0,32,0,0,0,0,0,0,1,28,1,44,-1,-1,0,32,0,0,0,0,0,0,0,0,BENIGN
10.42.0.42-36.51.254.232-48439-443-6,10.42.0.42,48439,36.51.254.232,443,6,08/08/2017 02:58:39,391990,3,0,0.0,0.0,0.0,0.0,0.0,0.0,0,0,0,0,0.0,7.653256460623996,195995.0,222472.76392403632,353307.0,38683.0,391990.0,195995.0,222472.76392403632,353307.0,38683.0,0,0,0,0,0,0,0,0,0,60,0,7.653256460623996,0.0,0.0,0.0,0.0,0.0,0.0,0,0,0,0,1,0,0,0,0.0,0.0,0.0,0.0,60,0,0,0,0,0,0,3,0,0,0,1597,-1,0,20,0,0,0,0,0,0,0,0,BENIGN
10.42.0.1-10.42.0.42-53-1196-17,10.42.0.42,1196,10.42.0.1,53,17,08/08/2017 03:00:08,30904,1,1,43.0,88.0,43.0,43.0,43.0,0.0,88.0,88.0,88.0,0.0,4238.9334713952885,64.71654154801968,30904.0,0.0,30904.0,30904.0,0,0,0,0,0,0,0,0,0,0,0,0,0,0,20,20,32.35827077400984,32.35827077400984,43.0,88.0,58.0,25.98076211353316,675.0,0,0,0,0,0,0,0,0,1.0,87.0,43.0,88.0,20,0,0,0,0,0,0,1,43,1,88,-1,-1,0,20,0,0,0,0,0,0,0,0,BENIGN
10.42.0.1-10.42.0.42-53-48834-17,10.42.0.42,48834,10.42.0.1,53,17,08/08/2017 02:59:19,1306565,1,1,34.0,106.0,34.0,34.0,34.0,0.0,106.0,106.0,106.0,0.0,107.15119416179066,1.530731345168438,1306565.0,0.0,1306565.0,1306565.0,0,0,0,0,0,0,0,0,0,0,0,0,0,0,20,32,0.765365672584219,0.765365672584219,34.0,106.0,58.0,41.569219381653056,1728.0,0,0,0,0,0,0,0,0,1.0,87.0,34.0,106.0,20,0,0,0,0,0,0,1,34,1,106,-1,-1,0,20,0,0,0,0,0,0,0,0,BENIGN
222.73.28.96-10.42.0.42-80-36966-6,222.73.28.96,80,10.42.0.42,36966,6,08/08/2017 02:58:55,1488,1,1,0.0,0.0,0.0,0.0,0.0,0.0,0.0,0.0,0.0,0.0,0.0,1344.0860215053765,1488.0,0.0,1488.0,1488.0,0,0,0,0,0,0,0,0,0,0,0,0,0,0,20,20,672.0430107526882,672.0430107526882,0.0,0.0,0.0,0.0,0.0,0,0,0,0,1,1,0,0,1.0,0.0,0.0,0.0,20,0,0,0,0,0,0,1,0,1,0,58,1369,0,20,0,0,0,0,0,0,0,0,BENIGN
10.42.0.1-10.42.0.42-53-34393-17,10.42.0.42,34393,10.42.0.1,53,17,08/08/2017 02:58:21,393572,1,1,35.0,180.0,35.0,35.0,35.0,0.0,180.0,180.0,180.0,0.0,546.2786986879148,5.0816623133759515,393572.0,0.0,393572.0,393572.0,0,0,0,0,0,0,0,0,0,0,0,0,0,0,32,20,2.5408311566879758,2.5408311566879758,35.0,180.0,83.33333333333334,83.71578903249574,7008.333333333334,0,0,0,0,0,0,0,0,1.0,125.0,35.0,180.0,32,0,0,0,0,0,0,1,35,1,180,-1,-1,0,32,0,0,0,0,0,0,0,0,BENIGN
10.42.0.1-10.42.0.42-53-37929-17,10.42.0.42,37929,10.42.0.1,53,17,08/08/2017 02:59:24,244104,1,1,35.0,199.0,35.0,35.0,35.0,0.0,199.0,199.0,199.0,0.0,958.6078065087013,8.193229115458985,244104.0,0.0,244104.0,244104.0,0,0,0,0,0,0,0,0,0,0,0,0,0,0,32,20,4.096614557729493,4.096614557729493,35.0,199.0,89.66666666666666,94.68544414709862,8965.333333333332,0,0,0,0,0,0,0,0,1.0,134.5,35.0,199.0,32,0,0,0,0,0,0,1,35,1,199,-1,-1,0,32,0,0,0,0,0,0,0,0,BENIGN
10.42.0.1-10.42.0.42-53-53429-17,10.42.0.42,53429,10.42.0.1,53,17,08/08/2017 02:57:36,30911,1,1,34.0,74.0,34.0,34.0,34.0,0.0,74.0,74.0,74.0,0.0,3493.901847238847,64.70188605997865,30911.0,0.0,30911.0,30911.0,0,0,0,0,0,0,0,0,0,0,0,0,0,0,32,32,32.350943029989324,32.350943029989324,34.0,74.0,47.333333333333336,23.094010767585033,533.3333333333334,0,0,0,0,0,0,0,0,1.0,71.0,34.0,74.0,32,0,0,0,0,0,0,1,34,1,74,-1,-1,0,32,0,0,0,0,0,0,0,0,BENIGN
10.42.0.42-23.208.168.108-32769-80-6,23.208.168.108,80,10.42.0.42,32769,6,08/08/2017 02:59:39,13198,1,1,0.0,0.0,0.0,0.0,0.0,0.0,0.0,0.0,0.0,0.0,0.0,151.53811183512653,13198.0,0.0,13198.0,13198.0,0,0,0,0,0,0,0,0,0,0,0,0,0,0,32,32,75.76905591756326,75.76905591756326,0.0,0.0,0.0,0.0,0.0,0,0,0,0,1,1,0,0,1.0,0.0,0.0,0.0,32,0,0,0,0,0,0,1,0,1,0,905,1369,0,32,0,0,0,0,0,0,0,0,BENIGN
203.130.53.126-10.42.0.42-80-57746-6,203.130.53.126,80,10.42.0.42,57746,6,08/08/2017 02:59:36,1965,1,1,0.0,0.0,0.0,0.0,0.0,0.0,0.0,0.0,0.0,0.0,0.0,1017.8117048346055,1965.0,0.0,1965.0,1965.0,0,0,0,0,0,0,0,0,0,0,0,0,0,0,20,20,508.90585241730275,508.90585241730275,0.0,0.0,0.0,0.0,0.0,0,0,0,0,1,1,0,0,1.0,0.0,0.0,0.0,20,0,0,0,0,0,0,1,0,1,0,58,1369,0,20,0,0,0,0,0,0,0,0,BENIGN
10.42.0.1-10.42.0.42-53-53075-17,10.42.0.42,53075,10.42.0.1,53,17,08/08/2017 02:58:35,255746,1,1,34.0,106.0,34.0,34.0,34.0,0.0,106.0,106.0,106.0,0.0,547.4181414372073,7.820259163388675,255746.0,0.0,255746.0,255746.0,0,0,0,0,0,0,0,0,0,0,0,0,0,0,20,32,3.9101295816943376,3.9101295816943376,34.0,106.0,58.0,41.569219381653056,1728.0,0,0,0,0,0,0,0,0,1.0,87.0,34.0,106.0,20,0,0,0,0,0,0,1,34,1,106,-1,-1,0,20,0,0,0,0,0,0,0,0,BENIGN
180.76.148.209-10.42.0.42-80-47954-6,10.42.0.42,47954,180.76.148.209,80,6,08/08/2017 02:59:21,272997,1,1,0.0,0.0,0.0,0.0,0.0,0.0,0.0,0.0,0.0,0.0,0.0,7.3260878324670236,272997.0,0.0,272997.0,272997.0,0,0,0,0,0,0,0,0,0,0,0,0,0,0,32,32,3.6630439162335118,3.6630439162335118,0.0,0.0,0.0,0.0,0.0,0,0,0,0,1,1,0,0,1.0,0.0,0.0,0.0,32,0,0,0,0,0,0,1,0,1,0,1395,400,0,32,0,0,0,0,0,0,0,0,BENIGN
10.42.0.42-23.208.87.120-36662-80-6,10.42.0.42,36662,23.208.87.120,80,6,08/08/2017 03:06:44,167580,2,0,0.0,0.0,0.0,0.0,0.0,0.0,0,0,0,0,0.0,11.934598400763814,167580.0,0.0,167580.0,167580.0,167580.0,167580.0,0.0,167580.0,167580.0,0,0,0,0,0,0,0,0,0,64,0,11.934598400763814,0.0,0.0,0.0,0.0,0.0,0.0,0,0,0,0,1,1,0,0,0.0,0.0,0.0,0.0,64,0,0,0,0,0,0,2,0,0,0,973,-1,0,32,0,0,0,0,0,0,0,0,BENIGN
10.42.0.1-10.42.0.42-53-8313-17,10.42.0.42,8313,10.42.0.1,53,17,08/08/2017 02:58:20,60732,1,1,34.0,70.0,34.0,34.0,34.0,0.0,70.0,70.0,70.0,0.0,1712.4415464664428,32.93156820127774,60732.0,0.0,60732.0,60732.0,0,0,0,0,0,0,0,0,0,0,0,0,0,0,20,32,16.46578410063887,16.46578410063887,34.0,70.0,46.0,20.784609690826528,432.0,0,0,0,0,0,0,0,0,1.0,69.0,34.0,70.0,20,0,0,0,0,0,0,1,34,1,70,-1,-1,0,20,0,0,0,0,0,0,0,0,BENIGN
221.228.208.97-10.42.0.42-80-37181-6,221.228.208.97,80,10.42.0.42,37181,6,08/08/2017 02:58:56,2183,1,1,0.0,0.0,0.0,0.0,0.0,0.0,0.0,0.0,0.0,0.0,0.0,916.1704076958314,2183.0,0.0,2183.0,2183.0,0,0,0,0,0,0,0,0,0,0,0,0,0,0,20,20,458.0852038479157,458.0852038479157,0.0,0.0,0.0,0.0,0.0,0,0,0,0,1,1,0,0,1.0,0.0,0.0,0.0,20,0,0,0,0,0,0,1,0,1,0,29,1369,0,20,0,0,0,0,0,0,0,0,BENIGN
172.217.12.174-10.42.0.42-443-56739-6,10.42.0.42,56739,172.217.12.174,443,6,08/08/2017 03:05:09,36386,2,1,0.0,0.0,0.0,0.0,0.0,0.0,0.0,0.0,0.0,0.0,0.0,82.4492936843841,18193.0,25550.596431394708,36260.0,126.0,126.0,126.0,0.0,126.0,126.0,0,0,0,0,0,0,0,0,0,64,32,54.9661957895894,27.4830978947947,0.0,0.0,0.0,0.0,0.0,0,0,0,0,1,1,0,0,0.0,0.0,0.0,0.0,64,0,0,0,0,0,0,2,0,1,0,1904,205,0,32,0,0,0,0,0,0,0,0,BENIGN
10.42.0.1-10.42.0.42-53-6254-17,10.42.0.42,6254,10.42.0.1,53,17,08/08/2017 02:57:13,729087,1,1,35.0,78.0,35.0,35.0,35.0,0.0,78.0,78.0,78.0,0.0,154.98836215705396,2.743156852337238,729087.0,0.0,729087.0,729087.0,0,0,0,0,0,0,0,0,0,0,0,0,0,0,32,20,1.371578426168619,1.371578426168619,35.0,78.0,49.333333333333336,24.826061575153908,616.3333333333334,0,0,0,0,0,0,0,0,1.0,74.0,35.0,78.0,32,0,0,0,0,0,0,1,35,1,78,-1,-1,0,32,0,0,0,0,0,0,0,0,BENIGN
10.42.0.42-123.125.29.220-45203-80-6,10.42.0.42,45203,123.125.29.220,80,6,08/08/2017 02:59:28,303572,1,1,0.0,0.0,0.0,0.0,0.0,0.0,0.0,0.0,0.0,0.0,0.0,6.5882228927569075,303572.0,0.0,303572.0,303572.0,0,0,0,0,0,0,0,0,0,0,0,0,0,0,20,20,3.2941114463784538,3.2941114463784538,0.0,0.0,0.0,0.0,0.0,0,0,0,0,1,1,0,0,1.0,0.0,0.0,0.0,20,0,0,0,0,0,0,1,0,1,0,1386,137,0,20,0,0,0,0,0,0,0,0,BENIGN
10.42.0.1-10.42.0.42-53-11509-17,10.42.0.42,11509,10.42.0.1,53,17,08/08/2017 02:58:35,743814,1,1,38.0,84.0,38.0,38.0,38.0,0.0,84.0,84.0,84.0,0.0,164.01949949853056,2.6888442540742714,743814.0,0.0,743814.0,743814.0,0,0,0,0,0,0,0,0,0,0,0,0,0,0,32,32,1.3444221270371357,1.3444221270371357,38.0,84.0,53.333333333333336,26.558112382722786,705.3333333333334,0,0,0,0,0,0,0,0,1.0,80.0,38.0,84.0,32,0,0,0,0,0,0,1,38,1,84,-1,-1,0,32,0,0,0,0,0,0,0,0,BENIGN
10.42.0.1-10.42.0.42-53-35118-17,10.42.0.42,35118,10.42.0.1,53,17,08/08/2017 03:01:47,30753,1,1,35.0,51.0,35.0,35.0,35.0,0.0,51.0,51.0,51.0,0.0,2796.475140636686,65.034305596202,30753.0,0.0,30753.0,30753.0,0,0,0,0,0,0,0,0,0,0,0,0,0,0,32,32,32.517152798101,32.517152798101,35.0,51.0,40.333333333333336,9.237604307034012,85.33333333333333,0,0,0,0,0,0,0,0,1.0,60.5,35.0,51.0,32,0,0,0,0,0,0,1,35,1,51,-1,-1,0,32,0,0,0,0,0,0,0,0,BENIGN
10.42.0.1-10.42.0.42-53-26688-17,10.42.0.42,26688,10.42.0.1,53,17,08/08/2017 02:57:14,30769,1,1,33.0,77.0,33.0,33.0,33.0,0.0,77.0,77.0,77.0,0.0,3575.026812701095,65.00048750365627,30769.0,0.0,30769.0,30769.0,0,0,0,0,0,0,0,0,0,0,0,0,0,0,40,20,32.50024375182814,32.50024375182814,33.0,77.0,47.666666666666664,25.40341184434353,645.3333333333333,0,0,0,0,0,0,0,0,1.0,71.5,33.0,77.0,40,0,0,0,0,0,0,1,33,1,77,-1,-1,0,40,0,0,0,0,0,0,0,0,BENIGN
174.35.73.93-10.42.0.42-80-48783-6,10.42.0.42,48783,174.35.73.93,80,6,08/08/2017 02:58:50,22852,1,1,0.0,0.0,0.0,0.0,0.0,0.0,0.0,0.0,0.0,0.0,0.0,87.5196919306844,22852.0,0.0,22852.0,22852.0,0,0,0,0,0,0,0,0,0,0,0,0,0,0,32,20,43.7598459653422,43.7598459653422,0.0,0.0,0.0,0.0,0.0,0,0,0,0,1,0,0,0,1.0,0.0,0.0,0.0,32,0,0,0,0,0,0,1,0,1,0,1369,0,0,32,0,0,0,0,0,0,0,0,BENIGN
10.42.0.1-10.42.0.42-53-52858-17,10.42.0.42,52858,10.42.0.1,53,17,08/08/2017 02:57:46,30789,1,1,42.0,102.0,42.0,42.0,42.0,0.0,102.0,102.0,102.0,0.0,4676.995030692779,64.9582643151775,30789.0,0.0,30789.0,30789.0,0,0,0,0,0,0,0,0,0,0,0,0,0,0,32,32,32.47913215758875,32.47913215758875,42.0,102.0,62.0,34.64101615137755,1200.0,0,0,0,0,0,0,0,0,1.0,93.0,42.0,102.0,32,0,0,0,0,0,0,1,42,1,102,-1,-1,0,32,0,0,0,0,0,0,0,0,BENIGN
10.42.0.42-106.11.135.2-53145-80-6,106.11.135.2,80,10.42.0.42,53145,6,08/08/2017 03:00:07,6166,1,1,0.0,0.0,0.0,0.0,0.0,0.0,0.0,0.0,0.0,0.0,0.0,324.3593902043464,6166.0,0.0,6166.0,6166.0,0,0,0,0,0,0,0,0,0,0,0,0,0,0,20,20,162.1796951021732,162.1796951021732,0.0,0.0,0.0,0.0,0.0,0,0,0,0,1,1,0,0,1.0,0.0,0.0,0.0,20,0,0,0,0,0,0,1,0,1,0,16383,65535,0,20,0,0,0,0,0,0,0,0,BENIGN
10.42.0.1-10.42.0.42-53-62950-17,10.42.0.42,62950,10.42.0.1,53,17,08/08/2017 02:59:23,48519,1,1,33.0,65.0,33.0,33.0,33.0,0.0,65.0,65.0,65.0,0.0,2019.827284156722,41.22096498279025,48519.0,0.0,48519.0,48519.0,0,0,0,0,0,0,0,0,0,0,0,0,0,0,20,32,20.610482491395125,20.610482491395125,33.0,65.0,43.666666666666664,18.475208614068023,341.3333333333333,0,0,0,0,0,0,0,0,1.0,65.5,33.0,65.0,20,0,0,0,0,0,0,1,33,1,65,-1,-1,0,20,0,0,0,0,0,0,0,0,BENIGN
180.149.138.197-10.42.0.42-80-37579-6,10.42.0.42,37579,180.149.138.197,80,6,08/08/2017 02:58:18,250199,1,1,0.0,0.0,0.0,0.0,0.0,0.0,0.0,0.0,0.0,0.0,0.0,7.993637064896342,250199.0,0.0,250199.0,250199.0,0,0,0,0,0,0,0,0,0,0,0,0,0,0,20,20,3.996818532448171,3.996818532448171,0.0,0.0,0.0,0.0,0.0,0,0,0,0,1,1,0,0,1.0,0.0,0.0,0.0,20,0,0,0,0,0,0,1,0,1,0,1386,123,0,20,0,0,0,0,0,0,0,0,BENIGN
10.42.0.1-10.42.0.42-53-6909-17,10.42.0.42,6909,10.42.0.1,53,17,08/08/2017 02:58:17,682102,1,1,35.0,180.0,35.0,35.0,35.0,0.0,180.0,180.0,180.0,0.0,315.20212519535204,2.9321127925149026,682102.0,0.0,682102.0,682102.0,0,0,0,0,0,0,0,0,0,0,0,0,0,0,20,32,1.4660563962574513,1.4660563962574513,35.0,180.0,83.33333333333334,83.71578903249574,7008.333333333334,0,0,0,0,0,0,0,0,1.0,125.0,35.0,180.0,20,0,0,0,0,0,0,1,35,1,180,-1,-1,0,20,0,0,0,0,0,0,0,0,BENIGN
10.42.0.1-10.42.0.42-53-22363-17,10.42.0.42,22363,10.42.0.1,53,17,08/08/2017 02:59:27,718862,1,1,30.0,116.0,30.0,30.0,30.0,0.0,116.0,116.0,116.0,0.0,203.09878669341265,2.782175160183735,718862.0,0.0,718862.0,718862.0,0,0,0,0,0,0,0,0,0,0,0,0,0,0,20,20,1.3910875800918674,1.3910875800918674,30.0,116.0,58.66666666666667,49.652123150307816,2465.3333333333335,0,0,0,0,0,0,0,0,1.0,88.0,30.0,116.0,20,0,0,0,0,0,0,1,30,1,116,-1,-1,0,20,0,0,0,0,0,0,0,0,BENIGN
10.42.0.1-10.42.0.42-53-27724-17,10.42.0.42,27724,10.42.0.1,53,17,08/08/2017 02:58:35,202357,1,1,34.0,141.0,34.0,34.0,34.0,0.0,141.0,141.0,141.0,0.0,864.8082349511012,9.883522685155443,202357.0,0.0,202357.0,202357.0,0,0,0,0,0,0,0,0,0,0,0,0,0,0,32,20,4.941761342577721,4.941761342577721,34.0,141.0,69.66666666666666,61.776478803289955,3816.333333333333,0,0,0,0,0,0,0,0,1.0,104.5,34.0,141.0,32,0,0,0,0,0,0,1,34,1,141,-1,-1,0,32,0,0,0,0,0,0,0,0,BENIGN
10.42.0.1-10.42.0.42-53-9033-17,10.42.0.42,9033,10.42.0.1,53,17,08/08/2017 02:58:42,48749,1,1,31.0,154.0,31.0,31.0,31.0,0.0,154.0,154.0,154.0,0.0,3794.949639992615,41.02648259451476,48749.0,0.0,48749.0,48749.0,0,0,0,0,0,0,0,0,0,0,0,0,0,0,32,32,20.51324129725738,20.51324129725738,31.0,154.0,72.0,71.01408311032397,5043.0,0,0,0,0,0,0,0,0,1.0,108.0,31.0,154.0,32,0,0,0,0,0,0,1,31,1,154,-1,-1,0,32,0,0,0,0,0,0,0,0,BENIGN
10.42.0.1-10.42.0.42-53-41117-17,10.42.0.42,41117,10.42.0.1,53,17,08/08/2017 02:58:44,253763,1,1,39.0,103.0,39.0,39.0,39.0,0.0,103.0,103.0,103.0,0.0,559.5772433333465,7.88136962441333,253763.0,0.0,253763.0,253763.0,0,0,0,0,0,0,0,0,0,0,0,0,0,0,20,20,3.940684812206665,3.940684812206665,39.0,103.0,60.33333333333333,36.95041722813605,1365.3333333333333,0,0,0,0,0,0,0,0,1.0,90.5,39.0,103.0,20,0,0,0,0,0,0,1,39,1,103,-1,-1,0,20,0,0,0,0,0,0,0,0,BENIGN
10.42.0.42-14.29.93.243-51598-80-6,14.29.93.243,80,10.42.0.42,51598,6,08/08/2017 02:59:33,2297,1,1,0.0,0.0,0.0,0.0,0.0,0.0,0.0,0.0,0.0,0.0,0.0,870.70091423596,2297.0,0.0,2297.0,2297.0,0,0,0,0,0,0,0,0,0,0,0,0,0,0,20,20,435.35045711798,435.35045711798,0.0,0.0,0.0,0.0,0.0,0,0,0,0,1,1,0,0,1.0,0.0,0.0,0.0,20,0,0,0,0,0,0,1,0,1,0,8190,65535,0,20,0,0,0,0,0,0,0,0,BENIGN
10.42.0.1-10.42.0.42-53-17749-17,10.42.0.42,17749,10.42.0.1,53,17,08/08/2017 02:59:26,1734391,1,1,26.0,78.0,26.0,26.0,26.0,0.0,78.0,78.0,78.0,0.0,59.96341078799417,1.153142515153734,1734391.0,0.0,1734391.0,1734391.0,0,0,0,0,0,0,0,0,0,0,0,0,0,0,32,20,0.576571257576867,0.576571257576867,26.0,78.0,43.33333333333333,30.02221399786054,901.3333333333333,0,0,0,0,0,0,0,0,1.0,65.0,26.0,78.0,32,0,0,0,0,0,0,1,26,1,78,-1,-1,0,32,0,0,0,0,0,0,0,0,BENIGN
10.42.0.42-123.125.29.138-60019-443-6,10.42.0.42,60019,123.125.29.138,443,6,08/08/2017 02:59:11,5058564,3,0,0.0,0.0,0.0,0.0,0.0,0.0,0,0,0,0,0.0,0.5930536808469756,2529282.0,3526849.2204462043,5023141.0,35423.0,5058564.0,2529282.0,3526849.2204462043,5023141.0,35423.0,0,0,0,0,0,0,0,0,0,60,0,0.5930536808469756,0.0,0.0,0.0,0.0,0.0,0.0,0,0,0,0,1,0,0,0,0.0,0.0,0.0,0.0,60,0,0,0,0,0,0,3,0,0,0,1552,-1,0,20,35423.0,0.0,35423.0,35423.0,5023141.0,0.0,5023141.0,5023141.0,BENIGN
10.42.0.42-23.208.87.120-36717-80-6,10.42.0.42,36717,23.208.87.120,80,6,08/08/2017 03:06:51,107315,2,0,0.0,0.0,0.0,0.0,0.0,0.0,0,0,0,0,0.0,18.636723663979872,107315.0,0.0,107315.0,107315.0,107315.0,107315.0,0.0,107315.0,107315.0,0,0,0,0,0,0,0,0,0,64,0,18.636723663979872,0.0,0.0,0.0,0.0,0.0,0.0,0,0,0,0,1,1,0,0,0.0,0.0,0.0,0.0,64,0,0,0,0,0,0,2,0,0,0,979,-1,0,32,0,0,0,0,0,0,0,0,BENIGN
10.42.0.1-10.42.0.42-53-47649-17,10.42.0.42,47649,10.42.0.1,53,17,08/08/2017 02:58:27,48750,1,1,39.0,78.0,39.0,39.0,39.0,0.0,78.0,78.0,78.0,0.0,2400.0,41.02564102564102,48750.0,0.0,48750.0,48750.0,0,0,0,0,0,0,0,0,0,0,0,0,0,0,32,32,20.51282051282051,20.51282051282051,39.0,78.0,52.0,22.516660498395403,507.0,0,0,0,0,0,0,0,0,1.0,78.0,39.0,78.0,32,0,0,0,0,0,0,1,39,1,78,-1,-1,0,32,0,0,0,0,0,0,0,0,BENIGN
10.42.0.1-10.42.0.42-53-4233-17,10.42.0.42,4233,10.42.0.1,53,17,08/08/2017 02:58:33,1462724,1,1,32.0,104.0,32.0,32.0,32.0,0.0,104.0,104.0,104.0,0.0,92.97721237909545,1.3673119467514037,1462724.0,0.0,1462724.0,1462724.0,0,0,0,0,0,0,0,0,0,0,0,0,0,0,20,20,0.6836559733757018,0.6836559733757018,32.0,104.0,56.0,41.569219381653056,1728.0,0,0,0,0,0,0,0,0,1.0,84.0,32.0,104.0,20,0,0,0,0,0,0,1,32,1,104,-1,-1,0,20,0,0,0,0,0,0,0,0,BENIGN
10.42.0.1-10.42.0.42-53-29862-17,10.42.0.42,29862,10.42.0.1,53,17,08/08/2017 02:58:44,360325,1,1,31.0,47.0,31.0,31.0,31.0,0.0,47.0,47.0,47.0,0.0,216.47124124054673,5.550544647193505,360325.0,0.0,360325.0,360325.0,0,0,0,0,0,0,0,0,0,0,0,0,0,0,20,20,2.7752723235967527,2.7752723235967527,31.0,47.0,36.333333333333336,9.237604307034012,85.33333333333333,0,0,0,0,0,0,0,0,1.0,54.5,31.0,47.0,20,0,0,0,0,0,0,1,31,1,47,-1,-1,0,20,0,0,0,0,0,0,0,0,BENIGN
10.42.0.42-123.125.29.220-45083-80-6,10.42.0.42,45083,123.125.29.220,80,6,08/08/2017 02:59:25,311428,1,1,0.0,0.0,0.0,0.0,0.0,0.0,0.0,0.0,0.0,0.0,0.0,6.42203013216538,311428.0,0.0,311428.0,311428.0,0,0,0,0,0,0,0,0,0,0,0,0,0,0,20,20,3.21101506608269,3.21101506608269,0.0,0.0,0.0,0.0,0.0,0,0,0,0,1,1,0,0,1.0,0.0,0.0,0.0,20,0,0,0,0,0,0,1,0,1,0,1386,137,0,20,0,0,0,0,0,0,0,0,BENIGN
10.42.0.1-10.42.0.42-53-40955-17,10.42.0.42,40955,10.42.0.1,53,17,08/08/2017 03:04:39,1445194,1,1,36.0,93.0,36.0,36.0,36.0,0.0,93.0,93.0,93.0,0.0,89.26137252161301,1.3838972483971008,1445194.0,0.0,1445194.0,1445194.0,0,0,0,0,0,0,0,0,0,0,0,0,0,0,32,32,0.6919486241985504,0.6919486241985504,36.0,93.0,55.0,32.90896534380867,1083.0,0,0,0,0,0,0,0,0,1.0,82.5,36.0,93.0,32,0,0,0,0,0,0,1,36,1,93,-1,-1,0,32,0,0,0,0,0,0,0,0,BENIGN
10.42.0.1-10.42.0.42-53-3712-17,10.42.0.42,3712,10.42.0.1,53,17,08/08/2017 02:59:24,244730,1,1,34.0,179.0,34.0,34.0,34.0,0.0,179.0,179.0,179.0,0.0,870.3469129244473,8.17227148285866,244730.0,0.0,244730.0,244730.0,0,0,0,0,0,0,0,0,0,0,0,0,0,0,20,20,4.08613574142933,4.08613574142933,34.0,179.0,82.33333333333334,83.71578903249574,7008.333333333334,0,0,0,0,0,0,0,0,1.0,123.5,34.0,179.0,20,0,0,0,0,0,0,1,34,1,179,-1,-1,0,20,0,0,0,0,0,0,0,0,BENIGN
180.149.136.194-10.42.0.42-80-55767-6,10.42.0.42,55767,180.149.136.194,80,6,08/08/2017 02:59:29,258011,1,1,0.0,0.0,0.0,0.0,0.0,0.0,0.0,0.0,0.0,0.0,0.0,7.751607489603157,258011.0,0.0,258011.0,258011.0,0,0,0,0,0,0,0,0,0,0,0,0,0,0,20,20,3.8758037448015785,3.8758037448015785,0.0,0.0,0.0,0.0,0.0,0,0,0,0,1,1,0,0,1.0,0.0,0.0,0.0,20,0,0,0,0,0,0,1,0,1,0,1386,126,0,20,0,0,0,0,0,0,0,0,BENIGN
10.42.0.42-23.208.87.120-36680-80-6,10.42.0.42,36680,23.208.87.120,80,6,08/08/2017 03:06:41,41773,2,0,0.0,0.0,0.0,0.0,0.0,0.0,0,0,0,0,0.0,47.87781581404256,41773.0,0.0,41773.0,41773.0,41773.0,41773.0,0.0,41773.0,41773.0,0,0,0,0,0,0,0,0,0,64,0,47.87781581404256,0.0,0.0,0.0,0.0,0.0,0.0,0,0,0,0,1,1,0,0,0.0,0.0,0.0,0.0,64,0,0,0,0,0,0,2,0,0,0,939,-1,0,32,0,0,0,0,0,0,0,0,BENIGN
10.42.0.42-104.192.110.245-50940-80-6,104.192.110.245,80,10.42.0.42,50940,6,08/08/2017 02:59:39,4402,1,1,0.0,0.0,0.0,0.0,0.0,0.0,0.0,0.0,0.0,0.0,0.0,454.3389368468878,4402.0,0.0,4402.0,4402.0,0,0,0,0,0,0,0,0,0,0,0,0,0,0,20,20,227.1694684234439,227.1694684234439,0.0,0.0,0.0,0.0,0.0,0,0,0,0,1,1,0,0,1.0,0.0,0.0,0.0,20,0,0,0,0,0,0,1,0,1,0,29,1369,0,20,0,0,0,0,0,0,0,0,BENIGN
10.42.0.1-10.42.0.42-53-12029-17,10.42.0.42,12029,10.42.0.1,53,17,08/08/2017 02:58:20,1462291,1,1,33.0,102.0,33.0,33.0,33.0,0.0,102.0,102.0,102.0,0.0,92.32088551457952,1.367716822438215,1462291.0,0.0,1462291.0,1462291.0,0,0,0,0,0,0,0,0,0,0,0,0,0,0,32,40,0.6838584112191075,0.6838584112191075,33.0,102.0,56.0,39.83716857408418,1587.0,0,0,0,0,0,0,0,0,1.0,84.0,33.0,102.0,32,0,0,0,0,0,0,1,33,1,102,-1,-1,0,32,0,0,0,0,0,0,0,0,BENIGN
10.42.0.1-10.42.0.42-53-48472-17,10.42.0.42,48472,10.42.0.1,53,17,08/08/2017 02:59:33,1014520,1,1,32.0,104.0,32.0,32.0,32.0,0.0,104.0,104.0,104.0,0.0,134.05354256199976,1.971375625911761,1014520.0,0.0,1014520.0,1014520.0,0,0,0,0,0,0,0,0,0,0,0,0,0,0,20,20,0.9856878129558805,0.9856878129558805,32.0,104.0,56.0,41.569219381653056,1728.0,0,0,0,0,0,0,0,0,1.0,84.0,32.0,104.0,20,0,0,0,0,0,0,1,32,1,104,-1,-1,0,20,0,0,0,0,0,0,0,0,BENIGN
10.42.0.1-10.42.0.42-53-34499-17,10.42.0.42,34499,10.42.0.1,53,17,08/08/2017 02:59:23,277375,1,1,42.0,106.0,42.0,42.0,42.0,0.0,106.0,106.0,106.0,0.0,533.5736818386661,7.210455159981974,277375.0,0.0,277375.0,277375.0,0,0,0,0,0,0,0,0,0,0,0,0,0,0,40,32,3.605227579990987,3.605227579990987,42.0,106.0,63.33333333333333,36.95041722813605,1365.3333333333333,0,0,0,0,0,0,0,0,1.0,95.0,42.0,106.0,40,0,0,0,0,0,0,1,42,1,106,-1,-1,0,40,0,0,0,0,0,0,0,0,BENIGN
10.42.0.1-10.42.0.42-53-48603-17,10.42.0.42,48603,10.42.0.1,53,17,08/08/2017 02:59:23,96850,1,1,34.0,70.0,34.0,34.0,34.0,0.0,70.0,70.0,70.0,0.0,1073.8255033557045,20.650490449148165,96850.0,0.0,96850.0,96850.0,0,0,0,0,0,0,0,0,0,0,0,0,0,0,20,40,10.325245224574083,10.325245224574083,34.0,70.0,46.0,20.784609690826528,432.0,0,0,0,0,0,0,0,0,1.0,69.0,34.0,70.0,20,0,0,0,0,0,0,1,34,1,70,-1,-1,0,20,0,0,0,0,0,0,0,0,BENIGN
180.149.136.247-10.42.0.42-80-33977-6,180.149.136.247,80,10.42.0.42,33977,6,08/08/2017 02:58:50,2571,1,1,187.0,0.0,187.0,187.0,187.0,0.0,0.0,0.0,0.0,0.0,72734.34461299106,777.9074290159472,2571.0,0.0,2571.0,2571.0,0,0,0,0,0,0,0,0,0,0,0,0,0,0,20,20,388.9537145079736,388.9537145079736,0.0,187.0,124.66666666666666,107.96450033846003,11656.333333333334,0,0,0,0,1,1,0,0,1.0,187.0,187.0,0.0,20,0,0,0,0,0,0,1,187,1,0,115,0,0,20,0,0,0,0,0,0,0,0,BENIGN
10.42.0.42-119.146.74.33-48034-443-6,119.146.74.33,443,10.42.0.42,48034,6,08/08/2017 02:58:16,10317,1,1,0.0,0.0,0.0,0.0,0.0,0.0,0.0,0.0,0.0,0.0,0.0,193.8548027527382,10317.0,0.0,10317.0,10317.0,0,0,0,0,0,0,0,0,0,0,0,0,0,0,20,20,96.9274013763691,96.9274013763691,0.0,0.0,0.0,0.0,0.0,0,0,0,0,1,1,0,0,1.0,0.0,0.0,0.0,20,0,0,0,0,0,0,1,0,1,0,4380,1369,0,20,0,0,0,0,0,0,0,0,BENIGN
203.130.53.126-10.42.0.42-80-57877-6,203.130.53.126,80,10.42.0.42,57877,6,08/08/2017 03:00:06,3653,1,1,0.0,0.0,0.0,0.0,0.0,0.0,0.0,0.0,0.0,0.0,0.0,547.4952094169176,3653.0,0.0,3653.0,3653.0,0,0,0,0,0,0,0,0,0,0,0,0,0,0,20,20,273.7476047084588,273.7476047084588,0.0,0.0,0.0,0.0,0.0,0,0,0,0,1,1,0,0,1.0,0.0,0.0,0.0,20,0,0,0,0,0,0,1,0,1,0,58,1369,0,20,0,0,0,0,0,0,0,0,BENIGN
10.42.0.1-10.42.0.42-53-15237-17,10.42.0.42,15237,10.42.0.1,53,17,08/08/2017 02:58:17,2415750,1,1,32.0,217.0,32.0,32.0,32.0,0.0,217.0,217.0,217.0,0.0,103.07357963365415,0.8279002380213184,2415750.0,0.0,2415750.0,2415750.0,0,0,0,0,0,0,0,0,0,0,0,0,0,0,20,20,0.4139501190106592,0.4139501190106592,32.0,217.0,93.66666666666666,106.80979980008077,11408.333333333332,0,0,0,0,0,0,0,0,1.0,140.5,32.0,217.0,20,0,0,0,0,0,0,1,32,1,217,-1,-1,0,20,0,0,0,0,0,0,0,0,BENIGN
10.42.0.42-122.225.81.54-38261-80-6,122.225.81.54,80,10.42.0.42,38261,6,08/08/2017 02:59:15,6732,2,1,0.0,0.0,0.0,0.0,0.0,0.0,0.0,0.0,0.0,0.0,0.0,445.63279857397504,3366.0,4753.171783135973,6727.0,5.0,5.0,5.0,0.0,5.0,5.0,0,0,0,0,0,0,0,0,0,52,20,297.08853238265004,148.54426619132502,0.0,0.0,0.0,0.0,0.0,1,0,0,0,1,0,0,0,0.0,0.0,0.0,0.0,52,0,0,0,0,0,0,2,0,1,0,0,0,0,20,0,0,0,0,0,0,0,0,BENIGN
203.130.53.126-10.42.0.42-80-57744-6,203.130.53.126,80,10.42.0.42,57744,6,08/08/2017 02:59:36,2261,1,1,0.0,0.0,0.0,0.0,0.0,0.0,0.0,0.0,0.0,0.0,0.0,884.5643520566122,2261.0,0.0,2261.0,2261.0,0,0,0,0,0,0,0,0,0,0,0,0,0,0,20,20,442.2821760283061,442.2821760283061,0.0,0.0,0.0,0.0,0.0,0,0,0,0,1,1,0,0,1.0,0.0,0.0,0.0,20,0,0,0,0,0,0,1,0,1,0,58,1369,0,20,0,0,0,0,0,0,0,0,BENIGN
10.42.0.42-122.225.81.54-38519-80-6,10.42.0.42,38519,122.225.81.54,80,6,08/08/2017 02:59:43,349167,1,1,0.0,0.0,0.0,0.0,0.0,0.0,0.0,0.0,0.0,0.0,0.0,5.727918159505337,349167.0,0.0,349167.0,349167.0,0,0,0,0,0,0,0,0,0,0,0,0,0,0,32,32,2.8639590797526684,2.8639590797526684,0.0,0.0,0.0,0.0,0.0,0,0,0,0,1,1,0,0,1.0,0.0,0.0,0.0,32,0,0,0,0,0,0,1,0,1,0,1386,65113,0,32,0,0,0,0,0,0,0,0,BENIGN
10.42.0.42-115.239.210.141-48169-443-6,10.42.0.42,48169,115.239.210.141,443,6,08/08/2017 02:58:39,37118864,14,17,327.0,7504.0,201.0,0.0,23.35714285714286,61.1676223338624,1460.0,0.0,441.4117647058824,607.7140629876366,210.97089609207868,0.8351548689636622,1237295.4666666666,6577179.322691965,3.6058129E7,1.0,3.7118864E7,2855297.2307692305,9976935.973397503,3.6058129E7,12.0,732222.0,45763.87500000001,105160.00243240457,376589.0,1.0,0,0,0,0,360,360,0.3771667150158474,0.4579881539478148,0.0,1460.0,244.71875,487.3000158460376,237461.30544354848,0,0,0,1,0,0,0,0,1.0,252.61290322580646,23.357142857142858,441.4117647058824,360,0,0,0,0,0,0,14,327,17,7504,65535,492,2,20,1060735.0,0.0,1060735.0,1060735.0,3.6058129E7,0.0,3.6058129E7,3.6058129E7,BENIGN
219.142.78.162-10.42.0.42-80-49614-6,10.42.0.42,49614,219.142.78.162,80,6,08/08/2017 02:59:22,256446,1,1,0.0,0.0,0.0,0.0,0.0,0.0,0.0,0.0,0.0,0.0,0.0,7.798912831551282,256446.0,0.0,256446.0,256446.0,0,0,0,0,0,0,0,0,0,0,0,0,0,0,20,20,3.899456415775641,3.899456415775641,0.0,0.0,0.0,0.0,0.0,0,0,0,0,1,1,0,0,1.0,0.0,0.0,0.0,20,0,0,0,0,0,0,1,0,1,0,1386,126,0,20,0,0,0,0,0,0,0,0,BENIGN
10.42.0.1-10.42.0.42-53-6827-17,10.42.0.42,6827,10.42.0.1,53,17,08/08/2017 02:59:40,1475927,1,1,31.0,102.0,31.0,31.0,31.0,0.0,102.0,102.0,102.0,0.0,90.1128578852477,1.355080569702973,1475927.0,0.0,1475927.0,1475927.0,0,0,0,0,0,0,0,0,0,0,0,0,0,0,20,32,0.6775402848514865,0.6775402848514865,31.0,102.0,54.66666666666667,40.991869112463434,1680.3333333333335,0,0,0,0,0,0,0,0,1.0,82.0,31.0,102.0,20,0,0,0,0,0,0,1,31,1,102,-1,-1,0,20,0,0,0,0,0,0,0,0,BENIGN
10.42.0.1-10.42.0.42-53-16573-17,10.42.0.42,16573,10.42.0.1,53,17,08/08/2017 02:58:45,119360,1,1,36.0,93.0,36.0,36.0,36.0,0.0,93.0,93.0,93.0,0.0,1080.7640750670241,16.75603217158177,119360.0,0.0,119360.0,119360.0,0,0,0,0,0,0,0,0,0,0,0,0,0,0,20,20,8.378016085790884,8.378016085790884,36.0,93.0,55.0,32.90896534380867,1083.0,0,0,0,0,0,0,0,0,1.0,82.5,36.0,93.0,20,0,0,0,0,0,0,1,36,1,93,-1,-1,0,20,0,0,0,0,0,0,0,0,BENIGN
10.42.0.1-10.42.0.42-53-9011-17,10.42.0.42,9011,10.42.0.1,53,17,08/08/2017 02:58:35,48074,1,1,39.0,55.0,39.0,39.0,39.0,0.0,55.0,55.0,55.0,0.0,1955.31888338811,41.60252943378958,48074.0,0.0,48074.0,48074.0,0,0,0,0,0,0,0,0,0,0,0,0,0,0,32,32,20.80126471689479,20.80126471689479,39.0,55.0,44.333333333333336,9.237604307034012,85.33333333333333,0,0,0,0,0,0,0,0,1.0,66.5,39.0,55.0,32,0,0,0,0,0,0,1,39,1,55,-1,-1,0,32,0,0,0,0,0,0,0,0,BENIGN
180.149.136.194-10.42.0.42-80-55745-6,10.42.0.42,55745,180.149.136.194,80,6,08/08/2017 02:59:27,279345,1,1,0.0,0.0,0.0,0.0,0.0,0.0,0.0,0.0,0.0,0.0,0.0,7.159605505736634,279345.0,0.0,279345.0,279345.0,0,0,0,0,0,0,0,0,0,0,0,0,0,0,20,20,3.579802752868317,3.579802752868317,0.0,0.0,0.0,0.0,0.0,0,0,0,0,1,1,0,0,1.0,0.0,0.0,0.0,20,0,0,0,0,0,0,1,0,1,0,1386,124,0,20,0,0,0,0,0,0,0,0,BENIGN
10.42.0.42-31.13.69.203-56893-443-6,31.13.69.203,443,10.42.0.42,56893,6,08/08/2017 03:01:48,4457,1,1,0.0,0.0,0.0,0.0,0.0,0.0,0.0,0.0,0.0,0.0,0.0,448.7323311644604,4457.0,0.0,4457.0,4457.0,0,0,0,0,0,0,0,0,0,0,0,0,0,0,32,32,224.3661655822302,224.3661655822302,0.0,0.0,0.0,0.0,0.0,0,0,0,0,1,1,0,0,1.0,0.0,0.0,0.0,32,0,0,0,0,0,0,1,0,1,0,110,1369,0,32,0,0,0,0,0,0,0,0,BENIGN
10.42.0.1-10.42.0.42-53-10045-17,10.42.0.42,10045,10.42.0.1,53,17,08/08/2017 02:58:22,384261,1,1,34.0,179.0,34.0,34.0,34.0,0.0,179.0,179.0,179.0,0.0,554.3107419176029,5.2047956987568345,384261.0,0.0,384261.0,384261.0,0,0,0,0,0,0,0,0,0,0,0,0,0,0,20,20,2.6023978493784172,2.6023978493784172,34.0,179.0,82.33333333333334,83.71578903249574,7008.333333333334,0,0,0,0,0,0,0,0,1.0,123.5,34.0,179.0,20,0,0,0,0,0,0,1,34,1,179,-1,-1,0,20,0,0,0,0,0,0,0,0,BENIGN
180.149.136.194-10.42.0.42-443-39368-6,10.42.0.42,39368,180.149.136.194,443,6,08/08/2017 02:59:46,21131277,3,0,0.0,0.0,0.0,0.0,0.0,0.0,0,0,0,0,0.0,0.1419696500121597,1.05656385E7,1.4888725126258612E7,2.1093557E7,37720.0,2.1131277E7,1.05656385E7,1.4888725126258612E7,2.1093557E7,37720.0,0,0,0,0,0,0,0,0,0,60,0,0.1419696500121597,0.0,0.0,0.0,0.0,0.0,0.0,0,0,0,0,1,0,0,0,0.0,0.0,0.0,0.0,60,0,0,0,0,0,0,3,0,0,0,1506,-1,0,20,37720.0,0.0,37720.0,37720.0,2.1093557E7,0.0,2.1093557E7,2.1093557E7,BENIGN
10.42.0.1-10.42.0.42-53-29348-17,10.42.0.42,29348,10.42.0.1,53,17,08/08/2017 02:58:44,244898,1,1,31.0,63.0,31.0,31.0,31.0,0.0,63.0,63.0,63.0,0.0,383.8332693611218,8.166665305555782,244898.0,0.0,244898.0,244898.0,0,0,0,0,0,0,0,0,0,0,0,0,0,0,20,20,4.083332652777891,4.083332652777891,31.0,63.0,41.666666666666664,18.475208614068023,341.3333333333333,0,0,0,0,0,0,0,0,1.0,62.5,31.0,63.0,20,0,0,0,0,0,0,1,31,1,63,-1,-1,0,20,0,0,0,0,0,0,0,0,BENIGN
219.142.78.162-10.42.0.42-80-49494-6,10.42.0.42,49494,219.142.78.162,80,6,08/08/2017 02:58:39,255064,1,1,0.0,0.0,0.0,0.0,0.0,0.0,0.0,0.0,0.0,0.0,0.0,7.841169275162311,255064.0,0.0,255064.0,255064.0,0,0,0,0,0,0,0,0,0,0,0,0,0,0,20,20,3.9205846375811557,3.9205846375811557,0.0,0.0,0.0,0.0,0.0,0,0,0,0,1,1,0,0,1.0,0.0,0.0,0.0,20,0,0,0,0,0,0,1,0,1,0,1386,125,0,20,0,0,0,0,0,0,0,0,BENIGN
10.42.0.1-10.42.0.42-53-29681-17,10.42.0.42,29681,10.42.0.1,53,17,08/08/2017 02:58:37,149602,1,1,34.0,145.0,34.0,34.0,34.0,0.0,145.0,145.0,145.0,0.0,1196.508068073956,13.368805229876605,149602.0,0.0,149602.0,149602.0,0,0,0,0,0,0,0,0,0,0,0,0,0,0,20,20,6.6844026149383025,6.6844026149383025,34.0,145.0,71.0,64.08587988004847,4107.0,0,0,0,0,0,0,0,0,1.0,106.5,34.0,145.0,20,0,0,0,0,0,0,1,34,1,145,-1,-1,0,20,0,0,0,0,0,0,0,0,BENIGN
10.42.0.1-10.42.0.42-53-40782-17,10.42.0.42,40782,10.42.0.1,53,17,08/08/2017 02:58:21,30612,1,1,32.0,120.0,32.0,32.0,32.0,0.0,120.0,120.0,120.0,0.0,4965.373056317784,65.33385600418137,30612.0,0.0,30612.0,30612.0,0,0,0,0,0,0,0,0,0,0,0,0,0,0,32,32,32.666928002090685,32.666928002090685,32.0,120.0,61.33333333333333,50.80682368868706,2581.333333333333,0,0,0,0,0,0,0,0,1.0,92.0,32.0,120.0,32,0,0,0,0,0,0,1,32,1,120,-1,-1,0,32,0,0,0,0,0,0,0,0,BENIGN
10.42.0.1-10.42.0.42-53-14808-17,10.42.0.42,14808,10.42.0.1,53,17,08/08/2017 02:59:21,243796,1,1,37.0,109.0,37.0,37.0,37.0,0.0,109.0,109.0,109.0,0.0,598.8613430901245,8.203580042330472,243796.0,0.0,243796.0,243796.0,0,0,0,0,0,0,0,0,0,0,0,0,0,0,40,40,4.101790021165236,4.101790021165236,37.0,109.0,61.0,41.569219381653056,1728.0,0,0,0,0,0,0,0,0,1.0,91.5,37.0,109.0,40,0,0,0,0,0,0,1,37,1,109,-1,-1,0,40,0,0,0,0,0,0,0,0,BENIGN
183.232.231.30-10.42.0.42-443-46002-6,183.232.231.30,443,10.42.0.42,46002,6,08/08/2017 02:58:22,4747,1,2,23.0,0.0,23.0,23.0,23.0,0.0,0.0,0.0,0.0,0.0,4845.16536760059,631.9780914261638,2373.5,345.77521600022175,2618.0,2129.0,0,0,0,0,0,2618.0,2618.0,0.0,2618.0,2618.0,1,0,0,0,20,40,210.65936380872128,421.31872761744256,0.0,23.0,11.5,13.279056191361393,176.33333333333334,0,1,0,0,1,0,0,0,2.0,15.333333333333334,23.0,0.0,20,0,0,0,0,0,0,1,23,2,0,812,0,0,20,0,0,0,0,0,0,0,0,BENIGN
172.217.5.227-10.42.0.42-443-51593-17,10.42.0.42,51593,172.217.5.227,443,17,08/08/2017 03:00:08,2846586,119,214,8970.0,268735.0,1350.0,35.0,75.37815126050421,181.40520200699115,1350.0,19.0,1255.771028037384,315.27885995142714,97557.21415056493,116.98223766996676,8574.05421686747,62454.745258436094,1068290.0,1.0,2846586.0,24123.61016949152,105088.51639256463,1068290.0,1.0,2751212.0,12916.488262910801,82907.39004641051,1115360.0,2.0,0,0,0,0,2928,5188,41.80446331148963,75.17777435847714,19.0,1350.0,835.4940119760478,629.301952492985,396020.94741148315,0,0,0,0,0,0,0,0,1.0,838.003003003003,75.3781512605042,1255.771028037383,2928,0,0,0,0,0,0,119,8970,214,268735,-1,-1,118,20,0,0,0,0,0,0,0,0,BENIGN
10.42.0.42-23.208.168.108-60788-80-6,10.42.0.42,60788,23.208.168.108,80,6,08/08/2017 03:07:57,66411,2,0,0.0,0.0,0.0,0.0,0.0,0.0,0,0,0,0,0.0,30.115492915330293,66411.0,0.0,66411.0,66411.0,66411.0,66411.0,0.0,66411.0,66411.0,0,0,0,0,0,0,0,0,0,64,0,30.115492915330293,0.0,0.0,0.0,0.0,0.0,0.0,0,0,0,0,1,1,0,0,0.0,0.0,0.0,0.0,64,0,0,0,0,0,0,2,0,0,0,1007,-1,0,32,0,0,0,0,0,0,0,0,BENIGN
219.142.78.162-10.42.0.42-80-49419-6,10.42.0.42,49419,219.142.78.162,80,6,08/08/2017 02:58:30,257795,1,1,0.0,0.0,0.0,0.0,0.0,0.0,0.0,0.0,0.0,0.0,0.0,7.758102368160748,257795.0,0.0,257795.0,257795.0,0,0,0,0,0,0,0,0,0,0,0,0,0,0,20,20,3.879051184080374,3.879051184080374,0.0,0.0,0.0,0.0,0.0,0,0,0,0,1,1,0,0,1.0,0.0,0.0,0.0,20,0,0,0,0,0,0,1,0,1,0,1386,126,0,20,0,0,0,0,0,0,0,0,BENIGN
10.42.0.1-10.42.0.42-53-52959-17,10.42.0.42,52959,10.42.0.1,53,17,08/08/2017 03:00:38,1072,1,1,37.0,295.0,37.0,37.0,37.0,0.0,295.0,295.0,295.0,0.0,309701.49253731343,1865.6716417910447,1072.0,0.0,1072.0,1072.0,0,0,0,0,0,0,0,0,0,0,0,0,0,0,32,32,932.8358208955224,932.8358208955224,37.0,295.0,123.0,148.95636945092346,22188.0,0,0,0,0,0,0,0,0,1.0,184.5,37.0,295.0,32,0,0,0,0,0,0,1,37,1,295,-1,-1,0,32,0,0,0,0,0,0,0,0,BENIGN
10.42.0.1-10.42.0.42-53-54476-17,10.42.0.42,54476,10.42.0.1,53,17,08/08/2017 02:58:26,438634,1,1,40.0,104.0,40.0,40.0,40.0,0.0,104.0,104.0,104.0,0.0,328.2919244746189,4.559610062147485,438634.0,0.0,438634.0,438634.0,0,0,0,0,0,0,0,0,0,0,0,0,0,0,20,20,2.2798050310737423,2.2798050310737423,40.0,104.0,61.33333333333333,36.95041722813605,1365.3333333333333,0,0,0,0,0,0,0,0,1.0,92.0,40.0,104.0,20,0,0,0,0,0,0,1,40,1,104,-1,-1,0,20,0,0,0,0,0,0,0,0,BENIGN
183.232.231.30-10.42.0.42-443-45947-6,10.42.0.42,45947,183.232.231.30,443,6,08/08/2017 02:58:45,274983,1,1,0.0,0.0,0.0,0.0,0.0,0.0,0.0,0.0,0.0,0.0,0.0,7.273176887298488,274983.0,0.0,274983.0,274983.0,0,0,0,0,0,0,0,0,0,0,0,0,0,0,20,20,3.636588443649244,3.636588443649244,0.0,0.0,0.0,0.0,0.0,0,0,0,0,1,1,0,0,1.0,0.0,0.0,0.0,20,0,0,0,0,0,0,1,0,1,0,2555,864,0,20,0,0,0,0,0,0,0,0,BENIGN
10.42.0.1-10.42.0.42-53-54992-17,10.42.0.42,54992,10.42.0.1,53,17,08/08/2017 02:58:26,609967,1,1,36.0,108.0,36.0,36.0,36.0,0.0,108.0,108.0,108.0,0.0,236.0783452219546,3.278865905860481,609967.0,0.0,609967.0,609967.0,0,0,0,0,0,0,0,0,0,0,0,0,0,0,40,24,1.6394329529302405,1.6394329529302405,36.0,108.0,60.0,41.569219381653056,1728.0,0,0,0,0,0,0,0,0,1.0,90.0,36.0,108.0,40,0,0,0,0,0,0,1,36,1,108,-1,-1,0,40,0,0,0,0,0,0,0,0,BENIGN
10.42.0.42-123.59.190.237-33201-80-6,123.59.190.237,80,10.42.0.42,33201,6,08/08/2017 02:58:32,2068,1,1,0.0,0.0,0.0,0.0,0.0,0.0,0.0,0.0,0.0,0.0,0.0,967.1179883945841,2068.0,0.0,2068.0,2068.0,0,0,0,0,0,0,0,0,0,0,0,0,0,0,20,20,483.55899419729207,483.55899419729207,0.0,0.0,0.0,0.0,0.0,0,0,0,0,1,1,0,0,1.0,0.0,0.0,0.0,20,0,0,0,0,0,0,1,0,1,0,8190,65535,0,20,0,0,0,0,0,0,0,0,BENIGN
10.42.0.1-10.42.0.42-53-21334-17,10.42.0.42,21334,10.42.0.1,53,17,08/08/2017 02:59:21,96319,1,1,34.0,84.0,34.0,34.0,34.0,0.0,84.0,84.0,84.0,0.0,1225.095775496008,20.76433517789844,96319.0,0.0,96319.0,96319.0,0,0,0,0,0,0,0,0,0,0,0,0,0,0,32,20,10.38216758894922,10.38216758894922,34.0,84.0,50.66666666666667,28.867513459481287,833.3333333333334,0,0,0,0,0,0,0,0,1.0,76.0,34.0,84.0,32,0,0,0,0,0,0,1,34,1,84,-1,-1,0,32,0,0,0,0,0,0,0,0,BENIGN
10.42.0.42-123.125.29.220-45238-80-6,10.42.0.42,45238,123.125.29.220,80,6,08/08/2017 02:59:30,305552,1,1,0.0,0.0,0.0,0.0,0.0,0.0,0.0,0.0,0.0,0.0,0.0,6.545530711630099,305552.0,0.0,305552.0,305552.0,0,0,0,0,0,0,0,0,0,0,0,0,0,0,20,20,3.2727653558150496,3.2727653558150496,0.0,0.0,0.0,0.0,0.0,0,0,0,0,1,1,0,0,1.0,0.0,0.0,0.0,20,0,0,0,0,0,0,1,0,1,0,1386,137,0,20,0,0,0,0,0,0,0,0,BENIGN
10.42.0.1-10.42.0.42-53-61173-17,10.42.0.42,61173,10.42.0.1,53,17,08/08/2017 02:58:33,555969,1,1,32.0,217.0,32.0,32.0,32.0,0.0,217.0,217.0,217.0,0.0,447.86669760364333,3.5973228723184203,555969.0,0.0,555969.0,555969.0,0,0,0,0,0,0,0,0,0,0,0,0,0,0,20,20,1.7986614361592101,1.7986614361592101,32.0,217.0,93.66666666666666,106.80979980008077,11408.333333333332,0,0,0,0,0,0,0,0,1.0,140.5,32.0,217.0,20,0,0,0,0,0,0,1,32,1,217,-1,-1,0,20,0,0,0,0,0,0,0,0,BENIGN
10.42.0.1-10.42.0.42-53-16601-17,10.42.0.42,16601,10.42.0.1,53,17,08/08/2017 02:58:27,48346,1,1,37.0,76.0,37.0,37.0,37.0,0.0,76.0,76.0,76.0,0.0,2337.318495842469,41.36846895296405,48346.0,0.0,48346.0,48346.0,0,0,0,0,0,0,0,0,0,0,0,0,0,0,20,20,20.684234476482025,20.684234476482025,37.0,76.0,50.0,22.516660498395403,507.0,0,0,0,0,0,0,0,0,1.0,75.0,37.0,76.0,20,0,0,0,0,0,0,1,37,1,76,-1,-1,0,20,0,0,0,0,0,0,0,0,BENIGN
10.42.0.1-10.42.0.42-53-34515-17,10.42.0.42,34515,10.42.0.1,53,17,08/08/2017 02:59:23,1208329,1,1,32.0,75.0,32.0,32.0,32.0,0.0,75.0,75.0,75.0,0.0,88.5520417038737,1.6551783496051158,1208329.0,0.0,1208329.0,1208329.0,0,0,0,0,0,0,0,0,0,0,0,0,0,0,40,32,0.8275891748025579,0.8275891748025579,32.0,75.0,46.333333333333336,24.826061575153908,616.3333333333334,0,0,0,0,0,0,0,0,1.0,69.5,32.0,75.0,40,0,0,0,0,0,0,1,32,1,75,-1,-1,0,40,0,0,0,0,0,0,0,0,BENIGN
10.42.0.42-123.125.29.220-44834-80-6,10.42.0.42,44834,123.125.29.220,80,6,08/08/2017 02:58:25,313349,1,1,0.0,0.0,0.0,0.0,0.0,0.0,0.0,0.0,0.0,0.0,0.0,6.382659590424734,313349.0,0.0,313349.0,313349.0,0,0,0,0,0,0,0,0,0,0,0,0,0,0,20,20,3.191329795212367,3.191329795212367,0.0,0.0,0.0,0.0,0.0,0,0,0,0,1,1,0,0,1.0,0.0,0.0,0.0,20,0,0,0,0,0,0,1,0,1,0,1386,137,0,20,0,0,0,0,0,0,0,0,BENIGN
10.42.0.1-10.42.0.42-53-1262-17,10.42.0.42,1262,10.42.0.1,53,17,08/08/2017 02:58:44,300611,1,1,41.0,133.0,41.0,41.0,41.0,0.0,133.0,133.0,133.0,0.0,578.8211342898297,6.6531164860899965,300611.0,0.0,300611.0,300611.0,0,0,0,0,0,0,0,0,0,0,0,0,0,0,20,20,3.3265582430449983,3.3265582430449983,41.0,133.0,71.66666666666667,53.11622476544557,2821.3333333333335,0,0,0,0,0,0,0,0,1.0,107.5,41.0,133.0,20,0,0,0,0,0,0,1,41,1,133,-1,-1,0,20,0,0,0,0,0,0,0,0,BENIGN
10.42.0.1-10.42.0.42-53-34939-17,10.42.0.42,34939,10.42.0.1,53,17,08/08/2017 02:58:35,231483,1,1,33.0,82.0,33.0,33.0,33.0,0.0,82.0,82.0,82.0,0.0,496.79674101337895,8.639943321971808,231483.0,0.0,231483.0,231483.0,0,0,0,0,0,0,0,0,0,0,0,0,0,0,20,32,4.319971660985904,4.319971660985904,33.0,82.0,49.33333333333333,28.29016319029166,800.3333333333333,0,0,0,0,0,0,0,0,1.0,74.0,33.0,82.0,20,0,0,0,0,0,0,1,33,1,82,-1,-1,0,20,0,0,0,0,0,0,0,0,BENIGN
10.42.0.1-10.42.0.42-53-37176-17,10.42.0.42,37176,10.42.0.1,53,17,08/08/2017 02:57:18,398765,1,1,32.0,74.0,32.0,32.0,32.0,0.0,74.0,74.0,74.0,0.0,265.82072147756196,5.015485310897396,398765.0,0.0,398765.0,398765.0,0,0,0,0,0,0,0,0,0,0,0,0,0,0,40,20,2.507742655448698,2.507742655448698,32.0,74.0,46.0,24.24871130596428,588.0,0,0,0,0,0,0,0,0,1.0,69.0,32.0,74.0,40,0,0,0,0,0,0,1,32,1,74,-1,-1,0,40,0,0,0,0,0,0,0,0,BENIGN
219.142.78.162-10.42.0.42-80-49612-6,10.42.0.42,49612,219.142.78.162,80,6,08/08/2017 02:59:20,255911,1,1,0.0,0.0,0.0,0.0,0.0,0.0,0.0,0.0,0.0,0.0,0.0,7.815217009038299,255911.0,0.0,255911.0,255911.0,0,0,0,0,0,0,0,0,0,0,0,0,0,0,20,20,3.9076085045191493,3.9076085045191493,0.0,0.0,0.0,0.0,0.0,0,0,0,0,1,1,0,0,1.0,0.0,0.0,0.0,20,0,0,0,0,0,0,1,0,1,0,1386,126,0,20,0,0,0,0,0,0,0,0,BENIGN
222.73.28.96-10.42.0.42-80-37229-6,222.73.28.96,80,10.42.0.42,37229,6,08/08/2017 03:00:07,5138,1,1,0.0,0.0,0.0,0.0,0.0,0.0,0.0,0.0,0.0,0.0,0.0,389.25652004671076,5138.0,0.0,5138.0,5138.0,0,0,0,0,0,0,0,0,0,0,0,0,0,0,20,20,194.62826002335538,194.62826002335538,0.0,0.0,0.0,0.0,0.0,0,0,0,0,1,1,0,0,1.0,0.0,0.0,0.0,20,0,0,0,0,0,0,1,0,1,0,58,1369,0,20,0,0,0,0,0,0,0,0,BENIGN
10.42.0.1-10.42.0.42-53-51967-17,10.42.0.42,51967,10.42.0.1,53,17,08/08/2017 02:58:43,1689195,1,1,34.0,80.0,34.0,34.0,34.0,0.0,80.0,80.0,80.0,0.0,67.48776784207863,1.183995927054011,1689195.0,0.0,1689195.0,1689195.0,0,0,0,0,0,0,0,0,0,0,0,0,0,0,20,20,0.5919979635270055,0.5919979635270055,34.0,80.0,49.333333333333336,26.558112382722786,705.3333333333334,0,0,0,0,0,0,0,0,1.0,74.0,34.0,80.0,20,0,0,0,0,0,0,1,34,1,80,-1,-1,0,20,0,0,0,0,0,0,0,0,BENIGN
10.42.0.1-10.42.0.42-53-8969-17,10.42.0.42,8969,10.42.0.1,53,17,08/08/2017 02:58:40,2400564,1,1,32.0,112.0,32.0,32.0,32.0,0.0,112.0,112.0,112.0,0.0,59.985903312721504,0.8331375460100209,2400564.0,0.0,2400564.0,2400564.0,0,0,0,0,0,0,0,0,0,0,0,0,0,0,40,20,0.41656877300501044,0.41656877300501044,32.0,112.0,58.66666666666667,46.188021535170066,2133.3333333333335,0,0,0,0,0,0,0,0,1.0,88.0,32.0,112.0,40,0,0,0,0,0,0,1,32,1,112,-1,-1,0,40,0,0,0,0,0,0,0,0,BENIGN
172.217.10.74-10.42.0.42-443-47291-6,172.217.10.74,443,10.42.0.42,47291,6,08/08/2017 03:00:16,78746435,2,2,0.0,31.0,0.0,0.0,0.0,0.0,31.0,0.0,15.5,21.920310216782973,0.39366861496650607,0.05079595031825885,2.6248811666666664E7,4.53958326605947E7,7.8667404E7,37007.0,7.8746435E7,7.8746435E7,0.0,7.8746435E7,7.8746435E7,7.8667404E7,7.8667404E7,0.0,7.8667404E7,7.8667404E7,0,0,0,0,52,64,0.025397975159129425,0.025397975159129425,0.0,31.0,6.2,13.863621460498695,192.2,0,0,0,0,1,1,0,0,1.0,7.75,0.0,15.5,52,0,0,0,0,0,0,2,0,2,31,213,1746,0,20,42024.0,0.0,42024.0,42024.0,7.8667404E7,0.0,7.8667404E7,7.8667404E7,BENIGN
10.42.0.1-10.42.0.42-53-40837-17,10.42.0.42,40837,10.42.0.1,53,17,08/08/2017 02:59:25,241859,1,1,37.0,53.0,37.0,37.0,37.0,0.0,53.0,53.0,53.0,0.0,372.1176387895427,8.269280861989838,241859.0,0.0,241859.0,241859.0,0,0,0,0,0,0,0,0,0,0,0,0,0,0,20,20,4.134640430994919,4.134640430994919,37.0,53.0,42.333333333333336,9.237604307034012,85.33333333333333,0,0,0,0,0,0,0,0,1.0,63.5,37.0,53.0,20,0,0,0,0,0,0,1,37,1,53,-1,-1,0,20,0,0,0,0,0,0,0,0,BENIGN
10.42.0.1-10.42.0.42-53-59845-17,10.42.0.42,59845,10.42.0.1,53,17,08/08/2017 02:59:21,994714,1,1,35.0,83.0,35.0,35.0,35.0,0.0,83.0,83.0,83.0,0.0,118.62706265318474,2.010628180562453,994714.0,0.0,994714.0,994714.0,0,0,0,0,0,0,0,0,0,0,0,0,0,0,20,32,1.0053140902812265,1.0053140902812265,35.0,83.0,51.0,27.712812921102035,768.0,0,0,0,0,0,0,0,0,1.0,76.5,35.0,83.0,20,0,0,0,0,0,0,1,35,1,83,-1,-1,0,20,0,0,0,0,0,0,0,0,BENIGN
180.163.255.159-10.42.0.42-443-44911-6,10.42.0.42,44911,180.163.255.159,443,6,08/08/2017 03:03:42,36991,2,0,0.0,0.0,0.0,0.0,0.0,0.0,0,0,0,0,0.0,54.06720553648184,36991.0,0.0,36991.0,36991.0,36991.0,36991.0,0.0,36991.0,36991.0,0,0,0,0,0,0,0,0,0,40,0,54.06720553648184,0.0,0.0,0.0,0.0,0.0,0.0,0,0,0,0,1,0,0,0,0.0,0.0,0.0,0.0,40,0,0,0,0,0,0,2,0,0,0,1597,-1,0,20,0,0,0,0,0,0,0,0,BENIGN
10.42.0.1-10.42.0.42-53-10551-17,10.42.0.42,10551,10.42.0.1,53,17,08/08/2017 02:58:20,1006,1,1,31.0,225.0,31.0,31.0,31.0,0.0,225.0,225.0,225.0,0.0,254473.16103379722,1988.0715705765408,1006.0,0.0,1006.0,1006.0,0,0,0,0,0,0,0,0,0,0,0,0,0,0,32,32,994.0357852882704,994.0357852882704,31.0,225.0,95.66666666666667,112.0059522227874,12545.333333333334,0,0,0,0,0,0,0,0,1.0,143.5,31.0,225.0,32,0,0,0,0,0,0,1,31,1,225,-1,-1,0,32,0,0,0,0,0,0,0,0,BENIGN
180.149.134.221-10.42.0.42-80-45666-6,180.149.134.221,80,10.42.0.42,45666,6,08/08/2017 03:00:07,2504,1,1,0.0,0.0,0.0,0.0,0.0,0.0,0.0,0.0,0.0,0.0,0.0,798.7220447284344,2504.0,0.0,2504.0,2504.0,0,0,0,0,0,0,0,0,0,0,0,0,0,0,20,20,399.3610223642172,399.3610223642172,0.0,0.0,0.0,0.0,0.0,0,0,0,0,1,1,0,0,1.0,0.0,0.0,0.0,20,0,0,0,0,0,0,1,0,1,0,46,1369,0,20,0,0,0,0,0,0,0,0,BENIGN
10.42.0.1-10.42.0.42-53-28044-17,10.42.0.42,28044,10.42.0.1,53,17,08/08/2017 02:58:20,31069,1,1,31.0,225.0,31.0,31.0,31.0,0.0,225.0,225.0,225.0,0.0,8239.72448421256,64.37284753291063,31069.0,0.0,31069.0,31069.0,0,0,0,0,0,0,0,0,0,0,0,0,0,0,32,32,32.18642376645531,32.18642376645531,31.0,225.0,95.66666666666667,112.0059522227874,12545.333333333334,0,0,0,0,0,0,0,0,1.0,143.5,31.0,225.0,32,0,0,0,0,0,0,1,31,1,225,-1,-1,0,32,0,0,0,0,0,0,0,0,BENIGN
10.42.0.1-10.42.0.42-53-21653-17,10.42.0.42,21653,10.42.0.1,53,17,08/08/2017 02:59:22,1635121,1,1,34.0,88.0,34.0,34.0,34.0,0.0,88.0,88.0,88.0,0.0,74.6122152427863,1.2231510695538739,1635121.0,0.0,1635121.0,1635121.0,0,0,0,0,0,0,0,0,0,0,0,0,0,0,32,20,0.6115755347769369,0.6115755347769369,34.0,88.0,52.0,31.176914536239792,972.0,0,0,0,0,0,0,0,0,1.0,78.0,34.0,88.0,32,0,0,0,0,0,0,1,34,1,88,-1,-1,0,32,0,0,0,0,0,0,0,0,BENIGN
10.42.0.42-23.208.87.120-36682-80-6,10.42.0.42,36682,23.208.87.120,80,6,08/08/2017 03:07:01,194068,2,0,0.0,0.0,0.0,0.0,0.0,0.0,0,0,0,0,0.0,10.305666055197149,194068.0,0.0,194068.0,194068.0,194068.0,194068.0,0.0,194068.0,194068.0,0,0,0,0,0,0,0,0,0,64,0,10.305666055197149,0.0,0.0,0.0,0.0,0.0,0.0,0,0,0,0,1,1,0,0,0.0,0.0,0.0,0.0,64,0,0,0,0,0,0,2,0,0,0,982,-1,0,32,0,0,0,0,0,0,0,0,BENIGN
10.42.0.1-10.42.0.42-53-26825-17,10.42.0.42,26825,10.42.0.1,53,17,08/08/2017 02:58:26,78517,1,1,32.0,70.0,32.0,32.0,32.0,0.0,70.0,70.0,70.0,0.0,1299.0817275239756,25.47219073576423,78517.0,0.0,78517.0,78517.0,0,0,0,0,0,0,0,0,0,0,0,0,0,0,40,40,12.736095367882115,12.736095367882115,32.0,70.0,44.666666666666664,21.939310229205777,481.3333333333333,0,0,0,0,0,0,0,0,1.0,67.0,32.0,70.0,40,0,0,0,0,0,0,1,32,1,70,-1,-1,0,40,0,0,0,0,0,0,0,0,BENIGN
10.42.0.1-10.42.0.42-53-28480-17,10.42.0.42,28480,10.42.0.1,53,17,08/08/2017 02:59:25,48688,1,1,38.0,183.0,38.0,38.0,38.0,0.0,183.0,183.0,183.0,0.0,4539.106145251397,41.077883667433454,48688.0,0.0,48688.0,48688.0,0,0,0,0,0,0,0,0,0,0,0,0,0,0,32,40,20.538941833716727,20.538941833716727,38.0,183.0,86.33333333333334,83.71578903249574,7008.333333333334,0,0,0,0,0,0,0,0,1.0,129.5,38.0,183.0,32,0,0,0,0,0,0,1,38,1,183,-1,-1,0,32,0,0,0,0,0,0,0,0,BENIGN
10.42.0.1-10.42.0.42-53-6891-17,10.42.0.42,6891,10.42.0.1,53,17,08/08/2017 02:57:42,31209,1,1,40.0,80.0,40.0,40.0,40.0,0.0,80.0,80.0,80.0,0.0,3845.044698644622,64.08407831074369,31209.0,0.0,31209.0,31209.0,0,0,0,0,0,0,0,0,0,0,0,0,0,0,32,40,32.042039155371846,32.042039155371846,40.0,80.0,53.333333333333336,23.094010767585033,533.3333333333334,0,0,0,0,0,0,0,0,1.0,80.0,40.0,80.0,32,0,0,0,0,0,0,1,40,1,80,-1,-1,0,32,0,0,0,0,0,0,0,0,BENIGN
10.42.0.42-64.71.142.96-43867-80-6,10.42.0.42,43867,64.71.142.96,80,6,08/08/2017 02:58:50,63956,1,1,0.0,0.0,0.0,0.0,0.0,0.0,0.0,0.0,0.0,0.0,0.0,31.271499155669524,63956.0,0.0,63956.0,63956.0,0,0,0,0,0,0,0,0,0,0,0,0,0,0,20,32,15.635749577834762,15.635749577834762,0.0,0.0,0.0,0.0,0.0,0,0,0,0,1,0,0,0,1.0,0.0,0.0,0.0,20,0,0,0,0,0,0,1,0,1,0,1369,29,0,20,0,0,0,0,0,0,0,0,BENIGN
10.42.0.1-10.42.0.42-53-6799-17,10.42.0.42,6799,10.42.0.1,53,17,08/08/2017 02:58:26,633422,1,1,33.0,153.0,33.0,33.0,33.0,0.0,153.0,153.0,153.0,0.0,293.64310049224684,3.1574526934650198,633422.0,0.0,633422.0,633422.0,0,0,0,0,0,0,0,0,0,0,0,0,0,0,20,20,1.5787263467325099,1.5787263467325099,33.0,153.0,73.0,69.2820323027551,4800.0,0,0,0,0,0,0,0,0,1.0,109.5,33.0,153.0,20,0,0,0,0,0,0,1,33,1,153,-1,-1,0,20,0,0,0,0,0,0,0,0,BENIGN
10.42.0.1-10.42.0.42-53-41281-17,10.42.0.42,41281,10.42.0.1,53,17,08/08/2017 02:58:17,60843,1,1,34.0,179.0,34.0,34.0,34.0,0.0,179.0,179.0,179.0,0.0,3500.8135693506238,32.871488914090364,60843.0,0.0,60843.0,60843.0,0,0,0,0,0,0,0,0,0,0,0,0,0,0,32,44,16.435744457045182,16.435744457045182,34.0,179.0,82.33333333333334,83.71578903249574,7008.333333333334,0,0,0,0,0,0,0,0,1.0,123.5,34.0,179.0,32,0,0,0,0,0,0,1,34,1,179,-1,-1,0,32,0,0,0,0,0,0,0,0,BENIGN
10.42.0.42-31.13.69.203-56891-443-6,10.42.0.42,56891,31.13.69.203,443,6,08/08/2017 03:01:08,264517,7,7,327.0,3811.0,209.0,0.0,46.714285714285715,83.99348047262217,1398.0,0.0,544.4285714285714,629.9052460867579,15643.607027147593,52.9266549975994,20347.46153846154,35465.614923978086,128537.0,3.0,264517.0,44086.166666666664,44724.09258740379,128537.0,1613.0,217643.0,36273.833333333336,66395.03550542516,165419.0,3.0,0,0,0,0,232,232,26.4633274987997,26.4633274987997,0.0,1398.0,275.8666666666667,490.74067441349257,240826.4095238095,0,0,0,1,0,0,0,0,1.0,295.57142857142856,46.714285714285715,544.4285714285714,232,0,0,0,0,0,0,7,327,7,3811,65535,114,2,32,0,0,0,0,0,0,0,0,BENIGN
10.42.0.1-10.42.0.42-53-30728-17,10.42.0.42,30728,10.42.0.1,53,17,08/08/2017 02:59:27,220779,1,1,37.0,84.0,37.0,37.0,37.0,0.0,84.0,84.0,84.0,0.0,548.0593715887834,9.058832588244353,220779.0,0.0,220779.0,220779.0,0,0,0,0,0,0,0,0,0,0,0,0,0,0,40,20,4.529416294122177,4.529416294122177,37.0,84.0,52.666666666666664,27.13546265191241,736.3333333333333,0,0,0,0,0,0,0,0,1.0,79.0,37.0,84.0,40,0,0,0,0,0,0,1,37,1,84,-1,-1,0,40,0,0,0,0,0,0,0,0,BENIGN
219.146.248.94-10.42.0.42-80-53097-6,219.146.248.94,80,10.42.0.42,53097,6,08/08/2017 02:59:27,6151,1,1,0.0,0.0,0.0,0.0,0.0,0.0,0.0,0.0,0.0,0.0,0.0,325.1503820516989,6151.0,0.0,6151.0,6151.0,0,0,0,0,0,0,0,0,0,0,0,0,0,0,20,20,162.57519102584945,162.57519102584945,0.0,0.0,0.0,0.0,0.0,0,0,0,0,1,1,0,0,1.0,0.0,0.0,0.0,20,0,0,0,0,0,0,1,0,1,0,29,1369,0,20,0,0,0,0,0,0,0,0,BENIGN
10.42.0.1-10.42.0.42-53-47553-17,10.42.0.42,47553,10.42.0.1,53,17,08/08/2017 02:58:28,457821,1,1,37.0,182.0,37.0,37.0,37.0,0.0,182.0,182.0,182.0,0.0,478.35289337972705,4.3685195742440825,457821.0,0.0,457821.0,457821.0,0,0,0,0,0,0,0,0,0,0,0,0,0,0,20,20,2.1842597871220413,2.1842597871220413,37.0,182.0,85.33333333333334,83.71578903249574,7008.333333333334,0,0,0,0,0,0,0,0,1.0,128.0,37.0,182.0,20,0,0,0,0,0,0,1,37,1,182,-1,-1,0,20,0,0,0,0,0,0,0,0,BENIGN
172.217.10.74-10.42.0.42-443-41758-6,10.42.0.42,41758,172.217.10.74,443,6,08/08/2017 03:01:32,188589,2,0,0.0,0.0,0.0,0.0,0.0,0.0,0,0,0,0,0.0,10.605072406131853,188589.0,0.0,188589.0,188589.0,188589.0,188589.0,0.0,188589.0,188589.0,0,0,0,0,0,0,0,0,0,64,0,10.605072406131853,0.0,0.0,0.0,0.0,0.0,0.0,0,0,0,0,1,1,0,0,0.0,0.0,0.0,0.0,64,0,0,0,0,0,0,2,0,0,0,175,-1,0,32,0,0,0,0,0,0,0,0,BENIGN
10.42.0.1-10.42.0.42-53-47790-17,10.42.0.42,47790,10.42.0.1,53,17,08/08/2017 02:57:15,60884,1,1,35.0,82.0,35.0,35.0,35.0,0.0,82.0,82.0,82.0,0.0,1921.6871427632875,32.84935286774851,60884.0,0.0,60884.0,60884.0,0,0,0,0,0,0,0,0,0,0,0,0,0,0,32,40,16.424676433874254,16.424676433874254,35.0,82.0,50.666666666666664,27.13546265191241,736.3333333333333,0,0,0,0,0,0,0,0,1.0,76.0,35.0,82.0,32,0,0,0,0,0,0,1,35,1,82,-1,-1,0,32,0,0,0,0,0,0,0,0,BENIGN
10.42.0.1-10.42.0.42-53-43246-17,10.42.0.42,43246,10.42.0.1,53,17,08/08/2017 02:58:20,67,1,1,32.0,225.0,32.0,32.0,32.0,0.0,225.0,225.0,225.0,0.0,3835820.8955223877,29850.746268656716,67.0,0.0,67.0,67.0,0,0,0,0,0,0,0,0,0,0,0,0,0,0,20,20,14925.373134328358,14925.373134328358,32.0,225.0,96.33333333333333,111.42860195359776,12416.333333333332,0,0,0,0,0,0,0,0,1.0,144.5,32.0,225.0,20,0,0,0,0,0,0,1,32,1,225,-1,-1,0,20,0,0,0,0,0,0,0,0,BENIGN
183.232.231.30-10.42.0.42-443-45945-6,10.42.0.42,45945,183.232.231.30,443,6,08/08/2017 02:58:43,272894,1,1,0.0,0.0,0.0,0.0,0.0,0.0,0.0,0.0,0.0,0.0,0.0,7.328852961223038,272894.0,0.0,272894.0,272894.0,0,0,0,0,0,0,0,0,0,0,0,0,0,0,20,20,3.664426480611519,3.664426480611519,0.0,0.0,0.0,0.0,0.0,0,0,0,0,1,1,0,0,1.0,0.0,0.0,0.0,20,0,0,0,0,0,0,1,0,1,0,4198,760,0,20,0,0,0,0,0,0,0,0,BENIGN
172.217.10.74-10.42.0.42-443-33132-6,172.217.10.74,443,10.42.0.42,33132,6,08/08/2017 02:59:13,66699,1,1,0.0,0.0,0.0,0.0,0.0,0.0,0.0,0.0,0.0,0.0,0.0,29.98545705332914,66699.0,0.0,66699.0,66699.0,0,0,0,0,0,0,0,0,0,0,0,0,0,0,32,32,14.99272852666457,14.99272852666457,0.0,0.0,0.0,0.0,0.0,0,0,0,0,1,1,0,0,1.0,0.0,0.0,0.0,32,0,0,0,0,0,0,1,0,1,0,194,1593,0,32,0,0,0,0,0,0,0,0,BENIGN
10.42.0.42-123.125.29.220-45239-80-6,10.42.0.42,45239,123.125.29.220,80,6,08/08/2017 02:59:30,321024,1,1,0.0,0.0,0.0,0.0,0.0,0.0,0.0,0.0,0.0,0.0,0.0,6.23006379585327,321024.0,0.0,321024.0,321024.0,0,0,0,0,0,0,0,0,0,0,0,0,0,0,20,20,3.115031897926635,3.115031897926635,0.0,0.0,0.0,0.0,0.0,0,0,0,0,1,1,0,0,1.0,0.0,0.0,0.0,20,0,0,0,0,0,0,1,0,1,0,1386,137,0,20,0,0,0,0,0,0,0,0,BENIGN
10.42.0.1-10.42.0.42-53-13974-17,10.42.0.42,13974,10.42.0.1,53,17,08/08/2017 02:58:23,755005,1,1,36.0,89.0,36.0,36.0,36.0,0.0,89.0,89.0,89.0,0.0,165.56181747140747,2.6489890795425195,755005.0,0.0,755005.0,755005.0,0,0,0,0,0,0,0,0,0,0,0,0,0,0,32,40,1.3244945397712597,1.3244945397712597,36.0,89.0,53.66666666666667,30.599564267050166,936.3333333333334,0,0,0,0,0,0,0,0,1.0,80.5,36.0,89.0,32,0,0,0,0,0,0,1,36,1,89,-1,-1,0,32,0,0,0,0,0,0,0,0,BENIGN
10.42.0.1-10.42.0.42-53-1716-17,10.42.0.42,1716,10.42.0.1,53,17,08/08/2017 02:57:14,90934,1,1,31.0,105.0,31.0,31.0,31.0,0.0,105.0,105.0,105.0,0.0,1495.5902082829305,21.993973651219566,90934.0,0.0,90934.0,90934.0,0,0,0,0,0,0,0,0,0,0,0,0,0,0,20,20,10.996986825609783,10.996986825609783,31.0,105.0,55.66666666666667,42.72391992003231,1825.3333333333335,0,0,0,0,0,0,0,0,1.0,83.5,31.0,105.0,20,0,0,0,0,0,0,1,31,1,105,-1,-1,0,20,0,0,0,0,0,0,0,0,BENIGN
10.42.0.42-23.208.87.120-36669-80-6,10.42.0.42,36669,23.208.87.120,80,6,08/08/2017 03:06:40,44457,2,0,0.0,0.0,0.0,0.0,0.0,0.0,0,0,0,0,0.0,44.98729109026699,44457.0,0.0,44457.0,44457.0,44457.0,44457.0,0.0,44457.0,44457.0,0,0,0,0,0,0,0,0,0,64,0,44.98729109026699,0.0,0.0,0.0,0.0,0.0,0.0,0,0,0,0,1,1,0,0,0.0,0.0,0.0,0.0,64,0,0,0,0,0,0,2,0,0,0,972,-1,0,32,0,0,0,0,0,0,0,0,BENIGN
10.42.0.42-104.192.110.245-50659-80-6,104.192.110.245,80,10.42.0.42,50659,6,08/08/2017 02:58:46,2912,1,1,0.0,0.0,0.0,0.0,0.0,0.0,0.0,0.0,0.0,0.0,0.0,686.8131868131868,2912.0,0.0,2912.0,2912.0,0,0,0,0,0,0,0,0,0,0,0,0,0,0,20,20,343.4065934065934,343.4065934065934,0.0,0.0,0.0,0.0,0.0,0,0,0,0,1,1,0,0,1.0,0.0,0.0,0.0,20,0,0,0,0,0,0,1,0,1,0,29,1369,0,20,0,0,0,0,0,0,0,0,BENIGN
198.11.132.53-10.42.0.42-443-43222-6,10.42.0.42,43222,198.11.132.53,443,6,08/08/2017 02:58:39,91170083,12,16,1018.0,6140.0,375.0,0.0,84.83333333333333,122.52334347776221,1452.0,0.0,383.75,568.6679757702791,78.51259716413772,0.30711829010839004,3376669.7407407407,1.7329410021956313E7,9.0087171E7,3.0,1082912.0,98446.54545454546,109984.05084044106,293036.0,283.0,9.1082332E7,6072155.466666668,2.324297801296008E7,9.008943E7,3.0,0,0,0,0,260,352,0.13162212433216716,0.17549616577622287,0.0,1452.0,246.82758620689657,450.85926446584176,203274.07635467986,0,0,0,1,0,0,0,0,1.0,255.64285714285714,84.83333333333333,383.75,260,0,0,0,0,0,0,12,1018,16,6140,65535,0,6,20,1082912.0,0.0,1082912.0,1082912.0,9.0087171E7,0.0,9.0087171E7,9.0087171E7,BENIGN
10.42.0.42-123.59.190.251-54531-80-6,123.59.190.251,80,10.42.0.42,54531,6,08/08/2017 02:58:35,2494,1,1,0.0,0.0,0.0,0.0,0.0,0.0,0.0,0.0,0.0,0.0,0.0,801.924619085806,2494.0,0.0,2494.0,2494.0,0,0,0,0,0,0,0,0,0,0,0,0,0,0,20,20,400.962309542903,400.962309542903,0.0,0.0,0.0,0.0,0.0,0,0,0,0,1,1,0,0,1.0,0.0,0.0,0.0,20,0,0,0,0,0,0,1,0,1,0,8190,65535,0,20,0,0,0,0,0,0,0,0,BENIGN
10.42.0.1-10.42.0.42-53-42059-17,10.42.0.42,42059,10.42.0.1,53,17,08/08/2017 02:58:36,1719373,1,1,34.0,80.0,34.0,34.0,34.0,0.0,80.0,80.0,80.0,0.0,66.30323961118384,1.1632147300207691,1719373.0,0.0,1719373.0,1719373.0,0,0,0,0,0,0,0,0,0,0,0,0,0,0,32,40,0.5816073650103846,0.5816073650103846,34.0,80.0,49.333333333333336,26.558112382722786,705.3333333333334,0,0,0,0,0,0,0,0,1.0,74.0,34.0,80.0,32,0,0,0,0,0,0,1,34,1,80,-1,-1,0,32,0,0,0,0,0,0,0,0,BENIGN
10.42.0.1-10.42.0.42-53-21746-17,10.42.0.42,21746,10.42.0.1,53,17,08/08/2017 02:58:26,864794,1,1,32.0,148.0,32.0,32.0,32.0,0.0,148.0,148.0,148.0,0.0,208.14205463960204,2.312689495995578,864794.0,0.0,864794.0,864794.0,0,0,0,0,0,0,0,0,0,0,0,0,0,0,20,20,1.156344747997789,1.156344747997789,32.0,148.0,70.66666666666666,66.97263122599658,4485.333333333333,0,0,0,0,0,0,0,0,1.0,106.0,32.0,148.0,20,0,0,0,0,0,0,1,32,1,148,-1,-1,0,20,0,0,0,0,0,0,0,0,BENIGN
10.42.0.1-10.42.0.42-53-1195-17,10.42.0.42,1195,10.42.0.1,53,17,08/08/2017 03:00:07,31100,1,1,37.0,53.0,37.0,37.0,37.0,0.0,53.0,53.0,53.0,0.0,2893.8906752411576,64.30868167202573,31100.0,0.0,31100.0,31100.0,0,0,0,0,0,0,0,0,0,0,0,0,0,0,32,32,32.154340836012864,32.154340836012864,37.0,53.0,42.333333333333336,9.237604307034012,85.33333333333333,0,0,0,0,0,0,0,0,1.0,63.5,37.0,53.0,32,0,0,0,0,0,0,1,37,1,53,-1,-1,0,32,0,0,0,0,0,0,0,0,BENIGN
222.73.28.96-10.42.0.42-80-36800-6,222.73.28.96,80,10.42.0.42,36800,6,08/08/2017 02:58:39,9426,1,1,0.0,0.0,0.0,0.0,0.0,0.0,0.0,0.0,0.0,0.0,0.0,212.17907914279652,9426.0,0.0,9426.0,9426.0,0,0,0,0,0,0,0,0,0,0,0,0,0,0,20,20,106.08953957139826,106.08953957139826,0.0,0.0,0.0,0.0,0.0,0,0,0,0,1,1,0,0,1.0,0.0,0.0,0.0,20,0,0,0,0,0,0,1,0,1,0,58,1369,0,20,0,0,0,0,0,0,0,0,BENIGN
10.42.0.1-10.42.0.42-53-35980-17,10.42.0.42,35980,10.42.0.1,53,17,08/08/2017 02:58:32,364826,1,1,35.0,67.0,35.0,35.0,35.0,0.0,67.0,67.0,67.0,0.0,279.58533657140663,5.482065422968758,364826.0,0.0,364826.0,364826.0,0,0,0,0,0,0,0,0,0,0,0,0,0,0,32,20,2.741032711484379,2.741032711484379,35.0,67.0,45.666666666666664,18.475208614068023,341.3333333333333,0,0,0,0,0,0,0,0,1.0,68.5,35.0,67.0,32,0,0,0,0,0,0,1,35,1,67,-1,-1,0,32,0,0,0,0,0,0,0,0,BENIGN
10.42.0.42-106.11.94.1-56628-443-6,10.42.0.42,56628,106.11.94.1,443,6,08/08/2017 02:58:41,91323892,13,12,776.0,3675.0,259.0,0.0,59.692307692307686,84.9474196345251,1452.0,0.0,306.25,547.841902376954,48.73861486323864,0.27375092598988227,3805162.166666667,1.8377157337777942E7,9.0081882E7,2.0,962740.0,80228.33333333334,124534.80664043163,319802.0,2.0,9.1009076E7,8273552.363636363,2.7133066790829744E7,9.0081882E7,3.0,0,0,0,0,280,260,0.14235048151473878,0.13140044447514349,0.0,1452.0,171.19230769230776,389.7611596073441,151913.76153846155,0,0,0,1,0,0,0,0,0.0,178.04,59.69230769230769,306.25,280,0,0,0,0,0,0,13,776,12,3675,65535,0,7,20,1242010.0,0.0,1242010.0,1242010.0,9.0081882E7,0.0,9.0081882E7,9.0081882E7,BENIGN
180.149.153.68-10.42.0.42-80-55448-6,180.149.153.68,80,10.42.0.42,55448,6,08/08/2017 03:00:07,5405,1,1,0.0,0.0,0.0,0.0,0.0,0.0,0.0,0.0,0.0,0.0,0.0,370.0277520814061,5405.0,0.0,5405.0,5405.0,0,0,0,0,0,0,0,0,0,0,0,0,0,0,32,32,185.01387604070305,185.01387604070305,0.0,0.0,0.0,0.0,0.0,0,0,0,0,1,1,0,0,1.0,0.0,0.0,0.0,32,0,0,0,0,0,0,1,0,1,0,115,1369,0,32,0,0,0,0,0,0,0,0,BENIGN
219.142.78.162-10.42.0.42-80-49452-6,10.42.0.42,49452,219.142.78.162,80,6,08/08/2017 02:58:34,254123,1,1,0.0,0.0,0.0,0.0,0.0,0.0,0.0,0.0,0.0,0.0,0.0,7.870204585968213,254123.0,0.0,254123.0,254123.0,0,0,0,0,0,0,0,0,0,0,0,0,0,0,20,20,3.9351022929841064,3.9351022929841064,0.0,0.0,0.0,0.0,0.0,0,0,0,0,1,1,0,0,1.0,0.0,0.0,0.0,20,0,0,0,0,0,0,1,0,1,0,1386,125,0,20,0,0,0,0,0,0,0,0,BENIGN
219.142.78.162-10.42.0.42-80-49498-6,219.142.78.162,80,10.42.0.42,49498,6,08/08/2017 02:58:50,3038,1,1,187.0,0.0,187.0,187.0,187.0,0.0,0.0,0.0,0.0,0.0,61553.65371955234,658.3278472679394,3038.0,0.0,3038.0,3038.0,0,0,0,0,0,0,0,0,0,0,0,0,0,0,20,20,329.1639236339697,329.1639236339697,0.0,187.0,124.66666666666666,107.96450033846003,11656.333333333334,0,0,0,0,1,1,0,0,1.0,187.0,187.0,0.0,20,0,0,0,0,0,0,1,187,1,0,115,0,0,20,0,0,0,0,0,0,0,0,BENIGN
180.149.153.68-10.42.0.42-80-55167-6,180.149.153.68,80,10.42.0.42,55167,6,08/08/2017 02:58:55,44514,1,1,0.0,0.0,0.0,0.0,0.0,0.0,0.0,0.0,0.0,0.0,0.0,44.92968504290785,44514.0,0.0,44514.0,44514.0,0,0,0,0,0,0,0,0,0,0,0,0,0,0,32,32,22.464842521453924,22.464842521453924,0.0,0.0,0.0,0.0,0.0,0,0,0,0,1,1,0,0,1.0,0.0,0.0,0.0,32,0,0,0,0,0,0,1,0,1,0,114,1369,0,32,0,0,0,0,0,0,0,0,BENIGN
10.42.0.1-10.42.0.42-53-20641-17,10.42.0.42,20641,10.42.0.1,53,17,08/08/2017 02:58:22,48498,1,1,37.0,53.0,37.0,37.0,37.0,0.0,53.0,53.0,53.0,0.0,1855.7466287269579,41.23881397171017,48498.0,0.0,48498.0,48498.0,0,0,0,0,0,0,0,0,0,0,0,0,0,0,20,20,20.619406985855086,20.619406985855086,37.0,53.0,42.333333333333336,9.237604307034012,85.33333333333333,0,0,0,0,0,0,0,0,1.0,63.5,37.0,53.0,20,0,0,0,0,0,0,1,37,1,53,-1,-1,0,20,0,0,0,0,0,0,0,0,BENIGN
180.149.138.210-10.42.0.42-80-40797-6,180.149.138.210,80,10.42.0.42,40797,6,08/08/2017 02:58:50,2437,1,1,187.0,0.0,187.0,187.0,187.0,0.0,0.0,0.0,0.0,0.0,76733.68896183833,820.6811653672548,2437.0,0.0,2437.0,2437.0,0,0,0,0,0,0,0,0,0,0,0,0,0,0,20,20,410.3405826836274,410.3405826836274,0.0,187.0,124.66666666666666,107.96450033846003,11656.333333333334,0,0,0,0,1,1,0,0,1.0,187.0,187.0,0.0,20,0,0,0,0,0,0,1,187,1,0,115,0,0,20,0,0,0,0,0,0,0,0,BENIGN
180.149.138.197-10.42.0.42-80-37580-6,180.149.138.197,80,10.42.0.42,37580,6,08/08/2017 02:58:28,2535,1,1,0.0,0.0,0.0,0.0,0.0,0.0,0.0,0.0,0.0,0.0,0.0,788.9546351084813,2535.0,0.0,2535.0,2535.0,0,0,0,0,0,0,0,0,0,0,0,0,0,0,20,20,394.47731755424064,394.47731755424064,0.0,0.0,0.0,0.0,0.0,0,0,0,0,1,1,0,0,1.0,0.0,0.0,0.0,20,0,0,0,0,0,0,1,0,1,0,115,1369,0,20,0,0,0,0,0,0,0,0,BENIGN
10.42.0.42-31.13.71.52-41290-80-6,31.13.71.52,80,10.42.0.42,41290,6,08/08/2017 03:01:48,2185,1,1,0.0,0.0,0.0,0.0,0.0,0.0,0.0,0.0,0.0,0.0,0.0,915.3318077803204,2185.0,0.0,2185.0,2185.0,0,0,0,0,0,0,0,0,0,0,0,0,0,0,32,32,457.6659038901602,457.6659038901602,0.0,0.0,0.0,0.0,0.0,0,0,0,0,1,1,0,0,1.0,0.0,0.0,0.0,32,0,0,0,0,0,0,1,0,1,0,110,1369,0,32,0,0,0,0,0,0,0,0,BENIGN
208.80.154.224-10.42.0.42-80-54420-6,208.80.154.224,80,10.42.0.42,54420,6,08/08/2017 03:01:53,137325,1,2,0.0,0.0,0.0,0.0,0.0,0.0,0.0,0.0,0.0,0.0,0.0,21.84598580010923,68662.5,97096.36765863077,137320.0,5.0,0,0,0,0,0,5.0,5.0,0.0,5.0,5.0,0,0,0,0,32,76,7.281995266703077,14.563990533406153,0.0,0.0,0.0,0.0,0.0,0,0,0,0,1,1,0,0,2.0,0.0,0.0,0.0,32,0,0,0,0,0,0,1,0,2,0,57,1369,0,32,0,0,0,0,0,0,0,0,BENIGN
10.42.0.1-10.42.0.42-53-1161-17,10.42.0.42,1161,10.42.0.1,53,17,08/08/2017 02:59:21,245704,1,1,35.0,371.0,35.0,35.0,35.0,0.0,371.0,371.0,371.0,0.0,1652.3947514081985,8.139875622700485,245704.0,0.0,245704.0,245704.0,0,0,0,0,0,0,0,0,0,0,0,0,0,0,20,32,4.0699378113502425,4.0699378113502425,35.0,371.0,147.0,193.98969044771425,37632.0,0,0,0,0,0,0,0,0,1.0,220.5,35.0,371.0,20,0,0,0,0,0,0,1,35,1,371,-1,-1,0,20,0,0,0,0,0,0,0,0,BENIGN
10.42.0.1-10.42.0.42-53-5053-17,10.42.0.42,5053,10.42.0.1,53,17,08/08/2017 02:57:14,60985,1,1,34.0,126.0,34.0,34.0,34.0,0.0,126.0,126.0,126.0,0.0,2623.595966221202,32.794949577765024,60985.0,0.0,60985.0,60985.0,0,0,0,0,0,0,0,0,0,0,0,0,0,0,40,20,16.397474788882512,16.397474788882512,34.0,126.0,64.66666666666667,53.11622476544557,2821.3333333333335,0,0,0,0,0,0,0,0,1.0,97.0,34.0,126.0,40,0,0,0,0,0,0,1,34,1,126,-1,-1,0,40,0,0,0,0,0,0,0,0,BENIGN
10.42.0.1-10.42.0.42-53-55977-17,10.42.0.42,55977,10.42.0.1,53,17,08/08/2017 02:59:24,1132071,1,1,37.0,98.0,37.0,37.0,37.0,0.0,98.0,98.0,98.0,0.0,119.2504710393606,1.7666736450275644,1132071.0,0.0,1132071.0,1132071.0,0,0,0,0,0,0,0,0,0,0,0,0,0,0,32,20,0.8833368225137822,0.8833368225137822,37.0,98.0,57.33333333333333,35.21836642056717,1240.3333333333333,0,0,0,0,0,0,0,0,1.0,86.0,37.0,98.0,32,0,0,0,0,0,0,1,37,1,98,-1,-1,0,32,0,0,0,0,0,0,0,0,BENIGN
10.42.0.42-36.110.210.167-37171-80-6,10.42.0.42,37171,36.110.210.167,80,6,08/08/2017 02:58:56,265535,1,1,0.0,0.0,0.0,0.0,0.0,0.0,0.0,0.0,0.0,0.0,0.0,7.53196377125426,265535.0,0.0,265535.0,265535.0,0,0,0,0,0,0,0,0,0,0,0,0,0,0,20,20,3.76598188562713,3.76598188562713,0.0,0.0,0.0,0.0,0.0,0,0,0,0,1,1,0,0,1.0,0.0,0.0,0.0,20,0,0,0,0,0,0,1,0,1,0,1369,115,0,20,0,0,0,0,0,0,0,0,BENIGN
10.42.0.1-10.42.0.42-53-21194-17,10.42.0.42,21194,10.42.0.1,53,17,08/08/2017 02:58:30,148685,1,1,34.0,145.0,34.0,34.0,34.0,0.0,145.0,145.0,145.0,0.0,1203.8874129871876,13.45125601103003,148685.0,0.0,148685.0,148685.0,0,0,0,0,0,0,0,0,0,0,0,0,0,0,32,20,6.725628005515015,6.725628005515015,34.0,145.0,71.0,64.08587988004847,4107.0,0,0,0,0,0,0,0,0,1.0,106.5,34.0,145.0,32,0,0,0,0,0,0,1,34,1,145,-1,-1,0,32,0,0,0,0,0,0,0,0,BENIGN
10.42.0.1-10.42.0.42-53-65315-17,10.42.0.42,65315,10.42.0.1,53,17,08/08/2017 02:57:13,31088,1,1,37.0,77.0,37.0,37.0,37.0,0.0,77.0,77.0,77.0,0.0,3667.009778692743,64.33350488934637,31088.0,0.0,31088.0,31088.0,0,0,0,0,0,0,0,0,0,0,0,0,0,0,20,20,32.166752444673186,32.166752444673186,37.0,77.0,50.333333333333336,23.094010767585033,533.3333333333334,0,0,0,0,0,0,0,0,1.0,75.5,37.0,77.0,20,0,0,0,0,0,0,1,37,1,77,-1,-1,0,20,0,0,0,0,0,0,0,0,BENIGN
10.42.0.1-10.42.0.42-53-23295-17,10.42.0.42,23295,10.42.0.1,53,17,08/08/2017 02:57:18,53994,1,1,27.0,59.0,27.0,27.0,27.0,0.0,59.0,59.0,59.0,0.0,1592.7695669889247,37.04115272067267,53994.0,0.0,53994.0,53994.0,0,0,0,0,0,0,0,0,0,0,0,0,0,0,20,20,18.520576360336335,18.520576360336335,27.0,59.0,37.666666666666664,18.475208614068023,341.3333333333333,0,0,0,0,0,0,0,0,1.0,56.5,27.0,59.0,20,0,0,0,0,0,0,1,27,1,59,-1,-1,0,20,0,0,0,0,0,0,0,0,BENIGN
10.42.0.1-10.42.0.42-53-50896-17,10.42.0.42,50896,10.42.0.1,53,17,08/08/2017 02:59:16,410709,1,1,33.0,178.0,33.0,33.0,33.0,0.0,178.0,178.0,178.0,0.0,513.745742119116,4.869627887384985,410709.0,0.0,410709.0,410709.0,0,0,0,0,0,0,0,0,0,0,0,0,0,0,40,20,2.4348139436924927,2.4348139436924927,33.0,178.0,81.33333333333334,83.71578903249574,7008.333333333334,0,0,0,0,0,0,0,0,1.0,122.0,33.0,178.0,40,0,0,0,0,0,0,1,33,1,178,-1,-1,0,40,0,0,0,0,0,0,0,0,BENIGN
174.35.73.99-10.42.0.42-80-60291-6,174.35.73.99,80,10.42.0.42,60291,6,08/08/2017 02:58:24,17078,2,1,0.0,0.0,0.0,0.0,0.0,0.0,0.0,0.0,0.0,0.0,0.0,175.66459772807121,8539.0,11586.651716522767,16732.0,346.0,17078.0,17078.0,0.0,17078.0,17078.0,0,0,0,0,0,0,0,0,0,64,44,117.10973181871414,58.55486590935707,0.0,0.0,0.0,0.0,0.0,0,0,0,0,1,1,0,0,0.0,0.0,0.0,0.0,64,0,0,0,0,0,0,2,0,1,0,676,1657,0,32,0,0,0,0,0,0,0,0,BENIGN
203.130.53.126-10.42.0.42-80-57456-6,203.130.53.126,80,10.42.0.42,57456,6,08/08/2017 02:59:15,11682,1,1,0.0,0.0,0.0,0.0,0.0,0.0,0.0,0.0,0.0,0.0,0.0,171.2035610340695,11682.0,0.0,11682.0,11682.0,0,0,0,0,0,0,0,0,0,0,0,0,0,0,20,20,85.60178051703475,85.60178051703475,0.0,0.0,0.0,0.0,0.0,0,0,0,0,1,0,0,0,1.0,0.0,0.0,0.0,20,0,0,0,0,0,0,1,0,1,0,68,0,0,20,0,0,0,0,0,0,0,0,BENIGN
10.42.0.42-106.11.93.16-50250-443-6,10.42.0.42,50250,106.11.93.16,443,6,08/08/2017 02:58:27,12207485,7,7,326.0,3774.0,200.0,0.0,46.57142857142858,82.35463383614619,1452.0,0.0,539.1428571428571,651.6718060934836,335.85951569877005,1.146837370678727,939037.3076923076,3040188.659076724,1.1047438E7,3.0,1.2207485E7,2034580.8333333333,4418110.655258214,1.1047438E7,11083.0,752075.0,125345.83333333334,194746.12887183833,410833.0,3.0,0,0,0,0,160,160,0.5734186853393635,0.5734186853393635,0.0,1452.0,273.33333333333337,501.28344799932825,251285.09523809524,0,0,0,1,0,0,0,0,1.0,292.85714285714283,46.57142857142857,539.1428571428571,160,0,0,0,0,0,0,7,326,7,3774,65535,11354,2,20,1160047.0,0.0,1160047.0,1160047.0,1.1047438E7,0.0,1.1047438E7,1.1047438E7,BENIGN
10.42.0.42-23.208.87.120-36826-80-6,10.42.0.42,36826,23.208.87.120,80,6,08/08/2017 02:58:50,15714,1,1,0.0,0.0,0.0,0.0,0.0,0.0,0.0,0.0,0.0,0.0,0.0,127.27504136438846,15714.0,0.0,15714.0,15714.0,0,0,0,0,0,0,0,0,0,0,0,0,0,0,32,44,63.63752068219423,63.63752068219423,0.0,0.0,0.0,0.0,0.0,0,0,0,0,1,0,0,0,1.0,0.0,0.0,0.0,32,0,0,0,0,0,0,1,0,1,0,1369,905,0,32,0,0,0,0,0,0,0,0,BENIGN
219.146.248.94-10.42.0.42-80-53095-6,219.146.248.94,80,10.42.0.42,53095,6,08/08/2017 02:59:27,2121,1,1,0.0,0.0,0.0,0.0,0.0,0.0,0.0,0.0,0.0,0.0,0.0,942.951438000943,2121.0,0.0,2121.0,2121.0,0,0,0,0,0,0,0,0,0,0,0,0,0,0,20,20,471.4757190004715,471.4757190004715,0.0,0.0,0.0,0.0,0.0,0,0,0,0,1,1,0,0,1.0,0.0,0.0,0.0,20,0,0,0,0,0,0,1,0,1,0,29,1369,0,20,0,0,0,0,0,0,0,0,BENIGN
180.149.136.247-10.42.0.42-80-34305-6,180.149.136.247,80,10.42.0.42,34305,6,08/08/2017 03:00:07,2387,1,1,187.0,0.0,187.0,187.0,187.0,0.0,0.0,0.0,0.0,0.0,78341.0138248848,837.8718056137411,2387.0,0.0,2387.0,2387.0,0,0,0,0,0,0,0,0,0,0,0,0,0,0,20,20,418.93590280687056,418.93590280687056,0.0,187.0,124.66666666666666,107.96450033846003,11656.333333333334,0,0,0,0,1,1,0,0,1.0,187.0,187.0,0.0,20,0,0,0,0,0,0,1,187,1,0,115,0,0,20,0,0,0,0,0,0,0,0,BENIGN
10.42.0.42-123.125.29.220-45242-80-6,10.42.0.42,45242,123.125.29.220,80,6,08/08/2017 02:59:30,308012,1,1,0.0,0.0,0.0,0.0,0.0,0.0,0.0,0.0,0.0,0.0,0.0,6.493253509603522,308012.0,0.0,308012.0,308012.0,0,0,0,0,0,0,0,0,0,0,0,0,0,0,20,20,3.246626754801761,3.246626754801761,0.0,0.0,0.0,0.0,0.0,0,0,0,0,1,1,0,0,1.0,0.0,0.0,0.0,20,0,0,0,0,0,0,1,0,1,0,1386,137,0,20,0,0,0,0,0,0,0,0,BENIGN
10.42.0.1-10.42.0.42-53-4925-17,10.42.0.42,4925,10.42.0.1,53,17,08/08/2017 02:57:15,811938,1,1,36.0,84.0,36.0,36.0,36.0,0.0,84.0,84.0,84.0,0.0,147.79453603600274,2.4632422672667125,811938.0,0.0,811938.0,811938.0,0,0,0,0,0,0,0,0,0,0,0,0,0,0,20,20,1.2316211336333562,1.2316211336333562,36.0,84.0,52.0,27.712812921102035,768.0,0,0,0,0,0,0,0,0,1.0,78.0,36.0,84.0,20,0,0,0,0,0,0,1,36,1,84,-1,-1,0,20,0,0,0,0,0,0,0,0,BENIGN
172.217.10.110-10.42.0.42-443-45806-6,10.42.0.42,45806,172.217.10.110,443,6,08/08/2017 03:02:06,87791,2,0,0.0,0.0,0.0,0.0,0.0,0.0,0,0,0,0,0.0,22.78137850121311,87791.0,0.0,87791.0,87791.0,87791.0,87791.0,0.0,87791.0,87791.0,0,0,0,0,0,0,0,0,0,64,0,22.78137850121311,0.0,0.0,0.0,0.0,0.0,0.0,0,0,0,0,1,1,0,0,0.0,0.0,0.0,0.0,64,0,0,0,0,0,0,2,0,0,0,191,-1,0,32,0,0,0,0,0,0,0,0,BENIGN
10.42.0.1-10.42.0.42-53-32144-17,10.42.0.42,32144,10.42.0.1,53,17,08/08/2017 02:57:13,90800,1,1,30.0,116.0,30.0,30.0,30.0,0.0,116.0,116.0,116.0,0.0,1607.9295154185022,22.026431718061673,90800.0,0.0,90800.0,90800.0,0,0,0,0,0,0,0,0,0,0,0,0,0,0,40,32,11.013215859030836,11.013215859030836,30.0,116.0,58.66666666666667,49.652123150307816,2465.3333333333335,0,0,0,0,0,0,0,0,1.0,88.0,30.0,116.0,40,0,0,0,0,0,0,1,30,1,116,-1,-1,0,40,0,0,0,0,0,0,0,0,BENIGN
180.149.136.194-10.42.0.42-80-55704-6,10.42.0.42,55704,180.149.136.194,80,6,08/08/2017 02:59:25,261380,1,1,0.0,0.0,0.0,0.0,0.0,0.0,0.0,0.0,0.0,0.0,0.0,7.651694850409366,261380.0,0.0,261380.0,261380.0,0,0,0,0,0,0,0,0,0,0,0,0,0,0,20,20,3.825847425204683,3.825847425204683,0.0,0.0,0.0,0.0,0.0,0,0,0,0,1,1,0,0,1.0,0.0,0.0,0.0,20,0,0,0,0,0,0,1,0,1,0,1386,127,0,20,0,0,0,0,0,0,0,0,BENIGN
10.42.0.1-10.42.0.42-53-46118-17,10.42.0.42,46118,10.42.0.1,53,17,08/08/2017 02:57:15,30753,1,1,34.0,50.0,34.0,34.0,34.0,0.0,50.0,50.0,50.0,0.0,2731.4408350404838,65.034305596202,30753.0,0.0,30753.0,30753.0,0,0,0,0,0,0,0,0,0,0,0,0,0,0,40,20,32.517152798101,32.517152798101,34.0,50.0,39.333333333333336,9.237604307034012,85.33333333333333,0,0,0,0,0,0,0,0,1.0,59.0,34.0,50.0,40,0,0,0,0,0,0,1,34,1,50,-1,-1,0,40,0,0,0,0,0,0,0,0,BENIGN
10.42.0.42-123.125.29.220-44913-80-6,10.42.0.42,44913,123.125.29.220,80,6,08/08/2017 02:58:32,303270,1,1,0.0,0.0,0.0,0.0,0.0,0.0,0.0,0.0,0.0,0.0,0.0,6.594783526230752,303270.0,0.0,303270.0,303270.0,0,0,0,0,0,0,0,0,0,0,0,0,0,0,20,20,3.297391763115376,3.297391763115376,0.0,0.0,0.0,0.0,0.0,0,0,0,0,1,1,0,0,1.0,0.0,0.0,0.0,20,0,0,0,0,0,0,1,0,1,0,1386,137,0,20,0,0,0,0,0,0,0,0,BENIGN
10.42.0.42-119.146.74.33-48020-443-6,10.42.0.42,48020,119.146.74.33,443,6,08/08/2017 02:58:16,6274735,3,0,0.0,0.0,0.0,0.0,0.0,0.0,0,0,0,0,0.0,0.4781078404107903,3137367.5,4392443.380033999,6243294.0,31441.0,6274735.0,3137367.5,4392443.380033999,6243294.0,31441.0,0,0,0,0,0,0,0,0,0,60,0,0.4781078404107903,0.0,0.0,0.0,0.0,0.0,0.0,0,0,0,0,1,0,0,0,0.0,0.0,0.0,0.0,60,0,0,0,0,0,0,3,0,0,0,1548,-1,0,20,31441.0,0.0,31441.0,31441.0,6243294.0,0.0,6243294.0,6243294.0,BENIGN
10.42.0.1-10.42.0.42-53-3566-17,10.42.0.42,3566,10.42.0.1,53,17,08/08/2017 02:58:28,30821,1,1,36.0,52.0,36.0,36.0,36.0,0.0,52.0,52.0,52.0,0.0,2855.196132507057,64.8908211933422,30821.0,0.0,30821.0,30821.0,0,0,0,0,0,0,0,0,0,0,0,0,0,0,20,20,32.4454105966711,32.4454105966711,36.0,52.0,41.333333333333336,9.237604307034012,85.33333333333333,0,0,0,0,0,0,0,0,1.0,62.0,36.0,52.0,20,0,0,0,0,0,0,1,36,1,52,-1,-1,0,20,0,0,0,0,0,0,0,0,BENIGN
180.149.138.210-10.42.0.42-80-40666-6,180.149.138.210,80,10.42.0.42,40666,6,08/08/2017 02:58:26,4968,3,2,2920.0,0.0,1460.0,0.0,973.3333333333333,842.9313930168537,0.0,0.0,0.0,0.0,587761.6747181964,1006.4412238325282,1242.0,1118.2328320464692,2818.0,176.0,3829.0,1914.5,1277.7419536040913,2818.0,1011.0,963.0,963.0,0.0,963.0,963.0,0,0,0,0,60,64,603.8647342995168,402.5764895330113,0.0,1460.0,730.0,799.6749339575425,639480.0,0,0,0,0,1,0,0,0,0.0,876.0,973.3333333333334,0.0,60,0,0,0,0,0,0,3,2920,2,0,126,1643,1,20,0,0,0,0,0,0,0,0,BENIGN
180.149.136.194-10.42.0.42-80-55739-6,10.42.0.42,55739,180.149.136.194,80,6,08/08/2017 02:59:27,257938,1,1,0.0,0.0,0.0,0.0,0.0,0.0,0.0,0.0,0.0,0.0,0.0,7.753801301087858,257938.0,0.0,257938.0,257938.0,0,0,0,0,0,0,0,0,0,0,0,0,0,0,20,20,3.876900650543929,3.876900650543929,0.0,0.0,0.0,0.0,0.0,0,0,0,0,1,1,0,0,1.0,0.0,0.0,0.0,20,0,0,0,0,0,0,1,0,1,0,1386,126,0,20,0,0,0,0,0,0,0,0,BENIGN
10.42.0.1-10.42.0.42-53-44190-17,10.42.0.42,44190,10.42.0.1,53,17,08/08/2017 02:58:40,1002191,1,1,32.0,207.0,32.0,32.0,32.0,0.0,207.0,207.0,207.0,0.0,238.47749580668753,1.9956275799722807,1002191.0,0.0,1002191.0,1002191.0,0,0,0,0,0,0,0,0,0,0,0,0,0,0,20,32,0.9978137899861403,0.9978137899861403,32.0,207.0,90.33333333333334,101.03629710818451,10208.333333333334,0,0,0,0,0,0,0,0,1.0,135.5,32.0,207.0,20,0,0,0,0,0,0,1,32,1,207,-1,-1,0,20,0,0,0,0,0,0,0,0,BENIGN
180.149.153.68-10.42.0.42-80-55241-6,180.149.153.68,80,10.42.0.42,55241,6,08/08/2017 02:59:29,1902,1,1,0.0,0.0,0.0,0.0,0.0,0.0,0.0,0.0,0.0,0.0,0.0,1051.5247108307044,1902.0,0.0,1902.0,1902.0,0,0,0,0,0,0,0,0,0,0,0,0,0,0,32,32,525.7623554153522,525.7623554153522,0.0,0.0,0.0,0.0,0.0,0,0,0,0,1,1,0,0,1.0,0.0,0.0,0.0,32,0,0,0,0,0,0,1,0,1,0,115,1369,0,32,0,0,0,0,0,0,0,0,BENIGN
8.0.6.4-8.6.0.1-0-0-0,8.6.0.1,0,8.0.6.4,0,0,08/08/2017 03:06:45,61861815,8,0,0.0,0.0,0.0,0.0,0.0,0.0,0,0,0,0,0.0,0.12932048631292178,8837402.142857144,2.330767582469564E7,6.1694123E7,6.0,6.1861815E7,8837402.142857144,2.330767582469564E7,6.1694123E7,6.0,0,0,0,0,0,0,0,0,0,0,0,0.12932048631292178,0.0,0.0,0.0,0.0,0.0,0.0,0,0,0,0,0,0,0,0,0.0,0.0,0.0,0.0,0,0,0,0,0,0,0,8,0,0,0,-1,-1,0,0,138536.0,0.0,138536.0,138536.0,6.1694123E7,0.0,6.1694123E7,6.1694123E7,BENIGN
10.42.0.1-10.42.0.42-53-57149-17,10.42.0.42,57149,10.42.0.1,53,17,08/08/2017 02:58:41,413668,1,1,34.0,74.0,34.0,34.0,34.0,0.0,74.0,74.0,74.0,0.0,261.0789328640359,4.834795053037702,413668.0,0.0,413668.0,413668.0,0,0,0,0,0,0,0,0,0,0,0,0,0,0,20,32,2.417397526518851,2.417397526518851,34.0,74.0,47.333333333333336,23.094010767585033,533.3333333333334,0,0,0,0,0,0,0,0,1.0,71.0,34.0,74.0,20,0,0,0,0,0,0,1,34,1,74,-1,-1,0,20,0,0,0,0,0,0,0,0,BENIGN
10.42.0.1-10.42.0.42-53-43425-17,10.42.0.42,43425,10.42.0.1,53,17,08/08/2017 02:57:13,828001,1,1,30.0,98.0,30.0,30.0,30.0,0.0,98.0,98.0,98.0,0.0,154.58918527876173,2.415456019980652,828001.0,0.0,828001.0,828001.0,0,0,0,0,0,0,0,0,0,0,0,0,0,0,32,20,1.207728009990326,1.207728009990326,30.0,98.0,52.66666666666667,39.25981830489455,1541.3333333333335,0,0,0,0,0,0,0,0,1.0,79.0,30.0,98.0,32,0,0,0,0,0,0,1,30,1,98,-1,-1,0,32,0,0,0,0,0,0,0,0,BENIGN
10.42.0.42-113.108.216.233-44052-80-6,113.108.216.233,80,10.42.0.42,44052,6,08/08/2017 02:58:32,2211,1,1,187.0,0.0,187.0,187.0,187.0,0.0,0.0,0.0,0.0,0.0,84577.1144278607,904.5680687471732,2211.0,0.0,2211.0,2211.0,0,0,0,0,0,0,0,0,0,0,0,0,0,0,20,20,452.2840343735866,452.2840343735866,0.0,187.0,124.66666666666666,107.96450033846003,11656.333333333334,0,0,0,0,1,1,0,0,1.0,187.0,187.0,0.0,20,0,0,0,0,0,0,1,187,1,0,115,0,0,20,0,0,0,0,0,0,0,0,BENIGN
10.42.0.42-104.193.88.109-40376-80-6,10.42.0.42,40376,104.193.88.109,80,6,08/08/2017 02:58:50,87825,2,1,0.0,0.0,0.0,0.0,0.0,0.0,0.0,0.0,0.0,0.0,0.0,34.158838599487616,43912.5,10532.355505773625,51360.0,36465.0,36465.0,36465.0,0.0,36465.0,36465.0,0,0,0,0,0,0,0,0,0,64,44,22.77255906632508,11.38627953316254,0.0,0.0,0.0,0.0,0.0,0,0,0,0,1,1,0,0,0.0,0.0,0.0,0.0,64,0,0,0,0,0,0,2,0,1,0,1369,3620,0,32,0,0,0,0,0,0,0,0,BENIGN
10.42.0.1-10.42.0.42-53-39601-17,10.42.0.42,39601,10.42.0.1,53,17,08/08/2017 02:58:26,448872,1,1,37.0,84.0,37.0,37.0,37.0,0.0,84.0,84.0,84.0,0.0,269.5645974799052,4.4556131814860365,448872.0,0.0,448872.0,448872.0,0,0,0,0,0,0,0,0,0,0,0,0,0,0,20,40,2.2278065907430182,2.2278065907430182,37.0,84.0,52.666666666666664,27.13546265191241,736.3333333333333,0,0,0,0,0,0,0,0,1.0,79.0,37.0,84.0,20,0,0,0,0,0,0,1,37,1,84,-1,-1,0,20,0,0,0,0,0,0,0,0,BENIGN
10.42.0.1-10.42.0.42-53-12806-17,10.42.0.42,12806,10.42.0.1,53,17,08/08/2017 02:57:13,394223,1,1,33.0,78.0,33.0,33.0,33.0,0.0,78.0,78.0,78.0,0.0,281.5665245305322,5.0732707122618415,394223.0,0.0,394223.0,394223.0,0,0,0,0,0,0,0,0,0,0,0,0,0,0,32,40,2.5366353561309207,2.5366353561309207,33.0,78.0,48.0,25.98076211353316,675.0,0,0,0,0,0,0,0,0,1.0,72.0,33.0,78.0,32,0,0,0,0,0,0,1,33,1,78,-1,-1,0,32,0,0,0,0,0,0,0,0,BENIGN
10.42.0.42-123.125.29.220-44979-80-6,10.42.0.42,44979,123.125.29.220,80,6,08/08/2017 02:58:41,305534,1,1,0.0,0.0,0.0,0.0,0.0,0.0,0.0,0.0,0.0,0.0,0.0,6.545916330097469,305534.0,0.0,305534.0,305534.0,0,0,0,0,0,0,0,0,0,0,0,0,0,0,20,20,3.2729581650487347,3.2729581650487347,0.0,0.0,0.0,0.0,0.0,0,0,0,0,1,1,0,0,1.0,0.0,0.0,0.0,20,0,0,0,0,0,0,1,0,1,0,1386,137,0,20,0,0,0,0,0,0,0,0,BENIGN
10.42.0.42-14.29.93.254-54386-80-6,14.29.93.254,80,10.42.0.42,54386,6,08/08/2017 02:58:37,67235,2,1,0.0,0.0,0.0,0.0,0.0,0.0,0.0,0.0,0.0,0.0,0.0,44.619617758607866,33617.5,43701.3203976722,64519.0,2716.0,67235.0,67235.0,0.0,67235.0,67235.0,0,0,0,0,0,0,0,0,0,40,20,29.74641183907191,14.873205919535955,0.0,0.0,0.0,0.0,0.0,0,0,0,0,1,1,0,0,0.0,0.0,0.0,0.0,40,0,0,0,0,0,0,2,0,1,0,8190,65535,0,20,0,0,0,0,0,0,0,0,BENIGN
10.42.0.1-10.42.0.42-53-22651-17,10.42.0.42,22651,10.42.0.1,53,17,08/08/2017 02:58:36,245317,1,1,29.0,45.0,29.0,29.0,29.0,0.0,45.0,45.0,45.0,0.0,301.65051749369184,8.152716689018698,245317.0,0.0,245317.0,245317.0,0,0,0,0,0,0,0,0,0,0,0,0,0,0,32,32,4.076358344509349,4.076358344509349,29.0,45.0,34.333333333333336,9.237604307034012,85.33333333333333,0,0,0,0,0,0,0,0,1.0,51.5,29.0,45.0,32,0,0,0,0,0,0,1,29,1,45,-1,-1,0,32,0,0,0,0,0,0,0,0,BENIGN
10.42.0.1-10.42.0.42-53-33229-17,10.42.0.42,33229,10.42.0.1,53,17,08/08/2017 02:59:37,386706,1,1,35.0,51.0,35.0,35.0,35.0,0.0,51.0,51.0,51.0,0.0,222.39117055334026,5.171887687286983,386706.0,0.0,386706.0,386706.0,0,0,0,0,0,0,0,0,0,0,0,0,0,0,32,20,2.5859438436434914,2.5859438436434914,35.0,51.0,40.333333333333336,9.237604307034012,85.33333333333333,0,0,0,0,0,0,0,0,1.0,60.5,35.0,51.0,32,0,0,0,0,0,0,1,35,1,51,-1,-1,0,32,0,0,0,0,0,0,0,0,BENIGN
172.217.10.35-10.42.0.42-443-33233-6,10.42.0.42,33233,172.217.10.35,443,6,08/08/2017 03:02:36,35893,2,1,0.0,0.0,0.0,0.0,0.0,0.0,0.0,0.0,0.0,0.0,0.0,83.5817568885298,17946.5,25197.75014758262,35764.0,129.0,129.0,129.0,0.0,129.0,129.0,0,0,0,0,0,0,0,0,0,76,32,55.72117125901986,27.86058562950993,0.0,0.0,0.0,0.0,0.0,0,0,0,0,1,0,0,0,0.0,0.0,0.0,0.0,76,0,0,0,0,0,0,2,0,1,0,1681,578,0,32,0,0,0,0,0,0,0,0,BENIGN
169.45.210.81-10.42.0.42-443-44223-6,10.42.0.42,44223,169.45.210.81,443,6,08/08/2017 03:05:35,81518328,7,4,102.0,39.0,37.0,0.0,14.571428571428571,16.84099307104684,39.0,0.0,9.75,19.5,1.7296723750271228,0.13493897961204504,8151832.800000003,2.5583889169361033E7,8.0964805E7,7794.0,8.1518328E7,1.3586388E7,3.3043552316804286E7,8.1036169E7,16032.0,8.1250309E7,2.7083436333333336E7,4.672505403698335E7,8.1036872E7,79158.0,1,0,0,0,224,128,0.08587025975311957,0.04906871985892547,0.0,39.0,14.833333333333332,17.67809807403363,312.51515151515156,0,1,0,0,1,0,0,0,0.0,16.181818181818183,14.571428571428571,9.75,224,0,0,0,0,0,0,7,102,4,39,514,514,4,32,243239.0,0.0,243239.0,243239.0,8.0964805E7,0.0,8.0964805E7,8.0964805E7,BENIGN
172.217.11.13-10.42.0.42-443-55079-17,10.42.0.42,55079,172.217.11.13,443,17,08/08/2017 03:00:07,347056,9,9,3974.0,5822.0,1350.0,35.0,441.5555555555556,610.841450605456,1350.0,18.0,646.888888888889,646.6064190147753,28225.992347056384,51.86482873081002,20415.058823529413,22324.031363282564,62028.0,2.0,285028.0,35628.5,32677.65158986446,94648.0,321.0,297126.0,37140.75,45243.812488560245,114643.0,2.0,0,0,0,0,240,236,25.93241436540501,25.93241436540501,18.0,1350.0,586.6315789473686,629.5788019273341,396369.46783625736,0,0,0,0,0,0,0,0,1.0,619.2222222222222,441.55555555555554,646.8888888888889,240,0,0,0,0,0,0,9,3974,9,5822,-1,-1,8,20,0,0,0,0,0,0,0,0,BENIGN
172.217.10.3-10.42.0.42-443-55838-6,10.42.0.42,55838,172.217.10.3,443,6,08/08/2017 03:01:40,63256,2,0,0.0,0.0,0.0,0.0,0.0,0.0,0,0,0,0,0.0,31.61755406601745,63256.0,0.0,63256.0,63256.0,63256.0,63256.0,0.0,63256.0,63256.0,0,0,0,0,0,0,0,0,0,64,0,31.61755406601745,0.0,0.0,0.0,0.0,0.0,0.0,0,0,0,0,1,1,0,0,0.0,0.0,0.0,0.0,64,0,0,0,0,0,0,2,0,0,0,175,-1,0,32,0,0,0,0,0,0,0,0,BENIGN
172.217.10.99-10.42.0.42-443-40565-6,10.42.0.42,40565,172.217.10.99,443,6,08/08/2017 03:04:09,3413,1,1,0.0,0.0,0.0,0.0,0.0,0.0,0.0,0.0,0.0,0.0,0.0,585.9947260474656,3413.0,0.0,3413.0,3413.0,0,0,0,0,0,0,0,0,0,0,0,0,0,0,44,32,292.9973630237328,292.9973630237328,0.0,0.0,0.0,0.0,0.0,0,0,0,0,1,0,0,0,1.0,0.0,0.0,0.0,44,0,0,0,0,0,0,1,0,1,0,1728,179,0,44,0,0,0,0,0,0,0,0,BENIGN
10.42.0.1-10.42.0.42-53-10173-17,10.42.0.42,10173,10.42.0.1,53,17,08/08/2017 02:58:24,1907659,1,1,37.0,182.0,37.0,37.0,37.0,0.0,182.0,182.0,182.0,0.0,114.80039147457695,1.04840540159431,1907659.0,0.0,1907659.0,1907659.0,0,0,0,0,0,0,0,0,0,0,0,0,0,0,40,32,0.524202700797155,0.524202700797155,37.0,182.0,85.33333333333334,83.71578903249574,7008.333333333334,0,0,0,0,0,0,0,0,1.0,128.0,37.0,182.0,40,0,0,0,0,0,0,1,37,1,182,-1,-1,0,40,0,0,0,0,0,0,0,0,BENIGN
10.42.0.42-23.208.87.120-36666-80-6,10.42.0.42,36666,23.208.87.120,80,6,08/08/2017 03:06:40,181004,2,0,0.0,0.0,0.0,0.0,0.0,0.0,0,0,0,0,0.0,11.049479569512275,181004.0,0.0,181004.0,181004.0,181004.0,181004.0,0.0,181004.0,181004.0,0,0,0,0,0,0,0,0,0,64,0,11.049479569512275,0.0,0.0,0.0,0.0,0.0,0.0,0,0,0,0,1,1,0,0,0.0,0.0,0.0,0.0,64,0,0,0,0,0,0,2,0,0,0,1006,-1,0,32,0,0,0,0,0,0,0,0,BENIGN
10.42.0.1-10.42.0.42-53-14942-17,10.42.0.42,14942,10.42.0.1,53,17,08/08/2017 02:58:42,1078144,1,1,33.0,210.0,33.0,33.0,33.0,0.0,210.0,210.0,210.0,0.0,225.3873323044046,1.8550397720527128,1078144.0,0.0,1078144.0,1078144.0,0,0,0,0,0,0,0,0,0,0,0,0,0,0,32,20,0.9275198860263564,0.9275198860263564,33.0,210.0,92.0,102.19099764656376,10443.0,0,0,0,0,0,0,0,0,1.0,138.0,33.0,210.0,32,0,0,0,0,0,0,1,33,1,210,-1,-1,0,32,0,0,0,0,0,0,0,0,BENIGN
10.42.0.42-123.125.29.220-44841-80-6,10.42.0.42,44841,123.125.29.220,80,6,08/08/2017 02:58:26,309925,1,1,0.0,0.0,0.0,0.0,0.0,0.0,0.0,0.0,0.0,0.0,0.0,6.453174155037509,309925.0,0.0,309925.0,309925.0,0,0,0,0,0,0,0,0,0,0,0,0,0,0,20,20,3.2265870775187544,3.2265870775187544,0.0,0.0,0.0,0.0,0.0,0,0,0,0,1,1,0,0,1.0,0.0,0.0,0.0,20,0,0,0,0,0,0,1,0,1,0,1386,137,0,20,0,0,0,0,0,0,0,0,BENIGN
10.42.0.1-10.42.0.42-53-17824-17,10.42.0.42,17824,10.42.0.1,53,17,08/08/2017 03:03:11,61081,1,1,37.0,77.0,37.0,37.0,37.0,0.0,77.0,77.0,77.0,0.0,1866.3741589037506,32.743406296557026,61081.0,0.0,61081.0,61081.0,0,0,0,0,0,0,0,0,0,0,0,0,0,0,32,32,16.371703148278513,16.371703148278513,37.0,77.0,50.333333333333336,23.094010767585033,533.3333333333334,0,0,0,0,0,0,0,0,1.0,75.5,37.0,77.0,32,0,0,0,0,0,0,1,37,1,77,-1,-1,0,32,0,0,0,0,0,0,0,0,BENIGN
10.42.0.42-106.11.135.2-52863-80-6,106.11.135.2,80,10.42.0.42,52863,6,08/08/2017 02:58:52,6538,1,1,0.0,0.0,0.0,0.0,0.0,0.0,0.0,0.0,0.0,0.0,0.0,305.90394616090543,6538.0,0.0,6538.0,6538.0,0,0,0,0,0,0,0,0,0,0,0,0,0,0,20,20,152.95197308045272,152.95197308045272,0.0,0.0,0.0,0.0,0.0,0,0,0,0,1,1,0,0,1.0,0.0,0.0,0.0,20,0,0,0,0,0,0,1,0,1,0,11679,65535,0,20,0,0,0,0,0,0,0,0,BENIGN
203.130.53.126-10.42.0.42-80-57356-6,10.42.0.42,57356,203.130.53.126,80,6,08/08/2017 02:58:50,24546,1,1,0.0,0.0,0.0,0.0,0.0,0.0,0.0,0.0,0.0,0.0,0.0,81.47967082212989,24546.0,0.0,24546.0,24546.0,0,0,0,0,0,0,0,0,0,0,0,0,0,0,20,20,40.739835411064945,40.739835411064945,0.0,0.0,0.0,0.0,0.0,0,0,0,0,1,1,0,0,1.0,0.0,0.0,0.0,20,0,0,0,0,0,0,1,0,1,0,2875,83,0,20,0,0,0,0,0,0,0,0,BENIGN
10.42.0.1-10.42.0.42-53-14558-17,10.42.0.42,14558,10.42.0.1,53,17,08/08/2017 02:58:25,463785,1,1,32.0,217.0,32.0,32.0,32.0,0.0,217.0,217.0,217.0,0.0,536.8867039684336,4.3123430037625194,463785.0,0.0,463785.0,463785.0,0,0,0,0,0,0,0,0,0,0,0,0,0,0,32,20,2.1561715018812597,2.1561715018812597,32.0,217.0,93.66666666666666,106.80979980008077,11408.333333333332,0,0,0,0,0,0,0,0,1.0,140.5,32.0,217.0,32,0,0,0,0,0,0,1,32,1,217,-1,-1,0,32,0,0,0,0,0,0,0,0,BENIGN
10.42.0.1-10.42.0.42-53-54653-17,10.42.0.42,54653,10.42.0.1,53,17,08/08/2017 02:59:24,1198547,1,1,36.0,181.0,36.0,36.0,36.0,0.0,181.0,181.0,181.0,0.0,181.05255780540938,1.6686871687134506,1198547.0,0.0,1198547.0,1198547.0,0,0,0,0,0,0,0,0,0,0,0,0,0,0,20,20,0.8343435843567253,0.8343435843567253,36.0,181.0,84.33333333333334,83.71578903249574,7008.333333333334,0,0,0,0,0,0,0,0,1.0,126.5,36.0,181.0,20,0,0,0,0,0,0,1,36,1,181,-1,-1,0,20,0,0,0,0,0,0,0,0,BENIGN
10.42.0.1-10.42.0.42-53-50714-17,10.42.0.42,50714,10.42.0.1,53,17,08/08/2017 02:58:26,964130,1,1,30.0,149.0,30.0,30.0,30.0,0.0,149.0,149.0,149.0,0.0,185.65961021853897,2.074409052721106,964130.0,0.0,964130.0,964130.0,0,0,0,0,0,0,0,0,0,0,0,0,0,0,40,20,1.037204526360553,1.037204526360553,30.0,149.0,69.66666666666666,68.70468203356546,4720.333333333333,0,0,0,0,0,0,0,0,1.0,104.5,30.0,149.0,40,0,0,0,0,0,0,1,30,1,149,-1,-1,0,40,0,0,0,0,0,0,0,0,BENIGN
10.42.0.42-23.208.87.120-36970-80-6,23.208.87.120,80,10.42.0.42,36970,6,08/08/2017 02:59:26,2932,1,1,0.0,0.0,0.0,0.0,0.0,0.0,0.0,0.0,0.0,0.0,0.0,682.1282401091405,2932.0,0.0,2932.0,2932.0,0,0,0,0,0,0,0,0,0,0,0,0,0,0,32,32,341.06412005457025,341.06412005457025,0.0,0.0,0.0,0.0,0.0,0,0,0,0,1,1,0,0,1.0,0.0,0.0,0.0,32,0,0,0,0,0,0,1,0,1,0,905,1369,0,32,0,0,0,0,0,0,0,0,BENIGN
10.42.0.1-10.42.0.42-53-14408-17,10.42.0.42,14408,10.42.0.1,53,17,08/08/2017 02:59:22,307261,1,1,42.0,105.0,42.0,42.0,42.0,0.0,105.0,105.0,105.0,0.0,478.4206261126534,6.509124164798005,307261.0,0.0,307261.0,307261.0,0,0,0,0,0,0,0,0,0,0,0,0,0,0,32,32,3.2545620823990027,3.2545620823990027,42.0,105.0,63.0,36.373066958946424,1323.0,0,0,0,0,0,0,0,0,1.0,94.5,42.0,105.0,32,0,0,0,0,0,0,1,42,1,105,-1,-1,0,32,0,0,0,0,0,0,0,0,BENIGN
219.142.78.162-10.42.0.42-80-49443-6,10.42.0.42,49443,219.142.78.162,80,6,08/08/2017 02:58:31,256891,1,1,0.0,0.0,0.0,0.0,0.0,0.0,0.0,0.0,0.0,0.0,0.0,7.785403147638493,256891.0,0.0,256891.0,256891.0,0,0,0,0,0,0,0,0,0,0,0,0,0,0,20,20,3.8927015738192465,3.8927015738192465,0.0,0.0,0.0,0.0,0.0,0,0,0,0,1,1,0,0,1.0,0.0,0.0,0.0,20,0,0,0,0,0,0,1,0,1,0,1386,125,0,20,0,0,0,0,0,0,0,0,BENIGN
10.42.0.1-10.42.0.42-53-24169-17,10.42.0.42,24169,10.42.0.1,53,17,08/08/2017 02:58:20,1128469,1,1,30.0,46.0,30.0,30.0,30.0,0.0,46.0,46.0,46.0,0.0,67.34788461180591,1.7723127529422609,1128469.0,0.0,1128469.0,1128469.0,0,0,0,0,0,0,0,0,0,0,0,0,0,0,20,20,0.8861563764711304,0.8861563764711304,30.0,46.0,35.333333333333336,9.237604307034012,85.33333333333333,0,0,0,0,0,0,0,0,1.0,53.0,30.0,46.0,20,0,0,0,0,0,0,1,30,1,46,-1,-1,0,20,0,0,0,0,0,0,0,0,BENIGN
10.42.0.1-10.42.0.42-53-7250-17,10.42.0.42,7250,10.42.0.1,53,17,08/08/2017 02:58:30,100813,1,1,26.0,42.0,26.0,26.0,26.0,0.0,42.0,42.0,42.0,0.0,674.5161834287245,19.838711277315426,100813.0,0.0,100813.0,100813.0,0,0,0,0,0,0,0,0,0,0,0,0,0,0,20,20,9.919355638657713,9.919355638657713,26.0,42.0,31.333333333333332,9.237604307034012,85.33333333333333,0,0,0,0,0,0,0,0,1.0,47.0,26.0,42.0,20,0,0,0,0,0,0,1,26,1,42,-1,-1,0,20,0,0,0,0,0,0,0,0,BENIGN
10.42.0.1-10.42.0.42-53-16193-17,10.42.0.42,16193,10.42.0.1,53,17,08/08/2017 02:59:18,1082331,1,1,36.0,141.0,36.0,36.0,36.0,0.0,141.0,141.0,141.0,0.0,163.53592385323898,1.8478635463642823,1082331.0,0.0,1082331.0,1082331.0,0,0,0,0,0,0,0,0,0,0,0,0,0,0,20,32,0.9239317731821411,0.9239317731821411,36.0,141.0,71.0,60.6217782649107,3675.0,0,0,0,0,0,0,0,0,1.0,106.5,36.0,141.0,20,0,0,0,0,0,0,1,36,1,141,-1,-1,0,20,0,0,0,0,0,0,0,0,BENIGN
10.42.0.1-10.42.0.42-53-14650-17,10.42.0.42,14650,10.42.0.1,53,17,08/08/2017 02:59:18,1423977,1,1,34.0,179.0,34.0,34.0,34.0,0.0,179.0,179.0,179.0,0.0,149.58106767173908,1.404517067340273,1423977.0,0.0,1423977.0,1423977.0,0,0,0,0,0,0,0,0,0,0,0,0,0,0,20,20,0.7022585336701365,0.7022585336701365,34.0,179.0,82.33333333333334,83.71578903249574,7008.333333333334,0,0,0,0,0,0,0,0,1.0,123.5,34.0,179.0,20,0,0,0,0,0,0,1,34,1,179,-1,-1,0,20,0,0,0,0,0,0,0,0,BENIGN
10.42.0.1-10.42.0.42-53-32927-17,10.42.0.42,32927,10.42.0.1,53,17,08/08/2017 02:58:38,256240,1,1,35.0,51.0,35.0,35.0,35.0,0.0,51.0,51.0,51.0,0.0,335.6228535747736,7.805182641273805,256240.0,0.0,256240.0,256240.0,0,0,0,0,0,0,0,0,0,0,0,0,0,0,32,20,3.9025913206369025,3.9025913206369025,35.0,51.0,40.333333333333336,9.237604307034012,85.33333333333333,0,0,0,0,0,0,0,0,1.0,60.5,35.0,51.0,32,0,0,0,0,0,0,1,35,1,51,-1,-1,0,32,0,0,0,0,0,0,0,0,BENIGN
10.42.0.1-10.42.0.42-53-48571-17,10.42.0.42,48571,10.42.0.1,53,17,08/08/2017 02:59:28,1368907,1,1,41.0,80.0,41.0,41.0,41.0,0.0,80.0,80.0,80.0,0.0,88.39168767491144,1.4610196309902717,1368907.0,0.0,1368907.0,1368907.0,0,0,0,0,0,0,0,0,0,0,0,0,0,0,20,20,0.7305098154951358,0.7305098154951358,41.0,80.0,54.0,22.516660498395403,507.0,0,0,0,0,0,0,0,0,1.0,81.0,41.0,80.0,20,0,0,0,0,0,0,1,41,1,80,-1,-1,0,20,0,0,0,0,0,0,0,0,BENIGN
10.42.0.1-10.42.0.42-53-24159-17,10.42.0.42,24159,10.42.0.1,53,17,08/08/2017 02:58:26,1035066,1,1,32.0,71.0,32.0,32.0,32.0,0.0,71.0,71.0,71.0,0.0,99.51056261146631,1.9322439342032294,1035066.0,0.0,1035066.0,1035066.0,0,0,0,0,0,0,0,0,0,0,0,0,0,0,20,32,0.9661219671016147,0.9661219671016147,32.0,71.0,45.0,22.516660498395403,507.0,0,0,0,0,0,0,0,0,1.0,67.5,32.0,71.0,20,0,0,0,0,0,0,1,32,1,71,-1,-1,0,20,0,0,0,0,0,0,0,0,BENIGN
10.42.0.1-10.42.0.42-53-65209-17,10.42.0.42,65209,10.42.0.1,53,17,08/08/2017 02:58:32,1496850,1,1,28.0,62.0,28.0,28.0,28.0,0.0,62.0,62.0,62.0,0.0,60.12626515682934,1.3361392257073188,1496850.0,0.0,1496850.0,1496850.0,0,0,0,0,0,0,0,0,0,0,0,0,0,0,20,20,0.6680696128536594,0.6680696128536594,28.0,62.0,39.333333333333336,19.629909152447276,385.33333333333337,0,0,0,0,0,0,0,0,1.0,59.0,28.0,62.0,20,0,0,0,0,0,0,1,28,1,62,-1,-1,0,20,0,0,0,0,0,0,0,0,BENIGN
10.42.0.1-10.42.0.42-53-34751-17,10.42.0.42,34751,10.42.0.1,53,17,08/08/2017 02:59:19,48789,1,1,34.0,179.0,34.0,34.0,34.0,0.0,179.0,179.0,179.0,0.0,4365.738178687819,40.992846748242435,48789.0,0.0,48789.0,48789.0,0,0,0,0,0,0,0,0,0,0,0,0,0,0,20,20,20.496423374121218,20.496423374121218,34.0,179.0,82.33333333333334,83.71578903249574,7008.333333333334,0,0,0,0,0,0,0,0,1.0,123.5,34.0,179.0,20,0,0,0,0,0,0,1,34,1,179,-1,-1,0,20,0,0,0,0,0,0,0,0,BENIGN
10.42.0.42-23.208.87.120-36947-80-6,23.208.87.120,80,10.42.0.42,36947,6,08/08/2017 02:59:26,2921,1,1,0.0,0.0,0.0,0.0,0.0,0.0,0.0,0.0,0.0,0.0,0.0,684.6970215679562,2921.0,0.0,2921.0,2921.0,0,0,0,0,0,0,0,0,0,0,0,0,0,0,32,32,342.3485107839781,342.3485107839781,0.0,0.0,0.0,0.0,0.0,0,0,0,0,1,1,0,0,1.0,0.0,0.0,0.0,32,0,0,0,0,0,0,1,0,1,0,905,1369,0,32,0,0,0,0,0,0,0,0,BENIGN
10.42.0.42-123.125.29.220-45177-80-6,10.42.0.42,45177,123.125.29.220,80,6,08/08/2017 02:59:26,300697,1,1,0.0,0.0,0.0,0.0,0.0,0.0,0.0,0.0,0.0,0.0,0.0,6.651213680216298,300697.0,0.0,300697.0,300697.0,0,0,0,0,0,0,0,0,0,0,0,0,0,0,20,20,3.325606840108149,3.325606840108149,0.0,0.0,0.0,0.0,0.0,0,0,0,0,1,1,0,0,1.0,0.0,0.0,0.0,20,0,0,0,0,0,0,1,0,1,0,1386,137,0,20,0,0,0,0,0,0,0,0,BENIGN
10.42.0.1-10.42.0.42-53-16104-17,10.42.0.42,16104,10.42.0.1,53,17,08/08/2017 02:59:21,276085,1,1,39.0,78.0,39.0,39.0,39.0,0.0,78.0,78.0,78.0,0.0,423.7825307423438,7.244145824655449,276085.0,0.0,276085.0,276085.0,0,0,0,0,0,0,0,0,0,0,0,0,0,0,20,20,3.6220729123277247,3.6220729123277247,39.0,78.0,52.0,22.516660498395403,507.0,0,0,0,0,0,0,0,0,1.0,78.0,39.0,78.0,20,0,0,0,0,0,0,1,39,1,78,-1,-1,0,20,0,0,0,0,0,0,0,0,BENIGN
10.42.0.1-10.42.0.42-53-55911-17,10.42.0.42,55911,10.42.0.1,53,17,08/08/2017 02:59:17,469161,1,1,39.0,55.0,39.0,39.0,39.0,0.0,55.0,55.0,55.0,0.0,200.3576597372757,4.262928930580334,469161.0,0.0,469161.0,469161.0,0,0,0,0,0,0,0,0,0,0,0,0,0,0,20,20,2.131464465290167,2.131464465290167,39.0,55.0,44.333333333333336,9.237604307034012,85.33333333333333,0,0,0,0,0,0,0,0,1.0,66.5,39.0,55.0,20,0,0,0,0,0,0,1,39,1,55,-1,-1,0,20,0,0,0,0,0,0,0,0,BENIGN
10.42.0.42-123.125.29.220-45082-80-6,10.42.0.42,45082,123.125.29.220,80,6,08/08/2017 02:59:22,308382,1,1,0.0,0.0,0.0,0.0,0.0,0.0,0.0,0.0,0.0,0.0,0.0,6.485462835055224,308382.0,0.0,308382.0,308382.0,0,0,0,0,0,0,0,0,0,0,0,0,0,0,20,20,3.242731417527612,3.242731417527612,0.0,0.0,0.0,0.0,0.0,0,0,0,0,1,1,0,0,1.0,0.0,0.0,0.0,20,0,0,0,0,0,0,1,0,1,0,1386,137,0,20,0,0,0,0,0,0,0,0,BENIGN
172.217.5.227-10.42.0.42-80-38589-6,172.217.5.227,80,10.42.0.42,38589,6,08/08/2017 03:01:03,2188,1,1,0.0,0.0,0.0,0.0,0.0,0.0,0.0,0.0,0.0,0.0,0.0,914.0767824497259,2188.0,0.0,2188.0,2188.0,0,0,0,0,0,0,0,0,0,0,0,0,0,0,32,32,457.03839122486295,457.03839122486295,0.0,0.0,0.0,0.0,0.0,0,0,0,0,1,1,0,0,1.0,0.0,0.0,0.0,32,0,0,0,0,0,0,1,0,1,0,166,1369,0,32,0,0,0,0,0,0,0,0,BENIGN
10.42.0.1-10.42.0.42-53-54515-17,10.42.0.42,54515,10.42.0.1,53,17,08/08/2017 02:58:31,254833,1,1,42.0,106.0,42.0,42.0,42.0,0.0,106.0,106.0,106.0,0.0,580.7725059156389,7.848277106968093,254833.0,0.0,254833.0,254833.0,0,0,0,0,0,0,0,0,0,0,0,0,0,0,32,32,3.9241385534840467,3.9241385534840467,42.0,106.0,63.33333333333333,36.95041722813605,1365.3333333333333,0,0,0,0,0,0,0,0,1.0,95.0,42.0,106.0,32,0,0,0,0,0,0,1,42,1,106,-1,-1,0,32,0,0,0,0,0,0,0,0,BENIGN
10.42.0.1-10.42.0.42-53-36481-17,10.42.0.42,36481,10.42.0.1,53,17,08/08/2017 02:58:36,296908,1,1,42.0,89.0,42.0,42.0,42.0,0.0,89.0,89.0,89.0,0.0,441.21411346275613,6.736093335309254,296908.0,0.0,296908.0,296908.0,0,0,0,0,0,0,0,0,0,0,0,0,0,0,20,20,3.368046667654627,3.368046667654627,42.0,89.0,57.666666666666664,27.13546265191241,736.3333333333333,0,0,0,0,0,0,0,0,1.0,86.5,42.0,89.0,20,0,0,0,0,0,0,1,42,1,89,-1,-1,0,20,0,0,0,0,0,0,0,0,BENIGN
10.42.0.42-106.11.135.2-53116-80-6,106.11.135.2,80,10.42.0.42,53116,6,08/08/2017 02:59:40,2413,1,1,0.0,0.0,0.0,0.0,0.0,0.0,0.0,0.0,0.0,0.0,0.0,828.8437629506838,2413.0,0.0,2413.0,2413.0,0,0,0,0,0,0,0,0,0,0,0,0,0,0,20,20,414.4218814753419,414.4218814753419,0.0,0.0,0.0,0.0,0.0,0,0,0,0,1,1,0,0,1.0,0.0,0.0,0.0,20,0,0,0,0,0,0,1,0,1,0,11679,65535,0,20,0,0,0,0,0,0,0,0,BENIGN
10.42.0.1-10.42.0.42-53-37215-17,10.42.0.42,37215,10.42.0.1,53,17,08/08/2017 02:59:24,244903,1,1,38.0,110.0,38.0,38.0,38.0,0.0,110.0,110.0,110.0,0.0,604.3208943949237,8.166498572904374,244903.0,0.0,244903.0,244903.0,0,0,0,0,0,0,0,0,0,0,0,0,0,0,32,20,4.083249286452187,4.083249286452187,38.0,110.0,62.0,41.569219381653056,1728.0,0,0,0,0,0,0,0,0,1.0,93.0,38.0,110.0,32,0,0,0,0,0,0,1,38,1,110,-1,-1,0,32,0,0,0,0,0,0,0,0,BENIGN
10.42.0.1-10.42.0.42-53-43936-17,10.42.0.42,43936,10.42.0.1,53,17,08/08/2017 02:58:25,383910,1,1,44.0,103.0,44.0,44.0,44.0,0.0,103.0,103.0,103.0,0.0,382.90224271313593,5.2095543226276995,383910.0,0.0,383910.0,383910.0,0,0,0,0,0,0,0,0,0,0,0,0,0,0,32,20,2.6047771613138497,2.6047771613138497,44.0,103.0,63.66666666666667,34.06366588218792,1160.3333333333335,0,0,0,0,0,0,0,0,1.0,95.5,44.0,103.0,32,0,0,0,0,0,0,1,44,1,103,-1,-1,0,32,0,0,0,0,0,0,0,0,BENIGN
10.42.0.1-10.42.0.42-53-50412-17,10.42.0.42,50412,10.42.0.1,53,17,08/08/2017 02:57:14,60609,1,1,33.0,78.0,33.0,33.0,33.0,0.0,78.0,78.0,78.0,0.0,1831.4111765579369,32.99839957762048,60609.0,0.0,60609.0,60609.0,0,0,0,0,0,0,0,0,0,0,0,0,0,0,20,20,16.49919978881024,16.49919978881024,33.0,78.0,48.0,25.98076211353316,675.0,0,0,0,0,0,0,0,0,1.0,72.0,33.0,78.0,20,0,0,0,0,0,0,1,33,1,78,-1,-1,0,20,0,0,0,0,0,0,0,0,BENIGN
10.42.0.1-10.42.0.42-53-35399-17,10.42.0.42,35399,10.42.0.1,53,17,08/08/2017 02:57:15,30590,1,1,31.0,78.0,31.0,31.0,31.0,0.0,78.0,78.0,78.0,0.0,3563.2559660019615,65.38084341288003,30590.0,0.0,30590.0,30590.0,0,0,0,0,0,0,0,0,0,0,0,0,0,0,32,20,32.69042170644001,32.69042170644001,31.0,78.0,46.666666666666664,27.13546265191241,736.3333333333333,0,0,0,0,0,0,0,0,1.0,70.0,31.0,78.0,32,0,0,0,0,0,0,1,31,1,78,-1,-1,0,32,0,0,0,0,0,0,0,0,BENIGN
10.42.0.42-104.192.110.245-50936-80-6,104.192.110.245,80,10.42.0.42,50936,6,08/08/2017 02:59:39,3672,1,1,0.0,0.0,0.0,0.0,0.0,0.0,0.0,0.0,0.0,0.0,0.0,544.6623093681917,3672.0,0.0,3672.0,3672.0,0,0,0,0,0,0,0,0,0,0,0,0,0,0,20,20,272.33115468409585,272.33115468409585,0.0,0.0,0.0,0.0,0.0,0,0,0,0,1,1,0,0,1.0,0.0,0.0,0.0,20,0,0,0,0,0,0,1,0,1,0,29,1369,0,20,0,0,0,0,0,0,0,0,BENIGN
10.42.0.1-10.42.0.42-53-52400-17,10.42.0.42,52400,10.42.0.1,53,17,08/08/2017 02:58:28,204514,1,1,35.0,82.0,35.0,35.0,35.0,0.0,82.0,82.0,82.0,0.0,572.0879744173993,9.779281613972637,204514.0,0.0,204514.0,204514.0,0,0,0,0,0,0,0,0,0,0,0,0,0,0,20,20,4.889640806986319,4.889640806986319,35.0,82.0,50.666666666666664,27.13546265191241,736.3333333333333,0,0,0,0,0,0,0,0,1.0,76.0,35.0,82.0,20,0,0,0,0,0,0,1,35,1,82,-1,-1,0,20,0,0,0,0,0,0,0,0,BENIGN
10.42.0.1-10.42.0.42-53-5519-17,10.42.0.42,5519,10.42.0.1,53,17,08/08/2017 02:59:35,60814,1,1,34.0,86.0,34.0,34.0,34.0,0.0,86.0,86.0,86.0,0.0,1973.2298483901734,32.88716413983622,60814.0,0.0,60814.0,60814.0,0,0,0,0,0,0,0,0,0,0,0,0,0,0,32,40,16.44358206991811,16.44358206991811,34.0,86.0,51.33333333333333,30.02221399786054,901.3333333333333,0,0,0,0,0,0,0,0,1.0,77.0,34.0,86.0,32,0,0,0,0,0,0,1,34,1,86,-1,-1,0,32,0,0,0,0,0,0,0,0,BENIGN
10.42.0.1-10.42.0.42-53-50658-17,10.42.0.42,50658,10.42.0.1,53,17,08/08/2017 02:57:14,60431,1,1,30.0,76.0,30.0,30.0,30.0,0.0,76.0,76.0,76.0,0.0,1754.066621436018,33.095596630868265,60431.0,0.0,60431.0,60431.0,0,0,0,0,0,0,0,0,0,0,0,0,0,0,32,40,16.547798315434132,16.547798315434132,30.0,76.0,45.333333333333336,26.558112382722786,705.3333333333334,0,0,0,0,0,0,0,0,1.0,68.0,30.0,76.0,32,0,0,0,0,0,0,1,30,1,76,-1,-1,0,32,0,0,0,0,0,0,0,0,BENIGN
10.42.0.42-123.125.29.220-44894-80-6,10.42.0.42,44894,123.125.29.220,80,6,08/08/2017 02:58:30,312123,1,1,0.0,0.0,0.0,0.0,0.0,0.0,0.0,0.0,0.0,0.0,0.0,6.40773028581681,312123.0,0.0,312123.0,312123.0,0,0,0,0,0,0,0,0,0,0,0,0,0,0,20,20,3.203865142908405,3.203865142908405,0.0,0.0,0.0,0.0,0.0,0,0,0,0,1,1,0,0,1.0,0.0,0.0,0.0,20,0,0,0,0,0,0,1,0,1,0,1386,136,0,20,0,0,0,0,0,0,0,0,BENIGN
10.42.0.1-10.42.0.42-53-24881-17,10.42.0.42,24881,10.42.0.1,53,17,08/08/2017 02:59:19,49085,1,1,33.0,178.0,33.0,33.0,33.0,0.0,178.0,178.0,178.0,0.0,4298.665580116125,40.74564530915759,49085.0,0.0,49085.0,49085.0,0,0,0,0,0,0,0,0,0,0,0,0,0,0,32,32,20.372822654578794,20.372822654578794,33.0,178.0,81.33333333333334,83.71578903249574,7008.333333333334,0,0,0,0,0,0,0,0,1.0,122.0,33.0,178.0,32,0,0,0,0,0,0,1,33,1,178,-1,-1,0,32,0,0,0,0,0,0,0,0,BENIGN
219.142.78.162-10.42.0.42-80-49410-6,10.42.0.42,49410,219.142.78.162,80,6,08/08/2017 02:58:28,254335,1,1,0.0,0.0,0.0,0.0,0.0,0.0,0.0,0.0,0.0,0.0,0.0,7.8636444059999615,254335.0,0.0,254335.0,254335.0,0,0,0,0,0,0,0,0,0,0,0,0,0,0,20,20,3.9318222029999808,3.9318222029999808,0.0,0.0,0.0,0.0,0.0,0,0,0,0,1,1,0,0,1.0,0.0,0.0,0.0,20,0,0,0,0,0,0,1,0,1,0,1386,123,0,20,0,0,0,0,0,0,0,0,BENIGN
10.42.0.1-10.42.0.42-53-28807-17,10.42.0.42,28807,10.42.0.1,53,17,08/08/2017 02:57:14,30514,1,1,32.0,91.0,32.0,32.0,32.0,0.0,91.0,91.0,91.0,0.0,4030.9366192567345,65.54368486596317,30514.0,0.0,30514.0,30514.0,0,0,0,0,0,0,0,0,0,0,0,0,0,0,20,20,32.771842432981586,32.771842432981586,32.0,91.0,51.66666666666667,34.06366588218792,1160.3333333333335,0,0,0,0,0,0,0,0,1.0,77.5,32.0,91.0,20,0,0,0,0,0,0,1,32,1,91,-1,-1,0,20,0,0,0,0,0,0,0,0,BENIGN
10.42.0.1-10.42.0.42-53-53408-17,10.42.0.42,53408,10.42.0.1,53,17,08/08/2017 02:59:24,241334,1,1,33.0,105.0,33.0,33.0,33.0,0.0,105.0,105.0,105.0,0.0,571.8216248021414,8.287269924668717,241334.0,0.0,241334.0,241334.0,0,0,0,0,0,0,0,0,0,0,0,0,0,0,32,32,4.1436349623343585,4.1436349623343585,33.0,105.0,57.0,41.569219381653056,1728.0,0,0,0,0,0,0,0,0,1.0,85.5,33.0,105.0,32,0,0,0,0,0,0,1,33,1,105,-1,-1,0,32,0,0,0,0,0,0,0,0,BENIGN
10.42.0.42-123.125.29.138-60329-443-6,123.125.29.138,443,10.42.0.42,60329,6,08/08/2017 03:00:07,6930,1,1,0.0,0.0,0.0,0.0,0.0,0.0,0.0,0.0,0.0,0.0,0.0,288.6002886002886,6930.0,0.0,6930.0,6930.0,0,0,0,0,0,0,0,0,0,0,0,0,0,0,20,20,144.3001443001443,144.3001443001443,0.0,0.0,0.0,0.0,0.0,0,0,0,0,1,1,0,0,1.0,0.0,0.0,0.0,20,0,0,0,0,0,0,1,0,1,0,131,1597,0,20,0,0,0,0,0,0,0,0,BENIGN
10.42.0.1-10.42.0.42-53-36635-17,10.42.0.42,36635,10.42.0.1,53,17,08/08/2017 02:57:12,958646,1,1,29.0,88.0,29.0,29.0,29.0,0.0,88.0,88.0,88.0,0.0,122.04713731659028,2.0862758515656457,958646.0,0.0,958646.0,958646.0,0,0,0,0,0,0,0,0,0,0,0,0,0,0,20,40,1.0431379257828228,1.0431379257828228,29.0,88.0,48.66666666666667,34.06366588218792,1160.3333333333335,0,0,0,0,0,0,0,0,1.0,73.0,29.0,88.0,20,0,0,0,0,0,0,1,29,1,88,-1,-1,0,20,0,0,0,0,0,0,0,0,BENIGN
10.42.0.1-10.42.0.42-53-49830-17,10.42.0.42,49830,10.42.0.1,53,17,08/08/2017 02:59:24,49017,1,1,35.0,180.0,35.0,35.0,35.0,0.0,180.0,180.0,180.0,0.0,4386.233347614093,40.802170675479935,49017.0,0.0,49017.0,49017.0,0,0,0,0,0,0,0,0,0,0,0,0,0,0,20,40,20.401085337739968,20.401085337739968,35.0,180.0,83.33333333333334,83.71578903249574,7008.333333333334,0,0,0,0,0,0,0,0,1.0,125.0,35.0,180.0,20,0,0,0,0,0,0,1,35,1,180,-1,-1,0,20,0,0,0,0,0,0,0,0,BENIGN
10.42.0.42-123.59.190.251-54528-80-6,123.59.190.251,80,10.42.0.42,54528,6,08/08/2017 02:58:24,7905,2,1,0.0,0.0,0.0,0.0,0.0,0.0,0.0,0.0,0.0,0.0,0.0,379.5066413662239,3952.5,3520.6846635278202,6442.0,1463.0,1463.0,1463.0,0.0,1463.0,1463.0,0,0,0,0,0,0,0,0,0,40,20,253.0044275774826,126.5022137887413,0.0,0.0,0.0,0.0,0.0,0,0,0,0,1,1,0,0,0.0,0.0,0.0,0.0,40,0,0,0,0,0,0,2,0,1,0,8190,65535,0,20,0,0,0,0,0,0,0,0,BENIGN
10.42.0.1-10.42.0.42-53-64595-17,10.42.0.42,64595,10.42.0.1,53,17,08/08/2017 02:59:20,907566,1,1,30.0,66.0,30.0,30.0,30.0,0.0,66.0,66.0,66.0,0.0,105.77743106286485,2.203696480476351,907566.0,0.0,907566.0,907566.0,0,0,0,0,0,0,0,0,0,0,0,0,0,0,32,20,1.1018482402381755,1.1018482402381755,30.0,66.0,42.0,20.784609690826528,432.0,0,0,0,0,0,0,0,0,1.0,63.0,30.0,66.0,32,0,0,0,0,0,0,1,30,1,66,-1,-1,0,32,0,0,0,0,0,0,0,0,BENIGN
10.42.0.1-10.42.0.42-53-16308-17,10.42.0.42,16308,10.42.0.1,53,17,08/08/2017 02:58:30,247813,1,1,41.0,105.0,41.0,41.0,41.0,0.0,105.0,105.0,105.0,0.0,589.153918478853,8.070601622997986,247813.0,0.0,247813.0,247813.0,0,0,0,0,0,0,0,0,0,0,0,0,0,0,32,32,4.035300811498993,4.035300811498993,41.0,105.0,62.33333333333333,36.95041722813605,1365.3333333333333,0,0,0,0,0,0,0,0,1.0,93.5,41.0,105.0,32,0,0,0,0,0,0,1,41,1,105,-1,-1,0,32,0,0,0,0,0,0,0,0,BENIGN
10.42.0.1-10.42.0.42-53-41036-17,10.42.0.42,41036,10.42.0.1,53,17,08/08/2017 02:59:18,241906,1,1,29.0,61.0,29.0,29.0,29.0,0.0,61.0,61.0,61.0,0.0,372.04533992542554,8.267674220565013,241906.0,0.0,241906.0,241906.0,0,0,0,0,0,0,0,0,0,0,0,0,0,0,20,20,4.133837110282506,4.133837110282506,29.0,61.0,39.666666666666664,18.475208614068023,341.3333333333333,0,0,0,0,0,0,0,0,1.0,59.5,29.0,61.0,20,0,0,0,0,0,0,1,29,1,61,-1,-1,0,20,0,0,0,0,0,0,0,0,BENIGN
10.42.0.42-123.125.29.220-45081-80-6,10.42.0.42,45081,123.125.29.220,80,6,08/08/2017 02:59:20,305873,1,1,0.0,0.0,0.0,0.0,0.0,0.0,0.0,0.0,0.0,0.0,0.0,6.538661470610351,305873.0,0.0,305873.0,305873.0,0,0,0,0,0,0,0,0,0,0,0,0,0,0,20,20,3.2693307353051755,3.2693307353051755,0.0,0.0,0.0,0.0,0.0,0,0,0,0,1,1,0,0,1.0,0.0,0.0,0.0,20,0,0,0,0,0,0,1,0,1,0,1386,137,0,20,0,0,0,0,0,0,0,0,BENIGN
10.42.0.1-10.42.0.42-53-35526-17,10.42.0.42,35526,10.42.0.1,53,17,08/08/2017 02:58:15,90967,1,1,33.0,178.0,33.0,33.0,33.0,0.0,178.0,178.0,178.0,0.0,2319.5224641903105,21.98599492123517,90967.0,0.0,90967.0,90967.0,0,0,0,0,0,0,0,0,0,0,0,0,0,0,32,32,10.992997460617586,10.992997460617586,33.0,178.0,81.33333333333334,83.71578903249574,7008.333333333334,0,0,0,0,0,0,0,0,1.0,122.0,33.0,178.0,32,0,0,0,0,0,0,1,33,1,178,-1,-1,0,32,0,0,0,0,0,0,0,0,BENIGN
10.42.0.1-10.42.0.42-53-51215-17,10.42.0.42,51215,10.42.0.1,53,17,08/08/2017 02:57:18,60998,1,1,30.0,72.0,30.0,30.0,30.0,0.0,72.0,72.0,72.0,0.0,1672.1859733106005,32.787960260992165,60998.0,0.0,60998.0,60998.0,0,0,0,0,0,0,0,0,0,0,0,0,0,0,20,20,16.393980130496082,16.393980130496082,30.0,72.0,44.0,24.24871130596428,588.0,0,0,0,0,0,0,0,0,1.0,66.0,30.0,72.0,20,0,0,0,0,0,0,1,30,1,72,-1,-1,0,20,0,0,0,0,0,0,0,0,BENIGN
180.149.138.210-10.42.0.42-80-41123-6,180.149.138.210,80,10.42.0.42,41123,6,08/08/2017 03:00:07,8635,1,1,187.0,0.0,187.0,187.0,187.0,0.0,0.0,0.0,0.0,0.0,21656.05095541401,231.61551823972206,8635.0,0.0,8635.0,8635.0,0,0,0,0,0,0,0,0,0,0,0,0,0,0,20,20,115.80775911986103,115.80775911986103,0.0,187.0,124.66666666666666,107.96450033846003,11656.333333333334,0,0,0,0,1,1,0,0,1.0,187.0,187.0,0.0,20,0,0,0,0,0,0,1,187,1,0,115,0,0,20,0,0,0,0,0,0,0,0,BENIGN
10.42.0.1-10.42.0.42-53-50464-17,10.42.0.42,50464,10.42.0.1,53,17,08/08/2017 02:58:23,1259341,1,1,42.0,81.0,42.0,42.0,42.0,0.0,81.0,81.0,81.0,0.0,97.6701306476959,1.5881322056535918,1259341.0,0.0,1259341.0,1259341.0,0,0,0,0,0,0,0,0,0,0,0,0,0,0,20,20,0.7940661028267959,0.7940661028267959,42.0,81.0,55.0,22.516660498395403,507.0,0,0,0,0,0,0,0,0,1.0,82.5,42.0,81.0,20,0,0,0,0,0,0,1,42,1,81,-1,-1,0,20,0,0,0,0,0,0,0,0,BENIGN
10.42.0.1-10.42.0.42-53-37938-17,10.42.0.42,37938,10.42.0.1,53,17,08/08/2017 02:58:24,393225,1,1,34.0,50.0,34.0,34.0,34.0,0.0,50.0,50.0,50.0,0.0,213.6181575433912,5.086146608175981,393225.0,0.0,393225.0,393225.0,0,0,0,0,0,0,0,0,0,0,0,0,0,0,32,20,2.5430733040879905,2.5430733040879905,34.0,50.0,39.333333333333336,9.237604307034012,85.33333333333333,0,0,0,0,0,0,0,0,1.0,59.0,34.0,50.0,32,0,0,0,0,0,0,1,34,1,50,-1,-1,0,32,0,0,0,0,0,0,0,0,BENIGN
222.73.28.96-10.42.0.42-80-37013-6,222.73.28.96,80,10.42.0.42,37013,6,08/08/2017 02:59:27,2003,1,1,0.0,0.0,0.0,0.0,0.0,0.0,0.0,0.0,0.0,0.0,0.0,998.502246630055,2003.0,0.0,2003.0,2003.0,0,0,0,0,0,0,0,0,0,0,0,0,0,0,20,20,499.2511233150275,499.2511233150275,0.0,0.0,0.0,0.0,0.0,0,0,0,0,1,1,0,0,1.0,0.0,0.0,0.0,20,0,0,0,0,0,0,1,0,1,0,58,1369,0,20,0,0,0,0,0,0,0,0,BENIGN
10.42.0.1-10.42.0.42-53-36302-17,10.42.0.42,36302,10.42.0.1,53,17,08/08/2017 02:58:23,53951,1,1,30.0,70.0,30.0,30.0,30.0,0.0,70.0,70.0,70.0,0.0,1853.533762117477,37.07067524234954,53951.0,0.0,53951.0,53951.0,0,0,0,0,0,0,0,0,0,0,0,0,0,0,32,20,18.53533762117477,18.53533762117477,30.0,70.0,43.333333333333336,23.094010767585033,533.3333333333334,0,0,0,0,0,0,0,0,1.0,65.0,30.0,70.0,32,0,0,0,0,0,0,1,30,1,70,-1,-1,0,32,0,0,0,0,0,0,0,0,BENIGN
10.42.0.1-10.42.0.42-53-64317-17,10.42.0.42,64317,10.42.0.1,53,17,08/08/2017 02:58:45,3527366,1,1,35.0,165.0,35.0,35.0,35.0,0.0,165.0,165.0,165.0,0.0,56.69953160516941,0.5669953160516942,3527366.0,0.0,3527366.0,3527366.0,0,0,0,0,0,0,0,0,0,0,0,0,0,0,20,20,0.2834976580258471,0.2834976580258471,35.0,165.0,78.33333333333334,75.05553499465135,5633.333333333334,0,0,0,0,0,0,0,0,1.0,117.5,35.0,165.0,20,0,0,0,0,0,0,1,35,1,165,-1,-1,0,20,0,0,0,0,0,0,0,0,BENIGN
10.42.0.1-10.42.0.42-53-19679-17,10.42.0.42,19679,10.42.0.1,53,17,08/08/2017 02:57:13,61312,1,1,29.0,71.0,29.0,29.0,29.0,0.0,71.0,71.0,71.0,0.0,1631.0020876826723,32.620041753653446,61312.0,0.0,61312.0,61312.0,0,0,0,0,0,0,0,0,0,0,0,0,0,0,32,20,16.310020876826723,16.310020876826723,29.0,71.0,43.0,24.24871130596428,588.0,0,0,0,0,0,0,0,0,1.0,64.5,29.0,71.0,32,0,0,0,0,0,0,1,29,1,71,-1,-1,0,32,0,0,0,0,0,0,0,0,BENIGN
172.217.10.138-10.42.0.42-443-42499-6,10.42.0.42,42499,172.217.10.138,443,6,08/08/2017 03:04:38,138650,2,0,0.0,0.0,0.0,0.0,0.0,0.0,0,0,0,0,0.0,14.4248106743599,138650.0,0.0,138650.0,138650.0,138650.0,138650.0,0.0,138650.0,138650.0,0,0,0,0,0,0,0,0,0,64,0,14.4248106743599,0.0,0.0,0.0,0.0,0.0,0.0,0,0,0,0,1,1,0,0,0.0,0.0,0.0,0.0,64,0,0,0,0,0,0,2,0,0,0,202,-1,0,32,0,0,0,0,0,0,0,0,BENIGN
10.42.0.1-10.42.0.42-53-38118-17,10.42.0.42,38118,10.42.0.1,53,17,08/08/2017 02:58:17,2333120,1,1,31.0,225.0,31.0,31.0,31.0,0.0,225.0,225.0,225.0,0.0,109.7243176518996,0.8572212316554656,2333120.0,0.0,2333120.0,2333120.0,0,0,0,0,0,0,0,0,0,0,0,0,0,0,32,20,0.4286106158277328,0.4286106158277328,31.0,225.0,95.66666666666667,112.0059522227874,12545.333333333334,0,0,0,0,0,0,0,0,1.0,143.5,31.0,225.0,32,0,0,0,0,0,0,1,31,1,225,-1,-1,0,32,0,0,0,0,0,0,0,0,BENIGN
172.217.3.36-10.42.0.42-443-47246-6,10.42.0.42,47246,172.217.3.36,443,6,08/08/2017 03:05:35,173714,2,0,0.0,0.0,0.0,0.0,0.0,0.0,0,0,0,0,0.0,11.513176830882944,173714.0,0.0,173714.0,173714.0,173714.0,173714.0,0.0,173714.0,173714.0,0,0,0,0,0,0,0,0,0,64,0,11.513176830882944,0.0,0.0,0.0,0.0,0.0,0.0,0,0,0,0,1,1,0,0,0.0,0.0,0.0,0.0,64,0,0,0,0,0,0,2,0,0,0,175,-1,0,32,0,0,0,0,0,0,0,0,BENIGN
180.149.153.68-10.42.0.42-80-55244-6,180.149.153.68,80,10.42.0.42,55244,6,08/08/2017 02:59:29,2101,1,1,0.0,0.0,0.0,0.0,0.0,0.0,0.0,0.0,0.0,0.0,0.0,951.9276534983342,2101.0,0.0,2101.0,2101.0,0,0,0,0,0,0,0,0,0,0,0,0,0,0,32,32,475.9638267491671,475.9638267491671,0.0,0.0,0.0,0.0,0.0,0,0,0,0,1,1,0,0,1.0,0.0,0.0,0.0,32,0,0,0,0,0,0,1,0,1,0,115,1369,0,32,0,0,0,0,0,0,0,0,BENIGN
10.42.0.1-10.42.0.42-53-24856-17,10.42.0.42,24856,10.42.0.1,53,17,08/08/2017 02:58:35,48808,1,1,32.0,217.0,32.0,32.0,32.0,0.0,217.0,217.0,217.0,0.0,5101.6226848057695,40.976889034584495,48808.0,0.0,48808.0,48808.0,0,0,0,0,0,0,0,0,0,0,0,0,0,0,32,32,20.488444517292248,20.488444517292248,32.0,217.0,93.66666666666666,106.80979980008077,11408.333333333332,0,0,0,0,0,0,0,0,1.0,140.5,32.0,217.0,32,0,0,0,0,0,0,1,32,1,217,-1,-1,0,32,0,0,0,0,0,0,0,0,BENIGN
10.42.0.42-117.121.27.10-59644-80-6,117.121.27.10,80,10.42.0.42,59644,6,08/08/2017 02:58:55,37901,1,1,0.0,0.0,0.0,0.0,0.0,0.0,0.0,0.0,0.0,0.0,0.0,52.76905622542941,37901.0,0.0,37901.0,37901.0,0,0,0,0,0,0,0,0,0,0,0,0,0,0,20,20,26.384528112714705,26.384528112714705,0.0,0.0,0.0,0.0,0.0,0,0,0,0,1,1,0,0,1.0,0.0,0.0,0.0,20,0,0,0,0,0,0,1,0,1,0,29,1369,0,20,0,0,0,0,0,0,0,0,BENIGN
10.42.0.1-10.42.0.42-53-56230-17,10.42.0.42,56230,10.42.0.1,53,17,08/08/2017 02:58:43,48536,1,1,35.0,139.0,35.0,35.0,35.0,0.0,139.0,139.0,139.0,0.0,3584.9678589088508,41.206527113894836,48536.0,0.0,48536.0,48536.0,0,0,0,0,0,0,0,0,0,0,0,0,0,0,20,20,20.603263556947418,20.603263556947418,35.0,139.0,69.66666666666666,60.04442799572108,3605.333333333333,0,0,0,0,0,0,0,0,1.0,104.5,35.0,139.0,20,0,0,0,0,0,0,1,35,1,139,-1,-1,0,20,0,0,0,0,0,0,0,0,BENIGN
10.42.0.1-10.42.0.42-53-21444-17,10.42.0.42,21444,10.42.0.1,53,17,08/08/2017 02:58:36,85990,1,1,29.0,148.0,29.0,29.0,29.0,0.0,148.0,148.0,148.0,0.0,2058.3788812652633,23.25851843237586,85990.0,0.0,85990.0,85990.0,0,0,0,0,0,0,0,0,0,0,0,0,0,0,32,20,11.62925921618793,11.62925921618793,29.0,148.0,68.66666666666666,68.70468203356546,4720.333333333333,0,0,0,0,0,0,0,0,1.0,103.0,29.0,148.0,32,0,0,0,0,0,0,1,29,1,148,-1,-1,0,32,0,0,0,0,0,0,0,0,BENIGN
203.130.53.126-10.42.0.42-80-57747-6,203.130.53.126,80,10.42.0.42,57747,6,08/08/2017 02:59:36,1835,1,1,0.0,0.0,0.0,0.0,0.0,0.0,0.0,0.0,0.0,0.0,0.0,1089.9182561307903,1835.0,0.0,1835.0,1835.0,0,0,0,0,0,0,0,0,0,0,0,0,0,0,20,20,544.9591280653951,544.9591280653951,0.0,0.0,0.0,0.0,0.0,0,0,0,0,1,1,0,0,1.0,0.0,0.0,0.0,20,0,0,0,0,0,0,1,0,1,0,58,1369,0,20,0,0,0,0,0,0,0,0,BENIGN
10.42.0.42-31.13.71.36-60188-443-6,10.42.0.42,60188,31.13.71.36,443,6,08/08/2017 03:01:08,40508639,8,7,322.0,3810.0,204.0,0.0,40.25,77.99221572878741,1398.0,0.0,544.2857142857142,629.8663123461766,102.00293325085545,0.3702913840181103,2893474.214285714,1.0718320911141956E7,4.0132765E7,2.0,4.0508639E7,5786948.428571429,1.5145267079525514E7,4.0132765E7,254.0,306664.0,51110.66666666667,94887.94656154525,236826.0,2.0,0,0,0,0,264,232,0.19748873814299214,0.17280264587511812,0.0,1398.0,258.25,479.0663837089803,229504.59999999998,0,0,0,1,0,0,0,0,0.0,275.46666666666664,40.25,544.2857142857143,264,0,0,0,0,0,0,8,322,7,3810,65535,114,2,32,375874.0,0.0,375874.0,375874.0,4.0132765E7,0.0,4.0132765E7,4.0132765E7,BENIGN
10.42.0.1-10.42.0.42-53-43344-17,10.42.0.42,43344,10.42.0.1,53,17,08/08/2017 02:59:34,1667170,1,1,32.0,104.0,32.0,32.0,32.0,0.0,104.0,104.0,104.0,0.0,81.57536423999952,1.1996377094117576,1667170.0,0.0,1667170.0,1667170.0,0,0,0,0,0,0,0,0,0,0,0,0,0,0,20,20,0.5998188547058788,0.5998188547058788,32.0,104.0,56.0,41.569219381653056,1728.0,0,0,0,0,0,0,0,0,1.0,84.0,32.0,104.0,20,0,0,0,0,0,0,1,32,1,104,-1,-1,0,20,0,0,0,0,0,0,0,0,BENIGN
10.42.0.42-23.208.87.120-36722-80-6,23.208.87.120,80,10.42.0.42,36722,6,08/08/2017 02:58:35,3336,1,1,0.0,0.0,0.0,0.0,0.0,0.0,0.0,0.0,0.0,0.0,0.0,599.5203836930456,3336.0,0.0,3336.0,3336.0,0,0,0,0,0,0,0,0,0,0,0,0,0,0,32,32,299.7601918465228,299.7601918465228,0.0,0.0,0.0,0.0,0.0,0,0,0,0,1,1,0,0,1.0,0.0,0.0,0.0,32,0,0,0,0,0,0,1,0,1,0,905,1369,0,32,0,0,0,0,0,0,0,0,BENIGN
10.42.0.1-10.42.0.42-53-44117-17,10.42.0.42,44117,10.42.0.1,53,17,08/08/2017 02:59:21,49028,1,1,37.0,109.0,37.0,37.0,37.0,0.0,109.0,109.0,109.0,0.0,2977.8901852002937,40.79301623562046,49028.0,0.0,49028.0,49028.0,0,0,0,0,0,0,0,0,0,0,0,0,0,0,20,20,20.39650811781023,20.39650811781023,37.0,109.0,61.0,41.569219381653056,1728.0,0,0,0,0,0,0,0,0,1.0,91.5,37.0,109.0,20,0,0,0,0,0,0,1,37,1,109,-1,-1,0,20,0,0,0,0,0,0,0,0,BENIGN
10.42.0.1-10.42.0.42-53-40433-17,10.42.0.42,40433,10.42.0.1,53,17,08/08/2017 02:58:27,388628,1,1,31.0,47.0,31.0,31.0,31.0,0.0,47.0,47.0,47.0,0.0,200.706073674568,5.146309581399179,388628.0,0.0,388628.0,388628.0,0,0,0,0,0,0,0,0,0,0,0,0,0,0,20,20,2.5731547906995895,2.5731547906995895,31.0,47.0,36.333333333333336,9.237604307034012,85.33333333333333,0,0,0,0,0,0,0,0,1.0,54.5,31.0,47.0,20,0,0,0,0,0,0,1,31,1,47,-1,-1,0,20,0,0,0,0,0,0,0,0,BENIGN
10.42.0.1-10.42.0.42-53-47624-17,10.42.0.42,47624,10.42.0.1,53,17,08/08/2017 02:59:18,48944,1,1,34.0,179.0,34.0,34.0,34.0,0.0,179.0,179.0,179.0,0.0,4351.912389669827,40.86302713305002,48944.0,0.0,48944.0,48944.0,0,0,0,0,0,0,0,0,0,0,0,0,0,0,20,20,20.43151356652501,20.43151356652501,34.0,179.0,82.33333333333334,83.71578903249574,7008.333333333334,0,0,0,0,0,0,0,0,1.0,123.5,34.0,179.0,20,0,0,0,0,0,0,1,34,1,179,-1,-1,0,20,0,0,0,0,0,0,0,0,BENIGN
10.42.0.42-123.59.190.237-33502-80-6,123.59.190.237,80,10.42.0.42,33502,6,08/08/2017 02:59:29,5029,1,1,0.0,0.0,0.0,0.0,0.0,0.0,0.0,0.0,0.0,0.0,0.0,397.6933784052496,5029.0,0.0,5029.0,5029.0,0,0,0,0,0,0,0,0,0,0,0,0,0,0,20,20,198.8466892026248,198.8466892026248,0.0,0.0,0.0,0.0,0.0,0,0,0,0,1,1,0,0,1.0,0.0,0.0,0.0,20,0,0,0,0,0,0,1,0,1,0,8190,65535,0,20,0,0,0,0,0,0,0,0,BENIGN
172.217.10.110-10.42.0.42-443-58493-6,10.42.0.42,58493,172.217.10.110,443,6,08/08/2017 03:07:11,36769,1,1,0.0,0.0,0.0,0.0,0.0,0.0,0.0,0.0,0.0,0.0,0.0,54.39364682205118,36769.0,0.0,36769.0,36769.0,0,0,0,0,0,0,0,0,0,0,0,0,0,0,32,32,27.19682341102559,27.19682341102559,0.0,0.0,0.0,0.0,0.0,0,0,0,0,1,1,0,0,1.0,0.0,0.0,0.0,32,0,0,0,0,0,0,1,0,1,0,1638,181,0,32,0,0,0,0,0,0,0,0,BENIGN
10.42.0.1-10.42.0.42-53-2237-17,10.42.0.42,2237,10.42.0.1,53,17,08/08/2017 02:58:23,393209,1,1,39.0,83.0,39.0,39.0,39.0,0.0,83.0,83.0,83.0,0.0,310.26756762942864,5.086353567695552,393209.0,0.0,393209.0,393209.0,0,0,0,0,0,0,0,0,0,0,0,0,0,0,40,32,2.543176783847776,2.543176783847776,39.0,83.0,53.666666666666664,25.40341184434353,645.3333333333333,0,0,0,0,0,0,0,0,1.0,80.5,39.0,83.0,40,0,0,0,0,0,0,1,39,1,83,-1,-1,0,40,0,0,0,0,0,0,0,0,BENIGN
10.42.0.42-123.125.29.220-44836-80-6,123.125.29.220,80,10.42.0.42,44836,6,08/08/2017 02:58:26,306958,2,1,193.0,0.0,193.0,0.0,96.5,136.47160876900367,0.0,0.0,0.0,0.0,628.750513099512,9.773324037816248,153479.0,213994.55361760964,304796.0,2162.0,306958.0,306958.0,0.0,306958.0,306958.0,0,0,0,0,0,0,0,0,0,40,32,6.515549358544165,3.2577746792720825,0.0,193.0,96.50000000000001,111.42860195359778,12416.333333333334,0,0,0,0,1,1,0,0,0.0,128.66666666666666,96.5,0.0,40,0,0,0,0,0,0,2,193,1,0,136,1386,0,20,0,0,0,0,0,0,0,0,BENIGN
192.229.173.173-10.42.0.42-80-56016-6,192.229.173.173,80,10.42.0.42,56016,6,08/08/2017 02:59:34,2174,1,1,0.0,0.0,0.0,0.0,0.0,0.0,0.0,0.0,0.0,0.0,0.0,919.963201471941,2174.0,0.0,2174.0,2174.0,0,0,0,0,0,0,0,0,0,0,0,0,0,0,32,32,459.9816007359705,459.9816007359705,0.0,0.0,0.0,0.0,0.0,0,0,0,0,1,1,0,0,1.0,0.0,0.0,0.0,32,0,0,0,0,0,0,1,0,1,0,283,1369,0,32,0,0,0,0,0,0,0,0,BENIGN
10.42.0.42-123.125.29.220-44835-80-6,10.42.0.42,44835,123.125.29.220,80,6,08/08/2017 02:58:25,313486,1,1,0.0,0.0,0.0,0.0,0.0,0.0,0.0,0.0,0.0,0.0,0.0,6.379870233439452,313486.0,0.0,313486.0,313486.0,0,0,0,0,0,0,0,0,0,0,0,0,0,0,20,20,3.189935116719726,3.189935116719726,0.0,0.0,0.0,0.0,0.0,0,0,0,0,1,1,0,0,1.0,0.0,0.0,0.0,20,0,0,0,0,0,0,1,0,1,0,1386,137,0,20,0,0,0,0,0,0,0,0,BENIGN
10.42.0.1-10.42.0.42-53-54370-17,10.42.0.42,54370,10.42.0.1,53,17,08/08/2017 02:58:23,1862701,1,1,36.0,181.0,36.0,36.0,36.0,0.0,181.0,181.0,181.0,0.0,116.4974947670077,1.0737096291890111,1862701.0,0.0,1862701.0,1862701.0,0,0,0,0,0,0,0,0,0,0,0,0,0,0,20,32,0.5368548145945056,0.5368548145945056,36.0,181.0,84.33333333333334,83.71578903249574,7008.333333333334,0,0,0,0,0,0,0,0,1.0,126.5,36.0,181.0,20,0,0,0,0,0,0,1,36,1,181,-1,-1,0,20,0,0,0,0,0,0,0,0,BENIGN
10.42.0.1-10.42.0.42-53-41572-17,10.42.0.42,41572,10.42.0.1,53,17,08/08/2017 02:59:18,260787,1,1,34.0,179.0,34.0,34.0,34.0,0.0,179.0,179.0,179.0,0.0,816.7585040665371,7.669093934897062,260787.0,0.0,260787.0,260787.0,0,0,0,0,0,0,0,0,0,0,0,0,0,0,20,20,3.834546967448531,3.834546967448531,34.0,179.0,82.33333333333334,83.71578903249574,7008.333333333334,0,0,0,0,0,0,0,0,1.0,123.5,34.0,179.0,20,0,0,0,0,0,0,1,34,1,179,-1,-1,0,20,0,0,0,0,0,0,0,0,BENIGN
180.163.255.159-10.42.0.42-443-44895-6,10.42.0.42,44895,180.163.255.159,443,6,08/08/2017 03:03:43,38855,2,0,0.0,0.0,0.0,0.0,0.0,0.0,0,0,0,0,0.0,51.4734268433921,38855.0,0.0,38855.0,38855.0,38855.0,38855.0,0.0,38855.0,38855.0,0,0,0,0,0,0,0,0,0,40,0,51.4734268433921,0.0,0.0,0.0,0.0,0.0,0.0,0,0,0,0,1,0,0,0,0.0,0.0,0.0,0.0,40,0,0,0,0,0,0,2,0,0,0,1643,-1,0,20,0,0,0,0,0,0,0,0,BENIGN
180.76.172.9-10.42.0.42-80-60010-6,180.76.172.9,80,10.42.0.42,60010,6,08/08/2017 02:58:55,34364,1,1,0.0,0.0,0.0,0.0,0.0,0.0,0.0,0.0,0.0,0.0,0.0,58.200442323361656,34364.0,0.0,34364.0,34364.0,0,0,0,0,0,0,0,0,0,0,0,0,0,0,32,32,29.100221161680828,29.100221161680828,0.0,0.0,0.0,0.0,0.0,0,0,0,0,1,1,0,0,1.0,0.0,0.0,0.0,32,0,0,0,0,0,0,1,0,1,0,400,1369,0,32,0,0,0,0,0,0,0,0,BENIGN
222.73.28.96-10.42.0.42-80-37011-6,222.73.28.96,80,10.42.0.42,37011,6,08/08/2017 02:59:27,1867,1,1,0.0,0.0,0.0,0.0,0.0,0.0,0.0,0.0,0.0,0.0,0.0,1071.2372790573113,1867.0,0.0,1867.0,1867.0,0,0,0,0,0,0,0,0,0,0,0,0,0,0,20,20,535.6186395286556,535.6186395286556,0.0,0.0,0.0,0.0,0.0,0,0,0,0,1,1,0,0,1.0,0.0,0.0,0.0,20,0,0,0,0,0,0,1,0,1,0,58,1369,0,20,0,0,0,0,0,0,0,0,BENIGN
10.42.0.1-10.42.0.42-53-27506-17,10.42.0.42,27506,10.42.0.1,53,17,08/08/2017 02:58:22,387809,1,1,42.0,86.0,42.0,42.0,42.0,0.0,86.0,86.0,86.0,0.0,330.05938490339315,5.157177889115518,387809.0,0.0,387809.0,387809.0,0,0,0,0,0,0,0,0,0,0,0,0,0,0,20,20,2.578588944557759,2.578588944557759,42.0,86.0,56.666666666666664,25.40341184434353,645.3333333333333,0,0,0,0,0,0,0,0,1.0,85.0,42.0,86.0,20,0,0,0,0,0,0,1,42,1,86,-1,-1,0,20,0,0,0,0,0,0,0,0,BENIGN
203.130.53.126-10.42.0.42-80-57638-6,203.130.53.126,80,10.42.0.42,57638,6,08/08/2017 02:59:26,3420,1,1,0.0,0.0,0.0,0.0,0.0,0.0,0.0,0.0,0.0,0.0,0.0,584.7953216374269,3420.0,0.0,3420.0,3420.0,0,0,0,0,0,0,0,0,0,0,0,0,0,0,20,20,292.39766081871346,292.39766081871346,0.0,0.0,0.0,0.0,0.0,0,0,0,0,1,1,0,0,1.0,0.0,0.0,0.0,20,0,0,0,0,0,0,1,0,1,0,58,1369,0,20,0,0,0,0,0,0,0,0,BENIGN
173.194.175.188-10.42.0.42-5228-35965-6,10.42.0.42,35965,173.194.175.188,5228,6,08/08/2017 03:01:57,6033876,4,4,2120.0,676.0,1060.0,0.0,530.0,611.9912853410033,338.0,0.0,169.0,195.14439098609353,463.38373542976353,1.3258475977961761,861982.2857142857,2187988.4360806323,5823619.0,2513.0,6033876.0,2011292.0,3301572.205359592,5823619.0,104051.0,5982577.0,1994192.3333333335,3363074.291161932,5877535.0,50074.0,1,0,0,0,128,128,0.6629237988980881,0.6629237988980881,0.0,1060.0,428.4444444444445,493.3566435934331,243400.77777777778,0,1,0,0,1,0,0,0,1.0,482.0,530.0,169.0,128,0,0,0,0,0,0,4,2120,4,676,1904,290,1,32,104051.0,0.0,104051.0,104051.0,5823619.0,0.0,5823619.0,5823619.0,BENIGN
172.217.10.74-10.42.0.42-443-40769-6,172.217.10.74,443,10.42.0.42,40769,6,08/08/2017 03:00:18,77075449,2,2,0.0,31.0,0.0,0.0,0.0,0.0,31.0,0.0,15.5,21.920310216782973,0.40220330082021316,0.05189720010583396,2.5691816333333336E7,4.443186096338078E7,7.699731E7,36174.0,7.7075449E7,7.7075449E7,0.0,7.7075449E7,7.7075449E7,7.699731E7,7.699731E7,0.0,7.699731E7,7.699731E7,0,0,0,0,52,64,0.02594860005291698,0.02594860005291698,0.0,31.0,6.2,13.863621460498695,192.2,0,0,0,0,1,1,0,0,1.0,7.75,0.0,15.5,52,0,0,0,0,0,0,2,0,2,31,811,1726,0,20,41965.0,0.0,41965.0,41965.0,7.699731E7,0.0,7.699731E7,7.699731E7,BENIGN
10.42.0.42-64.71.142.110-60263-80-6,10.42.0.42,60263,64.71.142.110,80,6,08/08/2017 02:58:50,63954,1,1,0.0,0.0,0.0,0.0,0.0,0.0,0.0,0.0,0.0,0.0,0.0,31.27247709291053,63954.0,0.0,63954.0,63954.0,0,0,0,0,0,0,0,0,0,0,0,0,0,0,20,32,15.636238546455266,15.636238546455266,0.0,0.0,0.0,0.0,0.0,0,0,0,0,1,0,0,0,1.0,0.0,0.0,0.0,20,0,0,0,0,0,0,1,0,1,0,1369,29,0,20,0,0,0,0,0,0,0,0,BENIGN
172.217.12.163-10.42.0.42-443-33007-17,10.42.0.42,33007,172.217.12.163,443,17,08/08/2017 03:00:10,423659,10,14,5046.0,9783.0,1350.0,35.0,504.59999999999997,600.8327924176946,1350.0,27.0,698.7857142857143,676.3815694358676,35002.20696361933,56.64933354419474,18419.956521739135,23476.098195782524,94018.0,1.0,361310.0,40145.555555555555,62371.518215670985,156536.0,1.0,386326.0,29717.384615384617,39672.89990564185,125573.0,4.0,0,0,0,0,200,320,23.603888976747808,33.045444567446935,27.0,1350.0,647.1599999999999,643.2640515371585,413788.6400000001,0,0,0,0,0,0,0,0,1.0,674.125,504.6,698.7857142857143,200,0,0,0,0,0,0,10,5046,14,9783,-1,-1,9,20,0,0,0,0,0,0,0,0,BENIGN
10.42.0.1-10.42.0.42-53-1051-17,10.42.0.42,1051,10.42.0.1,53,17,08/08/2017 02:58:36,176096,1,1,31.0,78.0,31.0,31.0,31.0,0.0,78.0,78.0,78.0,0.0,618.9805560603307,11.357441395602399,176096.0,0.0,176096.0,176096.0,0,0,0,0,0,0,0,0,0,0,0,0,0,0,32,32,5.678720697801199,5.678720697801199,31.0,78.0,46.666666666666664,27.13546265191241,736.3333333333333,0,0,0,0,0,0,0,0,1.0,70.0,31.0,78.0,32,0,0,0,0,0,0,1,31,1,78,-1,-1,0,32,0,0,0,0,0,0,0,0,BENIGN
172.217.10.78-10.42.0.42-443-40335-6,172.217.10.78,443,10.42.0.42,40335,6,08/08/2017 03:00:16,78981925,2,2,0.0,23.0,0.0,0.0,0.0,0.0,23.0,0.0,11.5,16.263455967290593,0.2912058676716223,0.05064449872549953,2.6327308333333336E7,4.5535477755011655E7,7.8907149E7,36399.0,7.8981925E7,7.8981925E7,0.0,7.8981925E7,7.8981925E7,7.8907149E7,7.8907149E7,0.0,7.8907149E7,7.8907149E7,0,0,0,0,52,64,0.025322249362749766,0.025322249362749766,0.0,23.0,4.6,10.285912696499032,105.8,0,0,0,0,1,1,0,0,1.0,5.75,0.0,11.5,52,0,0,0,0,0,0,2,0,2,23,185,1436,0,20,38377.0,0.0,38377.0,38377.0,7.8907149E7,0.0,7.8907149E7,7.8907149E7,BENIGN
180.149.153.68-10.42.0.42-80-54909-6,180.149.153.68,80,10.42.0.42,54909,6,08/08/2017 02:58:28,2299,1,1,0.0,0.0,0.0,0.0,0.0,0.0,0.0,0.0,0.0,0.0,0.0,869.9434536755111,2299.0,0.0,2299.0,2299.0,0,0,0,0,0,0,0,0,0,0,0,0,0,0,32,32,434.97172683775557,434.97172683775557,0.0,0.0,0.0,0.0,0.0,0,0,0,0,1,1,0,0,1.0,0.0,0.0,0.0,32,0,0,0,0,0,0,1,0,1,0,115,1369,0,32,0,0,0,0,0,0,0,0,BENIGN
10.42.0.1-10.42.0.42-53-62226-17,10.42.0.42,62226,10.42.0.1,53,17,08/08/2017 02:59:22,245069,1,1,38.0,77.0,38.0,38.0,38.0,0.0,77.0,77.0,77.0,0.0,469.25559740318033,8.160966911359658,245069.0,0.0,245069.0,245069.0,0,0,0,0,0,0,0,0,0,0,0,0,0,0,20,20,4.080483455679829,4.080483455679829,38.0,77.0,51.0,22.516660498395403,507.0,0,0,0,0,0,0,0,0,1.0,76.5,38.0,77.0,20,0,0,0,0,0,0,1,38,1,77,-1,-1,0,20,0,0,0,0,0,0,0,0,BENIGN
10.42.0.1-10.42.0.42-53-39194-17,10.42.0.42,39194,10.42.0.1,53,17,08/08/2017 02:58:21,476724,1,1,31.0,176.0,31.0,31.0,31.0,0.0,176.0,176.0,176.0,0.0,434.2135071865482,4.195299586343461,476724.0,0.0,476724.0,476724.0,0,0,0,0,0,0,0,0,0,0,0,0,0,0,32,32,2.0976497931717306,2.0976497931717306,31.0,176.0,79.33333333333334,83.71578903249574,7008.333333333334,0,0,0,0,0,0,0,0,1.0,119.0,31.0,176.0,32,0,0,0,0,0,0,1,31,1,176,-1,-1,0,32,0,0,0,0,0,0,0,0,BENIGN
10.42.0.1-10.42.0.42-53-31236-17,10.42.0.42,31236,10.42.0.1,53,17,08/08/2017 02:58:42,75487,1,1,36.0,159.0,36.0,36.0,36.0,0.0,159.0,159.0,159.0,0.0,2583.226250877635,26.494628214129587,75487.0,0.0,75487.0,75487.0,0,0,0,0,0,0,0,0,0,0,0,0,0,0,32,32,13.247314107064794,13.247314107064794,36.0,159.0,77.0,71.01408311032397,5043.0,0,0,0,0,0,0,0,0,1.0,115.5,36.0,159.0,32,0,0,0,0,0,0,1,36,1,159,-1,-1,0,32,0,0,0,0,0,0,0,0,BENIGN
10.42.0.1-10.42.0.42-53-48765-17,10.42.0.42,48765,10.42.0.1,53,17,08/08/2017 02:58:21,37586,1,1,32.0,217.0,32.0,32.0,32.0,0.0,217.0,217.0,217.0,0.0,6624.807109029958,53.21130208056191,37586.0,0.0,37586.0,37586.0,0,0,0,0,0,0,0,0,0,0,0,0,0,0,20,20,26.605651040280954,26.605651040280954,32.0,217.0,93.66666666666666,106.80979980008077,11408.333333333332,0,0,0,0,0,0,0,0,1.0,140.5,32.0,217.0,20,0,0,0,0,0,0,1,32,1,217,-1,-1,0,20,0,0,0,0,0,0,0,0,BENIGN
172.217.3.110-10.42.0.42-80-35584-6,172.217.3.110,80,10.42.0.42,35584,6,08/08/2017 02:58:27,42575,1,1,0.0,0.0,0.0,0.0,0.0,0.0,0.0,0.0,0.0,0.0,0.0,46.97592483852026,42575.0,0.0,42575.0,42575.0,0,0,0,0,0,0,0,0,0,0,0,0,0,0,32,32,23.48796241926013,23.48796241926013,0.0,0.0,0.0,0.0,0.0,0,0,0,0,1,1,0,0,1.0,0.0,0.0,0.0,32,0,0,0,0,0,0,1,0,1,0,175,1369,0,32,0,0,0,0,0,0,0,0,BENIGN
10.42.0.1-10.42.0.42-53-38836-17,10.42.0.42,38836,10.42.0.1,53,17,08/08/2017 02:57:18,31689,1,1,26.0,58.0,26.0,26.0,26.0,0.0,58.0,58.0,58.0,0.0,2650.762094102054,63.11338319290605,31689.0,0.0,31689.0,31689.0,0,0,0,0,0,0,0,0,0,0,0,0,0,0,20,20,31.556691596453025,31.556691596453025,26.0,58.0,36.666666666666664,18.475208614068023,341.3333333333333,0,0,0,0,0,0,0,0,1.0,55.0,26.0,58.0,20,0,0,0,0,0,0,1,26,1,58,-1,-1,0,20,0,0,0,0,0,0,0,0,BENIGN
10.42.0.1-10.42.0.42-53-16832-17,10.42.0.42,16832,10.42.0.1,53,17,08/08/2017 02:58:20,1426684,1,1,32.0,140.0,32.0,32.0,32.0,0.0,140.0,140.0,140.0,0.0,120.55928292459997,1.4018521270302322,1426684.0,0.0,1426684.0,1426684.0,0,0,0,0,0,0,0,0,0,0,0,0,0,0,32,32,0.7009260635151161,0.7009260635151161,32.0,140.0,68.0,62.353829072479584,3888.0,0,0,0,0,0,0,0,0,1.0,102.0,32.0,140.0,32,0,0,0,0,0,0,1,32,1,140,-1,-1,0,32,0,0,0,0,0,0,0,0,BENIGN
180.149.136.194-10.42.0.42-80-55812-6,10.42.0.42,55812,180.149.136.194,80,6,08/08/2017 02:59:33,278871,1,1,0.0,0.0,0.0,0.0,0.0,0.0,0.0,0.0,0.0,0.0,0.0,7.171774763241786,278871.0,0.0,278871.0,278871.0,0,0,0,0,0,0,0,0,0,0,0,0,0,0,20,20,3.585887381620893,3.585887381620893,0.0,0.0,0.0,0.0,0.0,0,0,0,0,1,1,0,0,1.0,0.0,0.0,0.0,20,0,0,0,0,0,0,1,0,1,0,1386,126,0,20,0,0,0,0,0,0,0,0,BENIGN
10.42.0.42-123.125.29.220-44895-80-6,10.42.0.42,44895,123.125.29.220,80,6,08/08/2017 02:58:31,314429,1,1,0.0,0.0,0.0,0.0,0.0,0.0,0.0,0.0,0.0,0.0,0.0,6.360736446065725,314429.0,0.0,314429.0,314429.0,0,0,0,0,0,0,0,0,0,0,0,0,0,0,20,20,3.1803682230328625,3.1803682230328625,0.0,0.0,0.0,0.0,0.0,0,0,0,0,1,1,0,0,1.0,0.0,0.0,0.0,20,0,0,0,0,0,0,1,0,1,0,1386,135,0,20,0,0,0,0,0,0,0,0,BENIGN
10.42.0.42-123.125.29.220-45176-80-6,10.42.0.42,45176,123.125.29.220,80,6,08/08/2017 02:59:25,301981,1,1,0.0,0.0,0.0,0.0,0.0,0.0,0.0,0.0,0.0,0.0,0.0,6.622933230898632,301981.0,0.0,301981.0,301981.0,0,0,0,0,0,0,0,0,0,0,0,0,0,0,20,20,3.311466615449316,3.311466615449316,0.0,0.0,0.0,0.0,0.0,0,0,0,0,1,1,0,0,1.0,0.0,0.0,0.0,20,0,0,0,0,0,0,1,0,1,0,1386,136,0,20,0,0,0,0,0,0,0,0,BENIGN
10.42.0.1-10.42.0.42-53-49964-17,10.42.0.42,49964,10.42.0.1,53,17,08/08/2017 02:59:33,1630026,1,1,32.0,104.0,32.0,32.0,32.0,0.0,104.0,104.0,104.0,0.0,83.434251968987,1.2269742936615735,1630026.0,0.0,1630026.0,1630026.0,0,0,0,0,0,0,0,0,0,0,0,0,0,0,20,20,0.6134871468307868,0.6134871468307868,32.0,104.0,56.0,41.569219381653056,1728.0,0,0,0,0,0,0,0,0,1.0,84.0,32.0,104.0,20,0,0,0,0,0,0,1,32,1,104,-1,-1,0,20,0,0,0,0,0,0,0,0,BENIGN
172.217.12.174-10.42.0.42-443-32984-17,10.42.0.42,32984,172.217.12.174,443,17,08/08/2017 03:01:15,58974699,23,27,6907.0,4556.0,1350.0,23.0,300.304347826087,457.9221286303252,1350.0,18.0,168.74074074074073,302.29043504965074,194.37148801725974,0.8478211987143842,1203565.285714286,4972688.039938442,2.8581428E7,4.0,5.8912599E7,2677845.409090909,7249641.602184231,2.8643185E7,261.0,5.893698E7,2266806.923076923,6724828.181646112,2.8619119E7,4.0,0,0,0,0,712,840,0.38999775140861676,0.4578234473057675,18.0,1350.0,251.23529411764713,410.74354958953614,168710.26352941175,0,0,0,0,0,0,0,0,1.0,256.26,300.30434782608694,168.74074074074073,712,0,0,0,0,0,0,23,6907,27,4556,-1,-1,22,20,211200.66666666666,34687.7076546337,233246.0,171217.0,1.9426332333333332E7,7928553.541795649,2.8581428E7,1.4837437E7,BENIGN
10.42.0.1-10.42.0.42-53-2675-17,10.42.0.42,2675,10.42.0.1,53,17,08/08/2017 02:59:25,243659,1,1,33.0,178.0,33.0,33.0,33.0,0.0,178.0,178.0,178.0,0.0,865.9643189867808,8.208192597031097,243659.0,0.0,243659.0,243659.0,0,0,0,0,0,0,0,0,0,0,0,0,0,0,20,20,4.1040962985155485,4.1040962985155485,33.0,178.0,81.33333333333334,83.71578903249574,7008.333333333334,0,0,0,0,0,0,0,0,1.0,122.0,33.0,178.0,20,0,0,0,0,0,0,1,33,1,178,-1,-1,0,20,0,0,0,0,0,0,0,0,BENIGN
10.42.0.1-10.42.0.42-53-1629-17,10.42.0.42,1629,10.42.0.1,53,17,08/08/2017 02:57:14,956861,1,1,31.0,105.0,31.0,31.0,31.0,0.0,105.0,105.0,105.0,0.0,142.13140675604922,2.0901677464124884,956861.0,0.0,956861.0,956861.0,0,0,0,0,0,0,0,0,0,0,0,0,0,0,20,40,1.0450838732062442,1.0450838732062442,31.0,105.0,55.66666666666667,42.72391992003231,1825.3333333333335,0,0,0,0,0,0,0,0,1.0,83.5,31.0,105.0,20,0,0,0,0,0,0,1,31,1,105,-1,-1,0,20,0,0,0,0,0,0,0,0,BENIGN
10.42.0.42-31.13.71.52-36945-443-6,10.42.0.42,36945,31.13.71.52,443,6,08/08/2017 03:01:04,44089153,8,7,323.0,4133.0,205.0,0.0,40.375,78.29237784466268,1398.0,0.0,590.4285714285714,653.7828021452939,101.06794294732765,0.34021973613328427,3149225.214285714,1.1738691789180107E7,4.3934062E7,3.0,4.4089153E7,6298450.428571428,1.6595761791867152E7,4.3934062E7,340.0,86243.0,14373.833333333332,21625.358849431068,48430.0,3.0,0,0,0,0,264,232,0.18145052593775163,0.15876921019553267,0.0,1398.0,278.50000000000006,504.63095426261754,254652.4,0,0,0,1,0,0,0,0,0.0,297.06666666666666,40.375,590.4285714285714,264,0,0,0,0,0,0,8,323,7,4133,65535,114,2,32,155091.0,0.0,155091.0,155091.0,4.3934062E7,0.0,4.3934062E7,4.3934062E7,BENIGN
172.217.5.227-10.42.0.42-443-54318-6,10.42.0.42,54318,172.217.5.227,443,6,08/08/2017 03:00:07,57105777,9,8,446.0,4768.0,242.0,0.0,49.55555555555556,98.7915875860783,1418.0,0.0,596.0,688.6274132545947,91.30424755449873,0.29769317384474075,3569111.0625,1.4222403100407546E7,5.6903082E7,1.0,5.7105777E7,7138222.125,2.0108060831439696E7,5.6903082E7,488.0,122646.0,17520.857142857145,27866.013531591798,68518.0,1.0,0,0,0,0,296,264,0.15760226850603923,0.14009090533870153,0.0,1418.0,289.6666666666666,528.6520038517499,279472.9411764706,0,0,0,1,0,0,0,0,0.0,306.70588235294116,49.55555555555556,596.0,296,0,0,0,0,0,0,9,446,8,4768,65535,175,2,32,202695.0,0.0,202695.0,202695.0,5.6903082E7,0.0,5.6903082E7,5.6903082E7,BENIGN
10.42.0.1-10.42.0.42-53-55588-17,10.42.0.42,55588,10.42.0.1,53,17,08/08/2017 02:59:21,242573,1,1,37.0,109.0,37.0,37.0,37.0,0.0,109.0,109.0,109.0,0.0,601.880670973274,8.244940698264028,242573.0,0.0,242573.0,242573.0,0,0,0,0,0,0,0,0,0,0,0,0,0,0,40,40,4.122470349132014,4.122470349132014,37.0,109.0,61.0,41.569219381653056,1728.0,0,0,0,0,0,0,0,0,1.0,91.5,37.0,109.0,40,0,0,0,0,0,0,1,37,1,109,-1,-1,0,40,0,0,0,0,0,0,0,0,BENIGN
10.42.0.1-10.42.0.42-53-58355-17,10.42.0.42,58355,10.42.0.1,53,17,08/08/2017 02:59:33,1012948,1,1,32.0,104.0,32.0,32.0,32.0,0.0,104.0,104.0,104.0,0.0,134.26158104858294,1.9744350154203376,1012948.0,0.0,1012948.0,1012948.0,0,0,0,0,0,0,0,0,0,0,0,0,0,0,20,20,0.9872175077101688,0.9872175077101688,32.0,104.0,56.0,41.569219381653056,1728.0,0,0,0,0,0,0,0,0,1.0,84.0,32.0,104.0,20,0,0,0,0,0,0,1,32,1,104,-1,-1,0,20,0,0,0,0,0,0,0,0,BENIGN
10.42.0.1-10.42.0.42-53-62530-17,10.42.0.42,62530,10.42.0.1,53,17,08/08/2017 03:01:06,30847,1,1,38.0,86.0,38.0,38.0,38.0,0.0,86.0,86.0,86.0,0.0,4019.8398547670763,64.83612668979156,30847.0,0.0,30847.0,30847.0,0,0,0,0,0,0,0,0,0,0,0,0,0,0,44,44,32.41806334489578,32.41806334489578,38.0,86.0,54.0,27.712812921102035,768.0,0,0,0,0,0,0,0,0,1.0,81.0,38.0,86.0,44,0,0,0,0,0,0,1,38,1,86,-1,-1,0,44,0,0,0,0,0,0,0,0,BENIGN
10.42.0.1-10.42.0.42-53-8286-17,10.42.0.42,8286,10.42.0.1,53,17,08/08/2017 02:59:28,670621,1,1,34.0,103.0,34.0,34.0,34.0,0.0,103.0,103.0,103.0,0.0,204.28826416112827,2.9823104257099016,670621.0,0.0,670621.0,670621.0,0,0,0,0,0,0,0,0,0,0,0,0,0,0,40,40,1.4911552128549508,1.4911552128549508,34.0,103.0,57.0,39.83716857408418,1587.0,0,0,0,0,0,0,0,0,1.0,85.5,34.0,103.0,40,0,0,0,0,0,0,1,34,1,103,-1,-1,0,40,0,0,0,0,0,0,0,0,BENIGN
10.42.0.42-123.125.29.220-45178-80-6,10.42.0.42,45178,123.125.29.220,80,6,08/08/2017 02:59:28,304328,1,1,0.0,0.0,0.0,0.0,0.0,0.0,0.0,0.0,0.0,0.0,0.0,6.5718566809495025,304328.0,0.0,304328.0,304328.0,0,0,0,0,0,0,0,0,0,0,0,0,0,0,20,20,3.2859283404747512,3.2859283404747512,0.0,0.0,0.0,0.0,0.0,0,0,0,0,1,1,0,0,1.0,0.0,0.0,0.0,20,0,0,0,0,0,0,1,0,1,0,1386,137,0,20,0,0,0,0,0,0,0,0,BENIGN
172.217.10.78-10.42.0.42-443-56746-6,10.42.0.42,56746,172.217.10.78,443,6,08/08/2017 03:01:02,59856553,2,1,31.0,0.0,31.0,0.0,15.5,21.920310216782973,0.0,0.0,0.0,0.0,0.5179048649861278,0.05011982564381882,2.99282765E7,4.2273540991702035E7,5.9820184E7,36369.0,5.9820184E7,5.9820184E7,0.0,5.9820184E7,5.9820184E7,0,0,0,0,0,0,0,0,0,76,20,0.03341321709587921,0.016706608547939605,0.0,31.0,7.75,15.500000000000002,240.25000000000003,0,0,0,0,1,0,0,0,0.0,10.333333333333334,15.5,0.0,76,0,0,0,0,0,0,2,31,1,0,3521,0,1,32,0,0,0,0,5.9820184E7,0.0,5.9820184E7,5.9820184E7,BENIGN
10.42.0.1-10.42.0.42-53-43368-17,10.42.0.42,43368,10.42.0.1,53,17,08/08/2017 02:58:25,366198,1,1,39.0,103.0,39.0,39.0,39.0,0.0,103.0,103.0,103.0,0.0,387.76836574749177,5.461526278133687,366198.0,0.0,366198.0,366198.0,0,0,0,0,0,0,0,0,0,0,0,0,0,0,32,32,2.7307631390668434,2.7307631390668434,39.0,103.0,60.33333333333333,36.95041722813605,1365.3333333333333,0,0,0,0,0,0,0,0,1.0,90.5,39.0,103.0,32,0,0,0,0,0,0,1,39,1,103,-1,-1,0,32,0,0,0,0,0,0,0,0,BENIGN
172.217.3.97-10.42.0.42-443-53479-6,10.42.0.42,53479,172.217.3.97,443,6,08/08/2017 03:04:09,36508,1,1,0.0,0.0,0.0,0.0,0.0,0.0,0.0,0.0,0.0,0.0,0.0,54.78251342171579,36508.0,0.0,36508.0,36508.0,0,0,0,0,0,0,0,0,0,0,0,0,0,0,32,32,27.391256710857895,27.391256710857895,0.0,0.0,0.0,0.0,0.0,0,0,0,0,1,1,0,0,1.0,0.0,0.0,0.0,32,0,0,0,0,0,0,1,0,1,0,1639,179,0,32,0,0,0,0,0,0,0,0,BENIGN
10.42.0.1-10.42.0.42-53-41183-17,10.42.0.42,41183,10.42.0.1,53,17,08/08/2017 02:58:40,248509,1,1,36.0,159.0,36.0,36.0,36.0,0.0,159.0,159.0,159.0,0.0,784.6798305091565,8.047998261632376,248509.0,0.0,248509.0,248509.0,0,0,0,0,0,0,0,0,0,0,0,0,0,0,32,20,4.023999130816188,4.023999130816188,36.0,159.0,77.0,71.01408311032397,5043.0,0,0,0,0,0,0,0,0,1.0,115.5,36.0,159.0,32,0,0,0,0,0,0,1,36,1,159,-1,-1,0,32,0,0,0,0,0,0,0,0,BENIGN
10.42.0.1-10.42.0.42-53-17540-17,10.42.0.42,17540,10.42.0.1,53,17,08/08/2017 02:59:22,2220188,1,1,46.0,179.0,46.0,46.0,46.0,0.0,179.0,179.0,179.0,0.0,101.34276917089905,0.900824614852436,2220188.0,0.0,2220188.0,2220188.0,0,0,0,0,0,0,0,0,0,0,0,0,0,0,32,20,0.450412307426218,0.450412307426218,46.0,179.0,90.33333333333334,76.78758580222024,5896.333333333334,0,0,0,0,0,0,0,0,1.0,135.5,46.0,179.0,32,0,0,0,0,0,0,1,46,1,179,-1,-1,0,32,0,0,0,0,0,0,0,0,BENIGN
10.42.0.1-10.42.0.42-53-4920-17,10.42.0.42,4920,10.42.0.1,53,17,08/08/2017 02:58:39,394018,1,1,34.0,83.0,34.0,34.0,34.0,0.0,83.0,83.0,83.0,0.0,296.94074889979646,5.075910237603359,394018.0,0.0,394018.0,394018.0,0,0,0,0,0,0,0,0,0,0,0,0,0,0,20,32,2.5379551188016793,2.5379551188016793,34.0,83.0,50.33333333333333,28.29016319029166,800.3333333333333,0,0,0,0,0,0,0,0,1.0,75.5,34.0,83.0,20,0,0,0,0,0,0,1,34,1,83,-1,-1,0,20,0,0,0,0,0,0,0,0,BENIGN
10.42.0.42-104.192.110.245-50937-80-6,104.192.110.245,80,10.42.0.42,50937,6,08/08/2017 02:59:39,4403,1,1,0.0,0.0,0.0,0.0,0.0,0.0,0.0,0.0,0.0,0.0,0.0,454.2357483533954,4403.0,0.0,4403.0,4403.0,0,0,0,0,0,0,0,0,0,0,0,0,0,0,20,20,227.1178741766977,227.1178741766977,0.0,0.0,0.0,0.0,0.0,0,0,0,0,1,1,0,0,1.0,0.0,0.0,0.0,20,0,0,0,0,0,0,1,0,1,0,29,1369,0,20,0,0,0,0,0,0,0,0,BENIGN
10.42.0.1-10.42.0.42-53-27329-17,10.42.0.42,27329,10.42.0.1,53,17,08/08/2017 02:57:44,31092,1,1,36.0,93.0,36.0,36.0,36.0,0.0,93.0,93.0,93.0,0.0,4148.977228869162,64.32522835456065,31092.0,0.0,31092.0,31092.0,0,0,0,0,0,0,0,0,0,0,0,0,0,0,32,40,32.162614177280325,32.162614177280325,36.0,93.0,55.0,32.90896534380867,1083.0,0,0,0,0,0,0,0,0,1.0,82.5,36.0,93.0,32,0,0,0,0,0,0,1,36,1,93,-1,-1,0,32,0,0,0,0,0,0,0,0,BENIGN
10.42.0.42-23.208.87.120-36948-80-6,23.208.87.120,80,10.42.0.42,36948,6,08/08/2017 02:59:26,2288,1,1,0.0,0.0,0.0,0.0,0.0,0.0,0.0,0.0,0.0,0.0,0.0,874.1258741258741,2288.0,0.0,2288.0,2288.0,0,0,0,0,0,0,0,0,0,0,0,0,0,0,32,32,437.06293706293707,437.06293706293707,0.0,0.0,0.0,0.0,0.0,0,0,0,0,1,1,0,0,1.0,0.0,0.0,0.0,32,0,0,0,0,0,0,1,0,1,0,905,1369,0,32,0,0,0,0,0,0,0,0,BENIGN
10.42.0.1-10.42.0.42-53-64322-17,10.42.0.42,64322,10.42.0.1,53,17,08/08/2017 02:59:37,30530,1,1,36.0,52.0,36.0,36.0,36.0,0.0,52.0,52.0,52.0,0.0,2882.410743530953,65.50933508024893,30530.0,0.0,30530.0,30530.0,0,0,0,0,0,0,0,0,0,0,0,0,0,0,32,32,32.754667540124466,32.754667540124466,36.0,52.0,41.333333333333336,9.237604307034012,85.33333333333333,0,0,0,0,0,0,0,0,1.0,62.0,36.0,52.0,32,0,0,0,0,0,0,1,36,1,52,-1,-1,0,32,0,0,0,0,0,0,0,0,BENIGN
10.42.0.42-104.97.95.172-33397-80-6,10.42.0.42,33397,104.97.95.172,80,6,08/08/2017 03:07:54,122636,2,0,0.0,0.0,0.0,0.0,0.0,0.0,0,0,0,0,0.0,16.308424932320037,122636.0,0.0,122636.0,122636.0,122636.0,122636.0,0.0,122636.0,122636.0,0,0,0,0,0,0,0,0,0,64,0,16.308424932320037,0.0,0.0,0.0,0.0,0.0,0.0,0,0,0,0,1,1,0,0,0.0,0.0,0.0,0.0,64,0,0,0,0,0,0,2,0,0,0,1018,-1,0,32,0,0,0,0,0,0,0,0,BENIGN
10.42.0.1-10.42.0.42-53-1245-17,10.42.0.42,1245,10.42.0.1,53,17,08/08/2017 02:58:20,1552938,1,1,37.0,182.0,37.0,37.0,37.0,0.0,182.0,182.0,182.0,0.0,141.0230157288958,1.287881422181697,1552938.0,0.0,1552938.0,1552938.0,0,0,0,0,0,0,0,0,0,0,0,0,0,0,40,20,0.6439407110908485,0.6439407110908485,37.0,182.0,85.33333333333334,83.71578903249574,7008.333333333334,0,0,0,0,0,0,0,0,1.0,128.0,37.0,182.0,40,0,0,0,0,0,0,1,37,1,182,-1,-1,0,40,0,0,0,0,0,0,0,0,BENIGN
10.42.0.1-10.42.0.42-53-40605-17,10.42.0.42,40605,10.42.0.1,53,17,08/08/2017 02:58:30,181846,1,1,37.0,84.0,37.0,37.0,37.0,0.0,84.0,84.0,84.0,0.0,665.3981940763063,10.998317257459608,181846.0,0.0,181846.0,181846.0,0,0,0,0,0,0,0,0,0,0,0,0,0,0,20,20,5.499158628729804,5.499158628729804,37.0,84.0,52.666666666666664,27.13546265191241,736.3333333333333,0,0,0,0,0,0,0,0,1.0,79.0,37.0,84.0,20,0,0,0,0,0,0,1,37,1,84,-1,-1,0,20,0,0,0,0,0,0,0,0,BENIGN
172.217.10.141-10.42.0.42-443-49536-6,10.42.0.42,49536,172.217.10.141,443,6,08/08/2017 03:01:11,37030,1,1,0.0,0.0,0.0,0.0,0.0,0.0,0.0,0.0,0.0,0.0,0.0,54.01026194977045,37030.0,0.0,37030.0,37030.0,0,0,0,0,0,0,0,0,0,0,0,0,0,0,32,32,27.005130974885226,27.005130974885226,0.0,0.0,0.0,0.0,0.0,0,0,0,0,1,1,0,0,1.0,0.0,0.0,0.0,32,0,0,0,0,0,0,1,0,1,0,1681,185,0,32,0,0,0,0,0,0,0,0,BENIGN
180.149.135.239-10.42.0.42-80-55687-6,180.149.135.239,80,10.42.0.42,55687,6,08/08/2017 02:58:34,2223,1,1,187.0,0.0,187.0,187.0,187.0,0.0,0.0,0.0,0.0,0.0,84120.55780476832,899.6851102114259,2223.0,0.0,2223.0,2223.0,0,0,0,0,0,0,0,0,0,0,0,0,0,0,20,20,449.84255510571296,449.84255510571296,0.0,187.0,124.66666666666666,107.96450033846003,11656.333333333334,0,0,0,0,1,1,0,0,1.0,187.0,187.0,0.0,20,0,0,0,0,0,0,1,187,1,0,115,0,0,20,0,0,0,0,0,0,0,0,BENIGN
203.130.53.126-10.42.0.42-80-57636-6,203.130.53.126,80,10.42.0.42,57636,6,08/08/2017 02:59:26,3417,1,1,0.0,0.0,0.0,0.0,0.0,0.0,0.0,0.0,0.0,0.0,0.0,585.308750365818,3417.0,0.0,3417.0,3417.0,0,0,0,0,0,0,0,0,0,0,0,0,0,0,20,20,292.654375182909,292.654375182909,0.0,0.0,0.0,0.0,0.0,0,0,0,0,1,1,0,0,1.0,0.0,0.0,0.0,20,0,0,0,0,0,0,1,0,1,0,58,1369,0,20,0,0,0,0,0,0,0,0,BENIGN
10.42.0.42-31.13.71.36-60187-443-6,10.42.0.42,60187,31.13.71.36,443,6,08/08/2017 03:01:08,40514023,9,7,322.0,3812.0,204.0,0.0,35.77777777777778,74.17846348128576,1398.0,0.0,544.5714285714286,629.9444041984598,102.03874347408056,0.39492498683727356,2700934.866666667,1.0363362430723354E7,4.0161821E7,1.0,4.0514023E7,5064252.875,1.418176169776786E7,4.0161821E7,149.0,288263.0,48043.83333333333,96778.32090177358,242271.0,1.0,0,0,0,0,296,232,0.2221453050959664,0.1727796817413072,0.0,1398.0,243.1764705882352,468.1836225368896,219195.9044117647,0,0,0,1,0,0,0,0,0.0,258.375,35.77777777777778,544.5714285714286,296,0,0,0,0,0,0,9,322,7,3812,65535,114,2,32,352202.0,0.0,352202.0,352202.0,4.0161821E7,0.0,4.0161821E7,4.0161821E7,BENIGN
10.42.0.1-10.42.0.42-53-30362-17,10.42.0.42,30362,10.42.0.1,53,17,08/08/2017 02:58:35,293396,1,1,34.0,78.0,34.0,34.0,34.0,0.0,78.0,78.0,78.0,0.0,381.736628992897,6.816725517730303,293396.0,0.0,293396.0,293396.0,0,0,0,0,0,0,0,0,0,0,0,0,0,0,40,32,3.4083627588651515,3.4083627588651515,34.0,78.0,48.666666666666664,25.40341184434353,645.3333333333333,0,0,0,0,0,0,0,0,1.0,73.0,34.0,78.0,40,0,0,0,0,0,0,1,34,1,78,-1,-1,0,40,0,0,0,0,0,0,0,0,BENIGN
10.42.0.1-10.42.0.42-53-30725-17,10.42.0.42,30725,10.42.0.1,53,17,08/08/2017 02:59:21,253634,1,1,37.0,109.0,37.0,37.0,37.0,0.0,109.0,109.0,109.0,0.0,575.6326044615469,7.885378143308862,253634.0,0.0,253634.0,253634.0,0,0,0,0,0,0,0,0,0,0,0,0,0,0,20,32,3.942689071654431,3.942689071654431,37.0,109.0,61.0,41.569219381653056,1728.0,0,0,0,0,0,0,0,0,1.0,91.5,37.0,109.0,20,0,0,0,0,0,0,1,37,1,109,-1,-1,0,20,0,0,0,0,0,0,0,0,BENIGN
10.42.0.42-123.125.29.138-60023-443-6,123.125.29.138,443,10.42.0.42,60023,6,08/08/2017 02:58:52,2340,1,1,0.0,0.0,0.0,0.0,0.0,0.0,0.0,0.0,0.0,0.0,0.0,854.7008547008546,2340.0,0.0,2340.0,2340.0,0,0,0,0,0,0,0,0,0,0,0,0,0,0,20,20,427.3504273504273,427.3504273504273,0.0,0.0,0.0,0.0,0.0,0,0,0,0,1,1,0,0,1.0,0.0,0.0,0.0,20,0,0,0,0,0,0,1,0,1,0,115,1369,0,20,0,0,0,0,0,0,0,0,BENIGN
10.42.0.42-31.13.71.36-60190-443-6,10.42.0.42,60190,31.13.71.36,443,6,08/08/2017 03:01:08,40289018,8,7,322.0,3810.0,204.0,0.0,40.25,77.99221572878741,1398.0,0.0,544.2857142857142,629.8663123461766,102.55896532399971,0.3723098934801538,2877787.0,1.0710803662923818E7,4.0091267E7,3.0,4.0289018E7,5755574.0,1.5140645290793587E7,4.0091267E7,288.0,165944.0,27657.333333333332,49338.672915540265,122633.0,3.0,0,0,0,0,264,232,0.19856527652274872,0.17374461695740512,0.0,1398.0,258.25,479.0663837089803,229504.59999999998,0,0,0,1,0,0,0,0,0.0,275.46666666666664,40.25,544.2857142857143,264,0,0,0,0,0,0,8,322,7,3810,65535,114,2,32,197751.0,0.0,197751.0,197751.0,4.0091267E7,0.0,4.0091267E7,4.0091267E7,BENIGN
219.142.78.162-10.42.0.42-80-49416-6,10.42.0.42,49416,219.142.78.162,80,6,08/08/2017 02:58:29,254060,1,1,0.0,0.0,0.0,0.0,0.0,0.0,0.0,0.0,0.0,0.0,0.0,7.8721561835786815,254060.0,0.0,254060.0,254060.0,0,0,0,0,0,0,0,0,0,0,0,0,0,0,20,20,3.9360780917893408,3.9360780917893408,0.0,0.0,0.0,0.0,0.0,0,0,0,0,1,1,0,0,1.0,0.0,0.0,0.0,20,0,0,0,0,0,0,1,0,1,0,1386,123,0,20,0,0,0,0,0,0,0,0,BENIGN
10.42.0.1-10.42.0.42-53-37696-17,10.42.0.42,37696,10.42.0.1,53,17,08/08/2017 02:58:40,24048,1,1,31.0,74.0,31.0,31.0,31.0,0.0,74.0,74.0,74.0,0.0,4366.26746506986,83.16699933466401,24048.0,0.0,24048.0,24048.0,0,0,0,0,0,0,0,0,0,0,0,0,0,0,20,40,41.583499667332006,41.583499667332006,31.0,74.0,45.333333333333336,24.826061575153908,616.3333333333334,0,0,0,0,0,0,0,0,1.0,68.0,31.0,74.0,20,0,0,0,0,0,0,1,31,1,74,-1,-1,0,20,0,0,0,0,0,0,0,0,BENIGN
10.42.0.1-10.42.0.42-53-64927-17,10.42.0.42,64927,10.42.0.1,53,17,08/08/2017 03:00:09,30805,1,1,47.0,63.0,47.0,47.0,47.0,0.0,63.0,63.0,63.0,0.0,3570.8488881675053,64.92452523940919,30805.0,0.0,30805.0,30805.0,0,0,0,0,0,0,0,0,0,0,0,0,0,0,20,20,32.462262619704596,32.462262619704596,47.0,63.0,52.333333333333336,9.237604307034012,85.33333333333333,0,0,0,0,0,0,0,0,1.0,78.5,47.0,63.0,20,0,0,0,0,0,0,1,47,1,63,-1,-1,0,20,0,0,0,0,0,0,0,0,BENIGN
10.42.0.1-10.42.0.42-53-63333-17,10.42.0.42,63333,10.42.0.1,53,17,08/08/2017 02:58:30,60421,1,1,35.0,84.0,35.0,35.0,35.0,0.0,84.0,84.0,84.0,0.0,1969.513910726403,33.10107412985551,60421.0,0.0,60421.0,60421.0,0,0,0,0,0,0,0,0,0,0,0,0,0,0,20,20,16.550537064927756,16.550537064927756,35.0,84.0,51.33333333333333,28.29016319029166,800.3333333333333,0,0,0,0,0,0,0,0,1.0,77.0,35.0,84.0,20,0,0,0,0,0,0,1,35,1,84,-1,-1,0,20,0,0,0,0,0,0,0,0,BENIGN
203.130.53.126-10.42.0.42-80-57876-6,203.130.53.126,80,10.42.0.42,57876,6,08/08/2017 03:00:06,4026,1,1,0.0,0.0,0.0,0.0,0.0,0.0,0.0,0.0,0.0,0.0,0.0,496.7709885742673,4026.0,0.0,4026.0,4026.0,0,0,0,0,0,0,0,0,0,0,0,0,0,0,20,20,248.38549428713364,248.38549428713364,0.0,0.0,0.0,0.0,0.0,0,0,0,0,1,1,0,0,1.0,0.0,0.0,0.0,20,0,0,0,0,0,0,1,0,1,0,58,1369,0,20,0,0,0,0,0,0,0,0,BENIGN
10.42.0.1-10.42.0.42-53-27478-17,10.42.0.42,27478,10.42.0.1,53,17,08/08/2017 02:57:13,809612,1,1,31.0,106.0,31.0,31.0,31.0,0.0,106.0,106.0,106.0,0.0,169.21685943390167,2.470319115823382,809612.0,0.0,809612.0,809612.0,0,0,0,0,0,0,0,0,0,0,0,0,0,0,20,20,1.235159557911691,1.235159557911691,31.0,106.0,56.0,43.30127018922193,1875.0,0,0,0,0,0,0,0,0,1.0,84.0,31.0,106.0,20,0,0,0,0,0,0,1,31,1,106,-1,-1,0,20,0,0,0,0,0,0,0,0,BENIGN
10.42.0.42-123.125.29.220-45304-80-6,10.42.0.42,45304,123.125.29.220,80,6,08/08/2017 02:59:40,310924,1,1,0.0,0.0,0.0,0.0,0.0,0.0,0.0,0.0,0.0,0.0,0.0,6.432440081820638,310924.0,0.0,310924.0,310924.0,0,0,0,0,0,0,0,0,0,0,0,0,0,0,20,20,3.216220040910319,3.216220040910319,0.0,0.0,0.0,0.0,0.0,0,0,0,0,1,1,0,0,1.0,0.0,0.0,0.0,20,0,0,0,0,0,0,1,0,1,0,1386,137,0,20,0,0,0,0,0,0,0,0,BENIGN
10.42.0.1-10.42.0.42-53-33895-17,10.42.0.42,33895,10.42.0.1,53,17,08/08/2017 02:58:45,75223,1,1,35.0,139.0,35.0,35.0,35.0,0.0,139.0,139.0,139.0,0.0,2313.1223163128298,26.587612831181954,75223.0,0.0,75223.0,75223.0,0,0,0,0,0,0,0,0,0,0,0,0,0,0,20,20,13.293806415590977,13.293806415590977,35.0,139.0,69.66666666666666,60.04442799572108,3605.333333333333,0,0,0,0,0,0,0,0,1.0,104.5,35.0,139.0,20,0,0,0,0,0,0,1,35,1,139,-1,-1,0,20,0,0,0,0,0,0,0,0,BENIGN
222.73.28.96-10.42.0.42-80-37159-6,222.73.28.96,80,10.42.0.42,37159,6,08/08/2017 02:59:42,7001,1,1,0.0,0.0,0.0,0.0,0.0,0.0,0.0,0.0,0.0,0.0,0.0,285.673475217826,7001.0,0.0,7001.0,7001.0,0,0,0,0,0,0,0,0,0,0,0,0,0,0,20,20,142.836737608913,142.836737608913,0.0,0.0,0.0,0.0,0.0,0,0,0,0,1,1,0,0,1.0,0.0,0.0,0.0,20,0,0,0,0,0,0,1,0,1,0,58,1369,0,20,0,0,0,0,0,0,0,0,BENIGN
172.217.12.174-10.42.0.42-443-34158-17,10.42.0.42,34158,172.217.12.174,443,17,08/08/2017 03:00:34,61778,1,1,23.0,33.0,23.0,23.0,23.0,0.0,33.0,33.0,33.0,0.0,906.4715594548221,32.373984266243646,61778.0,0.0,61778.0,61778.0,0,0,0,0,0,0,0,0,0,0,0,0,0,0,20,20,16.186992133121823,16.186992133121823,23.0,33.0,26.333333333333332,5.773502691896258,33.333333333333336,0,0,0,0,0,0,0,0,1.0,39.5,23.0,33.0,20,0,0,0,0,0,0,1,23,1,33,-1,-1,0,20,0,0,0,0,0,0,0,0,BENIGN
172.217.12.163-10.42.0.42-443-35741-6,10.42.0.42,35741,172.217.12.163,443,6,08/08/2017 03:04:09,19393,1,1,0.0,0.0,0.0,0.0,0.0,0.0,0.0,0.0,0.0,0.0,0.0,103.1299953591502,19393.0,0.0,19393.0,19393.0,0,0,0,0,0,0,0,0,0,0,0,0,0,0,44,32,51.5649976795751,51.5649976795751,0.0,0.0,0.0,0.0,0.0,0,0,0,0,1,0,0,0,1.0,0.0,0.0,0.0,44,0,0,0,0,0,0,1,0,1,0,2317,179,0,44,0,0,0,0,0,0,0,0,BENIGN
172.217.11.14-10.42.0.42-80-52523-6,172.217.11.14,80,10.42.0.42,52523,6,08/08/2017 02:57:48,101254,1,1,0.0,0.0,0.0,0.0,0.0,0.0,0.0,0.0,0.0,0.0,0.0,19.752306081735043,101254.0,0.0,101254.0,101254.0,0,0,0,0,0,0,0,0,0,0,0,0,0,0,32,32,9.876153040867521,9.876153040867521,0.0,0.0,0.0,0.0,0.0,0,0,0,0,1,1,0,0,1.0,0.0,0.0,0.0,32,0,0,0,0,0,0,1,0,1,0,170,1369,0,32,0,0,0,0,0,0,0,0,BENIGN
10.42.0.1-10.42.0.42-53-12133-17,10.42.0.42,12133,10.42.0.1,53,17,08/08/2017 02:58:22,406365,1,1,34.0,78.0,34.0,34.0,34.0,0.0,78.0,78.0,78.0,0.0,275.6142876478043,4.921683707996506,406365.0,0.0,406365.0,406365.0,0,0,0,0,0,0,0,0,0,0,0,0,0,0,32,20,2.460841853998253,2.460841853998253,34.0,78.0,48.666666666666664,25.40341184434353,645.3333333333333,0,0,0,0,0,0,0,0,1.0,73.0,34.0,78.0,32,0,0,0,0,0,0,1,34,1,78,-1,-1,0,32,0,0,0,0,0,0,0,0,BENIGN
10.42.0.1-10.42.0.42-53-49181-17,10.42.0.42,49181,10.42.0.1,53,17,08/08/2017 02:58:35,1244636,1,1,40.0,106.0,40.0,40.0,40.0,0.0,106.0,106.0,106.0,0.0,117.3033722309173,1.606895510012566,1244636.0,0.0,1244636.0,1244636.0,0,0,0,0,0,0,0,0,0,0,0,0,0,0,20,40,0.803447755006283,0.803447755006283,40.0,106.0,62.0,38.1051177665153,1452.0,0,0,0,0,0,0,0,0,1.0,93.0,40.0,106.0,20,0,0,0,0,0,0,1,40,1,106,-1,-1,0,20,0,0,0,0,0,0,0,0,BENIGN
219.142.78.162-10.42.0.42-80-49615-6,10.42.0.42,49615,219.142.78.162,80,6,08/08/2017 02:59:22,256589,1,1,0.0,0.0,0.0,0.0,0.0,0.0,0.0,0.0,0.0,0.0,0.0,7.794566407757152,256589.0,0.0,256589.0,256589.0,0,0,0,0,0,0,0,0,0,0,0,0,0,0,20,20,3.897283203878576,3.897283203878576,0.0,0.0,0.0,0.0,0.0,0,0,0,0,1,1,0,0,1.0,0.0,0.0,0.0,20,0,0,0,0,0,0,1,0,1,0,1386,126,0,20,0,0,0,0,0,0,0,0,BENIGN
10.42.0.1-10.42.0.42-53-21155-17,10.42.0.42,21155,10.42.0.1,53,17,08/08/2017 02:59:20,127165,1,1,39.0,223.0,39.0,39.0,39.0,0.0,223.0,223.0,223.0,0.0,2060.315338339952,15.727598002595053,127165.0,0.0,127165.0,127165.0,0,0,0,0,0,0,0,0,0,0,0,0,0,0,32,40,7.863799001297527,7.863799001297527,39.0,223.0,100.33333333333334,106.23244953089115,11285.333333333334,0,0,0,0,0,0,0,0,1.0,150.5,39.0,223.0,32,0,0,0,0,0,0,1,39,1,223,-1,-1,0,32,0,0,0,0,0,0,0,0,BENIGN
10.42.0.1-10.42.0.42-53-13388-17,10.42.0.42,13388,10.42.0.1,53,17,08/08/2017 02:58:35,248621,1,1,36.0,52.0,36.0,36.0,36.0,0.0,52.0,52.0,52.0,0.0,353.9524014463782,8.04437276014496,248621.0,0.0,248621.0,248621.0,0,0,0,0,0,0,0,0,0,0,0,0,0,0,20,32,4.02218638007248,4.02218638007248,36.0,52.0,41.333333333333336,9.237604307034012,85.33333333333333,0,0,0,0,0,0,0,0,1.0,62.0,36.0,52.0,20,0,0,0,0,0,0,1,36,1,52,-1,-1,0,20,0,0,0,0,0,0,0,0,BENIGN
10.42.0.1-10.42.0.42-53-8475-17,10.42.0.42,8475,10.42.0.1,53,17,08/08/2017 02:59:22,908925,1,1,40.0,106.0,40.0,40.0,40.0,0.0,106.0,106.0,106.0,0.0,160.6293148499601,2.200401573287125,908925.0,0.0,908925.0,908925.0,0,0,0,0,0,0,0,0,0,0,0,0,0,0,32,40,1.1002007866435626,1.1002007866435626,40.0,106.0,62.0,38.1051177665153,1452.0,0,0,0,0,0,0,0,0,1.0,93.0,40.0,106.0,32,0,0,0,0,0,0,1,40,1,106,-1,-1,0,32,0,0,0,0,0,0,0,0,BENIGN
180.149.136.247-10.42.0.42-80-34236-6,10.42.0.42,34236,180.149.136.247,80,6,08/08/2017 02:59:34,270903,1,1,0.0,0.0,0.0,0.0,0.0,0.0,0.0,0.0,0.0,0.0,0.0,7.382716322816654,270903.0,0.0,270903.0,270903.0,0,0,0,0,0,0,0,0,0,0,0,0,0,0,20,20,3.691358161408327,3.691358161408327,0.0,0.0,0.0,0.0,0.0,0,0,0,0,1,1,0,0,1.0,0.0,0.0,0.0,20,0,0,0,0,0,0,1,0,1,0,1386,125,0,20,0,0,0,0,0,0,0,0,BENIGN
10.42.0.1-10.42.0.42-53-5289-17,10.42.0.42,5289,10.42.0.1,53,17,08/08/2017 02:58:43,1277866,1,1,31.0,102.0,31.0,31.0,31.0,0.0,102.0,102.0,102.0,0.0,104.07977049236774,1.565109330712297,1277866.0,0.0,1277866.0,1277866.0,0,0,0,0,0,0,0,0,0,0,0,0,0,0,20,32,0.7825546653561485,0.7825546653561485,31.0,102.0,54.66666666666667,40.991869112463434,1680.3333333333335,0,0,0,0,0,0,0,0,1.0,82.0,31.0,102.0,20,0,0,0,0,0,0,1,31,1,102,-1,-1,0,20,0,0,0,0,0,0,0,0,BENIGN
10.42.0.1-10.42.0.42-53-14178-17,10.42.0.42,14178,10.42.0.1,53,17,08/08/2017 02:59:21,71461,1,1,32.0,76.0,32.0,32.0,32.0,0.0,76.0,76.0,76.0,0.0,1511.3138635059684,27.987293768629044,71461.0,0.0,71461.0,71461.0,0,0,0,0,0,0,0,0,0,0,0,0,0,0,20,20,13.993646884314522,13.993646884314522,32.0,76.0,46.666666666666664,25.40341184434353,645.3333333333333,0,0,0,0,0,0,0,0,1.0,70.0,32.0,76.0,20,0,0,0,0,0,0,1,32,1,76,-1,-1,0,20,0,0,0,0,0,0,0,0,BENIGN
10.42.0.1-10.42.0.42-53-47835-17,10.42.0.42,47835,10.42.0.1,53,17,08/08/2017 03:00:10,60865,1,1,32.0,69.0,32.0,32.0,32.0,0.0,69.0,69.0,69.0,0.0,1659.4101700484678,32.85960732769243,60865.0,0.0,60865.0,60865.0,0,0,0,0,0,0,0,0,0,0,0,0,0,0,20,20,16.429803663846215,16.429803663846215,32.0,69.0,44.333333333333336,21.361959960016154,456.33333333333337,0,0,0,0,0,0,0,0,1.0,66.5,32.0,69.0,20,0,0,0,0,0,0,1,32,1,69,-1,-1,0,20,0,0,0,0,0,0,0,0,BENIGN
219.142.78.162-10.42.0.42-443-50095-6,10.42.0.42,50095,219.142.78.162,443,6,08/08/2017 02:59:27,403778,3,0,0.0,0.0,0.0,0.0,0.0,0.0,0,0,0,0,0.0,7.429825300041111,201889.0,237693.94449585796,369964.0,33814.0,403778.0,201889.0,237693.94449585796,369964.0,33814.0,0,0,0,0,0,0,0,0,0,60,0,7.429825300041111,0.0,0.0,0.0,0.0,0.0,0.0,0,0,0,0,1,0,0,0,0.0,0.0,0.0,0.0,60,0,0,0,0,0,0,3,0,0,0,1506,-1,0,20,0,0,0,0,0,0,0,0,BENIGN
10.42.0.1-10.42.0.42-53-63949-17,10.42.0.42,63949,10.42.0.1,53,17,08/08/2017 03:00:09,30727,1,1,33.0,49.0,33.0,33.0,33.0,0.0,49.0,49.0,49.0,0.0,2668.662739610115,65.08933511244183,30727.0,0.0,30727.0,30727.0,0,0,0,0,0,0,0,0,0,0,0,0,0,0,20,20,32.544667556220915,32.544667556220915,33.0,49.0,38.333333333333336,9.237604307034012,85.33333333333333,0,0,0,0,0,0,0,0,1.0,57.5,33.0,49.0,20,0,0,0,0,0,0,1,33,1,49,-1,-1,0,20,0,0,0,0,0,0,0,0,BENIGN
180.149.136.194-10.42.0.42-80-55779-6,10.42.0.42,55779,180.149.136.194,80,6,08/08/2017 02:59:29,278944,1,1,0.0,0.0,0.0,0.0,0.0,0.0,0.0,0.0,0.0,0.0,0.0,7.169897900653894,278944.0,0.0,278944.0,278944.0,0,0,0,0,0,0,0,0,0,0,0,0,0,0,20,20,3.584948950326947,3.584948950326947,0.0,0.0,0.0,0.0,0.0,0,0,0,0,1,1,0,0,1.0,0.0,0.0,0.0,20,0,0,0,0,0,0,1,0,1,0,1386,126,0,20,0,0,0,0,0,0,0,0,BENIGN
10.42.0.1-10.42.0.42-53-61995-17,10.42.0.42,61995,10.42.0.1,53,17,08/08/2017 02:59:23,246145,1,1,47.0,115.0,47.0,47.0,47.0,0.0,115.0,115.0,115.0,0.0,658.148652217189,8.125292002681347,246145.0,0.0,246145.0,246145.0,0,0,0,0,0,0,0,0,0,0,0,0,0,0,20,20,4.062646001340673,4.062646001340673,47.0,115.0,69.66666666666667,39.25981830489455,1541.3333333333335,0,0,0,0,0,0,0,0,1.0,104.5,47.0,115.0,20,0,0,0,0,0,0,1,47,1,115,-1,-1,0,20,0,0,0,0,0,0,0,0,BENIGN
10.42.0.1-10.42.0.42-53-48031-17,10.42.0.42,48031,10.42.0.1,53,17,08/08/2017 02:58:31,241617,1,1,43.0,107.0,43.0,43.0,43.0,0.0,107.0,107.0,107.0,0.0,620.8172438197644,8.277563250930191,241617.0,0.0,241617.0,241617.0,0,0,0,0,0,0,0,0,0,0,0,0,0,0,32,32,4.1387816254650955,4.1387816254650955,43.0,107.0,64.33333333333333,36.95041722813605,1365.3333333333333,0,0,0,0,0,0,0,0,1.0,96.5,43.0,107.0,32,0,0,0,0,0,0,1,43,1,107,-1,-1,0,32,0,0,0,0,0,0,0,0,BENIGN
10.42.0.42-31.13.71.37-50940-443-6,10.42.0.42,50940,31.13.71.37,443,6,08/08/2017 02:58:50,29450,2,1,0.0,0.0,0.0,0.0,0.0,0.0,0.0,0.0,0.0,0.0,0.0,101.86757215619694,14725.0,20821.46627881908,29448.0,2.0,2.0,2.0,0.0,2.0,2.0,0,0,0,0,0,0,0,0,0,88,20,67.91171477079796,33.95585738539898,0.0,0.0,0.0,0.0,0.0,0,0,0,0,1,0,0,0,0.0,0.0,0.0,0.0,88,0,0,0,0,0,0,2,0,1,0,1403,0,0,44,0,0,0,0,0,0,0,0,BENIGN
10.42.0.1-10.42.0.42-53-40988-17,10.42.0.42,40988,10.42.0.1,53,17,08/08/2017 02:58:42,75897,1,1,32.0,133.0,32.0,32.0,32.0,0.0,133.0,133.0,133.0,0.0,2173.9989722913947,26.351502694441148,75897.0,0.0,75897.0,75897.0,0,0,0,0,0,0,0,0,0,0,0,0,0,0,32,20,13.175751347220574,13.175751347220574,32.0,133.0,65.66666666666666,58.3123771881522,3400.333333333333,0,0,0,0,0,0,0,0,1.0,98.5,32.0,133.0,32,0,0,0,0,0,0,1,32,1,133,-1,-1,0,32,0,0,0,0,0,0,0,0,BENIGN
10.42.0.1-10.42.0.42-53-23621-17,10.42.0.42,23621,10.42.0.1,53,17,08/08/2017 02:58:24,257783,1,1,46.0,110.0,46.0,46.0,46.0,0.0,110.0,110.0,110.0,0.0,605.1601540830854,7.758463513885711,257783.0,0.0,257783.0,257783.0,0,0,0,0,0,0,0,0,0,0,0,0,0,0,32,32,3.8792317569428554,3.8792317569428554,46.0,110.0,67.33333333333333,36.95041722813605,1365.3333333333333,0,0,0,0,0,0,0,0,1.0,101.0,46.0,110.0,32,0,0,0,0,0,0,1,46,1,110,-1,-1,0,32,0,0,0,0,0,0,0,0,BENIGN
10.42.0.42-119.146.74.33-48028-443-6,10.42.0.42,48028,119.146.74.33,443,6,08/08/2017 02:58:16,6092658,2,0,0.0,0.0,0.0,0.0,0.0,0.0,0,0,0,0,0.0,0.3282639531055247,6092658.0,0.0,6092658.0,6092658.0,6092658.0,6092658.0,0.0,6092658.0,6092658.0,0,0,0,0,0,0,0,0,0,40,0,0.3282639531055247,0.0,0.0,0.0,0.0,0.0,0.0,0,0,0,0,1,0,0,0,0.0,0.0,0.0,0.0,40,0,0,0,0,0,0,2,0,0,0,1386,-1,0,20,0,0,0,0,6092658.0,0.0,6092658.0,6092658.0,BENIGN
10.42.0.1-10.42.0.42-53-48192-17,10.42.0.42,48192,10.42.0.1,53,17,08/08/2017 02:57:11,990,1,1,30.0,315.0,30.0,30.0,30.0,0.0,315.0,315.0,315.0,0.0,348484.8484848485,2020.2020202020203,990.0,0.0,990.0,990.0,0,0,0,0,0,0,0,0,0,0,0,0,0,0,40,40,1010.1010101010102,1010.1010101010102,30.0,315.0,125.0,164.54482671904336,27075.0,0,0,0,0,0,0,0,0,1.0,187.5,30.0,315.0,40,0,0,0,0,0,0,1,30,1,315,-1,-1,0,40,0,0,0,0,0,0,0,0,BENIGN
10.42.0.1-10.42.0.42-53-25923-17,10.42.0.42,25923,10.42.0.1,53,17,08/08/2017 02:59:21,369543,1,1,37.0,109.0,37.0,37.0,37.0,0.0,109.0,109.0,109.0,0.0,395.08257496421254,5.412090068002912,369543.0,0.0,369543.0,369543.0,0,0,0,0,0,0,0,0,0,0,0,0,0,0,40,20,2.706045034001456,2.706045034001456,37.0,109.0,61.0,41.569219381653056,1728.0,0,0,0,0,0,0,0,0,1.0,91.5,37.0,109.0,40,0,0,0,0,0,0,1,37,1,109,-1,-1,0,40,0,0,0,0,0,0,0,0,BENIGN
10.42.0.1-10.42.0.42-53-62800-17,10.42.0.42,62800,10.42.0.1,53,17,08/08/2017 02:58:36,1167810,1,1,35.0,114.0,35.0,35.0,35.0,0.0,114.0,114.0,114.0,0.0,127.58924825099973,1.712607359073822,1167810.0,0.0,1167810.0,1167810.0,0,0,0,0,0,0,0,0,0,0,0,0,0,0,32,20,0.856303679536911,0.856303679536911,35.0,114.0,61.33333333333333,45.61067126598043,2080.333333333333,0,0,0,0,0,0,0,0,1.0,92.0,35.0,114.0,32,0,0,0,0,0,0,1,35,1,114,-1,-1,0,32,0,0,0,0,0,0,0,0,BENIGN
222.73.28.96-10.42.0.42-80-37015-6,222.73.28.96,80,10.42.0.42,37015,6,08/08/2017 02:59:27,1244,1,1,0.0,0.0,0.0,0.0,0.0,0.0,0.0,0.0,0.0,0.0,0.0,1607.717041800643,1244.0,0.0,1244.0,1244.0,0,0,0,0,0,0,0,0,0,0,0,0,0,0,20,20,803.8585209003215,803.8585209003215,0.0,0.0,0.0,0.0,0.0,0,0,0,0,1,1,0,0,1.0,0.0,0.0,0.0,20,0,0,0,0,0,0,1,0,1,0,58,1369,0,20,0,0,0,0,0,0,0,0,BENIGN
10.42.0.1-10.42.0.42-53-59470-17,10.42.0.42,59470,10.42.0.1,53,17,08/08/2017 02:57:16,30797,1,1,32.0,48.0,32.0,32.0,32.0,0.0,48.0,48.0,48.0,0.0,2597.655615806734,64.94139039516836,30797.0,0.0,30797.0,30797.0,0,0,0,0,0,0,0,0,0,0,0,0,0,0,32,32,32.47069519758418,32.47069519758418,32.0,48.0,37.333333333333336,9.237604307034012,85.33333333333333,0,0,0,0,0,0,0,0,1.0,56.0,32.0,48.0,32,0,0,0,0,0,0,1,32,1,48,-1,-1,0,32,0,0,0,0,0,0,0,0,BENIGN
172.217.3.99-10.42.0.42-443-39256-6,10.42.0.42,39256,172.217.3.99,443,6,08/08/2017 03:00:07,56537391,9,9,693.0,4776.0,242.0,0.0,77.0,115.89219128138014,1418.0,0.0,530.6666666666666,673.6840876850217,96.73244384411018,0.3183733752411745,3325728.882352941,1.3610612443735624E7,5.6142242E7,1.0,5.6537391E7,7067173.875,1.9829457818144985E7,5.6142242E7,660.0,345165.0,43145.625,92599.48901885783,269642.0,1.0,0,0,0,0,296,308,0.15918668762058724,0.15918668762058724,0.0,1418.0,287.84210526315786,513.8020871846685,263992.5847953216,0,0,0,1,0,0,0,0,1.0,303.8333333333333,77.0,530.6666666666666,296,0,0,0,0,0,0,9,693,9,4776,65535,175,3,32,395149.0,0.0,395149.0,395149.0,5.6142242E7,0.0,5.6142242E7,5.6142242E7,BENIGN
10.42.0.1-10.42.0.42-53-28944-17,10.42.0.42,28944,10.42.0.1,53,17,08/08/2017 02:59:22,412809,1,1,29.0,70.0,29.0,29.0,29.0,0.0,70.0,70.0,70.0,0.0,239.82035275393707,4.844855611190647,412809.0,0.0,412809.0,412809.0,0,0,0,0,0,0,0,0,0,0,0,0,0,0,40,32,2.4224278055953237,2.4224278055953237,29.0,70.0,42.666666666666664,23.671361036774655,560.3333333333333,0,0,0,0,0,0,0,0,1.0,64.0,29.0,70.0,40,0,0,0,0,0,0,1,29,1,70,-1,-1,0,40,0,0,0,0,0,0,0,0,BENIGN
10.42.0.42-106.11.135.2-52892-80-6,106.11.135.2,80,10.42.0.42,52892,6,08/08/2017 02:58:55,38824,1,1,0.0,0.0,0.0,0.0,0.0,0.0,0.0,0.0,0.0,0.0,0.0,51.51452709664126,38824.0,0.0,38824.0,38824.0,0,0,0,0,0,0,0,0,0,0,0,0,0,0,20,20,25.75726354832063,25.75726354832063,0.0,0.0,0.0,0.0,0.0,0,0,0,0,1,1,0,0,1.0,0.0,0.0,0.0,20,0,0,0,0,0,0,1,0,1,0,16383,65535,0,20,0,0,0,0,0,0,0,0,BENIGN
180.149.138.210-10.42.0.42-80-40979-6,180.149.138.210,80,10.42.0.42,40979,6,08/08/2017 02:59:23,5582,5,4,5840.0,0.0,1460.0,0.0,1168.0,652.9318494299386,0.0,0.0,0.0,0.0,1046219.9928341096,1612.3253314224291,697.75,1708.3559139041927,4917.0,1.0,492.0,123.0,138.91244244727204,255.0,2.0,173.0,57.66666666666667,97.28480525412657,170.0,1.0,0,0,0,0,100,128,895.7362952346829,716.5890361877463,0.0,1460.0,730.0,769.4875639743057,592111.1111111111,0,0,0,0,1,0,0,0,0.0,811.1111111111111,1168.0,0.0,100,0,0,0,0,0,0,5,5840,4,0,126,1597,3,20,0,0,0,0,0,0,0,0,BENIGN
10.42.0.1-10.42.0.42-53-12272-17,10.42.0.42,12272,10.42.0.1,53,17,08/08/2017 02:58:42,222791,1,1,38.0,161.0,38.0,38.0,38.0,0.0,161.0,161.0,161.0,0.0,893.2138192296817,8.977023308841021,222791.0,0.0,222791.0,222791.0,0,0,0,0,0,0,0,0,0,0,0,0,0,0,32,40,4.488511654420511,4.488511654420511,38.0,161.0,79.0,71.01408311032397,5043.0,0,0,0,0,0,0,0,0,1.0,118.5,38.0,161.0,32,0,0,0,0,0,0,1,38,1,161,-1,-1,0,32,0,0,0,0,0,0,0,0,BENIGN
10.42.0.1-10.42.0.42-53-43149-17,10.42.0.42,43149,10.42.0.1,53,17,08/08/2017 02:58:32,368119,1,1,41.0,91.0,41.0,41.0,41.0,0.0,91.0,91.0,91.0,0.0,358.57969841274155,5.433025733526387,368119.0,0.0,368119.0,368119.0,0,0,0,0,0,0,0,0,0,0,0,0,0,0,20,20,2.7165128667631935,2.7165128667631935,41.0,91.0,57.66666666666667,28.867513459481287,833.3333333333334,0,0,0,0,0,0,0,0,1.0,86.5,41.0,91.0,20,0,0,0,0,0,0,1,41,1,91,-1,-1,0,20,0,0,0,0,0,0,0,0,BENIGN
10.42.0.1-10.42.0.42-53-40674-17,10.42.0.42,40674,10.42.0.1,53,17,08/08/2017 02:59:35,60837,1,1,32.0,104.0,32.0,32.0,32.0,0.0,104.0,104.0,104.0,0.0,2235.481696993606,32.87473083814126,60837.0,0.0,60837.0,60837.0,0,0,0,0,0,0,0,0,0,0,0,0,0,0,32,32,16.43736541907063,16.43736541907063,32.0,104.0,56.0,41.569219381653056,1728.0,0,0,0,0,0,0,0,0,1.0,84.0,32.0,104.0,32,0,0,0,0,0,0,1,32,1,104,-1,-1,0,32,0,0,0,0,0,0,0,0,BENIGN
172.217.10.74-10.42.0.42-443-50569-6,172.217.10.74,443,10.42.0.42,50569,6,08/08/2017 03:00:19,76313624,2,2,0.0,31.0,0.0,0.0,0.0,0.0,31.0,0.0,15.5,21.920310216782973,0.4062184230695164,0.052415280396066626,2.5437874666666664E7,4.3907053690080464E7,7.6137338E7,36403.0,7.6313624E7,7.6313624E7,0.0,7.6313624E7,7.6313624E7,7.6137338E7,7.6137338E7,0.0,7.6137338E7,7.6137338E7,0,0,0,0,52,64,0.026207640198033313,0.026207640198033313,0.0,31.0,6.2,13.863621460498695,192.2,0,0,0,0,1,1,0,0,1.0,7.75,0.0,15.5,52,0,0,0,0,0,0,2,0,2,31,234,1425,0,20,139883.0,0.0,139883.0,139883.0,7.6137338E7,0.0,7.6137338E7,7.6137338E7,BENIGN
10.42.0.1-10.42.0.42-53-63366-17,10.42.0.42,63366,10.42.0.1,53,17,08/08/2017 03:01:09,30686,1,1,37.0,77.0,37.0,37.0,37.0,0.0,77.0,77.0,77.0,0.0,3715.049208107932,65.17630189663038,30686.0,0.0,30686.0,30686.0,0,0,0,0,0,0,0,0,0,0,0,0,0,0,44,44,32.58815094831519,32.58815094831519,37.0,77.0,50.333333333333336,23.094010767585033,533.3333333333334,0,0,0,0,0,0,0,0,1.0,75.5,37.0,77.0,44,0,0,0,0,0,0,1,37,1,77,-1,-1,0,44,0,0,0,0,0,0,0,0,BENIGN
180.149.135.239-10.42.0.42-80-55996-6,180.149.135.239,80,10.42.0.42,55996,6,08/08/2017 02:59:32,97434,1,1,187.0,0.0,187.0,187.0,187.0,0.0,0.0,0.0,0.0,0.0,1919.247901143338,20.526715520249603,97434.0,0.0,97434.0,97434.0,0,0,0,0,0,0,0,0,0,0,0,0,0,0,20,20,10.263357760124801,10.263357760124801,0.0,187.0,124.66666666666666,107.96450033846003,11656.333333333334,0,0,0,0,1,1,0,0,1.0,187.0,187.0,0.0,20,0,0,0,0,0,0,1,187,1,0,115,0,0,20,0,0,0,0,0,0,0,0,BENIGN
172.217.11.40-10.42.0.42-443-36061-6,10.42.0.42,36061,172.217.11.40,443,6,08/08/2017 03:01:47,155075,2,0,0.0,0.0,0.0,0.0,0.0,0.0,0,0,0,0,0.0,12.896985329679188,155075.0,0.0,155075.0,155075.0,155075.0,155075.0,0.0,155075.0,155075.0,0,0,0,0,0,0,0,0,0,64,0,12.896985329679188,0.0,0.0,0.0,0.0,0.0,0.0,0,0,0,0,1,1,0,0,0.0,0.0,0.0,0.0,64,0,0,0,0,0,0,2,0,0,0,175,-1,0,32,0,0,0,0,0,0,0,0,BENIGN
10.42.0.42-123.125.29.138-57626-80-6,123.125.29.138,80,10.42.0.42,57626,6,08/08/2017 02:58:50,8547,1,1,0.0,0.0,0.0,0.0,0.0,0.0,0.0,0.0,0.0,0.0,0.0,234.00023400023397,8547.0,0.0,8547.0,8547.0,0,0,0,0,0,0,0,0,0,0,0,0,0,0,20,20,117.00011700011699,117.00011700011699,0.0,0.0,0.0,0.0,0.0,0,0,0,0,1,1,0,0,1.0,0.0,0.0,0.0,20,0,0,0,0,0,0,1,0,1,0,115,1369,0,20,0,0,0,0,0,0,0,0,BENIGN
10.42.0.42-119.146.74.33-48029-443-6,119.146.74.33,443,10.42.0.42,48029,6,08/08/2017 02:58:16,5976,1,1,0.0,0.0,0.0,0.0,0.0,0.0,0.0,0.0,0.0,0.0,0.0,334.67202141900935,5976.0,0.0,5976.0,5976.0,0,0,0,0,0,0,0,0,0,0,0,0,0,0,20,20,167.33601070950468,167.33601070950468,0.0,0.0,0.0,0.0,0.0,0,0,0,0,1,1,0,0,1.0,0.0,0.0,0.0,20,0,0,0,0,0,0,1,0,1,0,4380,1369,0,20,0,0,0,0,0,0,0,0,BENIGN
10.42.0.1-10.42.0.42-53-61402-17,10.42.0.42,61402,10.42.0.1,53,17,08/08/2017 02:58:29,349485,1,1,43.0,107.0,43.0,43.0,43.0,0.0,107.0,107.0,107.0,0.0,429.202970084553,5.72270626779404,349485.0,0.0,349485.0,349485.0,0,0,0,0,0,0,0,0,0,0,0,0,0,0,20,20,2.86135313389702,2.86135313389702,43.0,107.0,64.33333333333333,36.95041722813605,1365.3333333333333,0,0,0,0,0,0,0,0,1.0,96.5,43.0,107.0,20,0,0,0,0,0,0,1,43,1,107,-1,-1,0,20,0,0,0,0,0,0,0,0,BENIGN
10.42.0.42-123.125.29.220-45243-80-6,10.42.0.42,45243,123.125.29.220,80,6,08/08/2017 02:59:31,303934,1,1,0.0,0.0,0.0,0.0,0.0,0.0,0.0,0.0,0.0,0.0,0.0,6.580376002684794,303934.0,0.0,303934.0,303934.0,0,0,0,0,0,0,0,0,0,0,0,0,0,0,20,20,3.290188001342397,3.290188001342397,0.0,0.0,0.0,0.0,0.0,0,0,0,0,1,1,0,0,1.0,0.0,0.0,0.0,20,0,0,0,0,0,0,1,0,1,0,1386,137,0,20,0,0,0,0,0,0,0,0,BENIGN
172.217.10.35-10.42.0.42-443-34319-17,10.42.0.42,34319,172.217.10.35,443,17,08/08/2017 02:58:36,157779,4,7,2780.0,4173.0,1350.0,39.0,695.0,756.3292933636777,1350.0,27.0,596.1428571428571,705.1726570071164,44067.968487568054,69.71776979192414,15777.9,15985.067986857122,45171.0,5.0,96287.0,32095.666666666664,27652.403319301804,50275.0,273.0,119569.0,19928.166666666668,17281.219869172044,45171.0,5.0,0,0,0,0,108,212,25.35191628797242,44.365853503951726,27.0,1350.0,691.9166666666666,687.35546690107,472457.5378787879,0,0,0,0,0,0,0,0,1.0,754.8181818181819,695.0,596.1428571428571,108,0,0,0,0,0,0,4,2780,7,4173,-1,-1,3,20,0,0,0,0,0,0,0,0,BENIGN
10.42.0.1-10.42.0.42-53-21345-17,10.42.0.42,21345,10.42.0.1,53,17,08/08/2017 02:58:36,908141,1,1,31.0,105.0,31.0,31.0,31.0,0.0,105.0,105.0,105.0,0.0,149.75648054652308,2.202301184507692,908141.0,0.0,908141.0,908141.0,0,0,0,0,0,0,0,0,0,0,0,0,0,0,20,20,1.101150592253846,1.101150592253846,31.0,105.0,55.66666666666667,42.72391992003231,1825.3333333333335,0,0,0,0,0,0,0,0,1.0,83.5,31.0,105.0,20,0,0,0,0,0,0,1,31,1,105,-1,-1,0,20,0,0,0,0,0,0,0,0,BENIGN
219.142.78.162-10.42.0.42-80-49373-6,10.42.0.42,49373,219.142.78.162,80,6,08/08/2017 02:58:25,254351,1,1,0.0,0.0,0.0,0.0,0.0,0.0,0.0,0.0,0.0,0.0,0.0,7.86314974189211,254351.0,0.0,254351.0,254351.0,0,0,0,0,0,0,0,0,0,0,0,0,0,0,20,20,3.931574870946055,3.931574870946055,0.0,0.0,0.0,0.0,0.0,0,0,0,0,1,1,0,0,1.0,0.0,0.0,0.0,20,0,0,0,0,0,0,1,0,1,0,1386,126,0,20,0,0,0,0,0,0,0,0,BENIGN
10.42.0.1-10.42.0.42-53-20982-17,10.42.0.42,20982,10.42.0.1,53,17,08/08/2017 02:58:20,308874,1,1,37.0,53.0,37.0,37.0,37.0,0.0,53.0,53.0,53.0,0.0,291.3809514559335,6.4751322545763,308874.0,0.0,308874.0,308874.0,0,0,0,0,0,0,0,0,0,0,0,0,0,0,20,20,3.23756612728815,3.23756612728815,37.0,53.0,42.333333333333336,9.237604307034012,85.33333333333333,0,0,0,0,0,0,0,0,1.0,63.5,37.0,53.0,20,0,0,0,0,0,0,1,37,1,53,-1,-1,0,20,0,0,0,0,0,0,0,0,BENIGN
219.142.78.162-10.42.0.42-80-49613-6,10.42.0.42,49613,219.142.78.162,80,6,08/08/2017 02:59:21,253787,1,1,0.0,0.0,0.0,0.0,0.0,0.0,0.0,0.0,0.0,0.0,0.0,7.880624303057289,253787.0,0.0,253787.0,253787.0,0,0,0,0,0,0,0,0,0,0,0,0,0,0,20,20,3.9403121515286443,3.9403121515286443,0.0,0.0,0.0,0.0,0.0,0,0,0,0,1,1,0,0,1.0,0.0,0.0,0.0,20,0,0,0,0,0,0,1,0,1,0,1386,126,0,20,0,0,0,0,0,0,0,0,BENIGN
10.42.0.1-10.42.0.42-53-20603-17,10.42.0.42,20603,10.42.0.1,53,17,08/08/2017 03:01:03,31085,1,1,35.0,89.0,35.0,35.0,35.0,0.0,89.0,89.0,89.0,0.0,3989.062248672993,64.33971368827409,31085.0,0.0,31085.0,31085.0,0,0,0,0,0,0,0,0,0,0,0,0,0,0,44,44,32.169856844137044,32.169856844137044,35.0,89.0,53.0,31.176914536239792,972.0,0,0,0,0,0,0,0,0,1.0,79.5,35.0,89.0,44,0,0,0,0,0,0,1,35,1,89,-1,-1,0,44,0,0,0,0,0,0,0,0,BENIGN
10.42.0.1-10.42.0.42-53-17869-17,10.42.0.42,17869,10.42.0.1,53,17,08/08/2017 02:58:39,61660,1,1,32.0,164.0,32.0,32.0,32.0,0.0,164.0,164.0,164.0,0.0,3178.722024002595,32.43593902043464,61660.0,0.0,61660.0,61660.0,0,0,0,0,0,0,0,0,0,0,0,0,0,0,32,20,16.21796951021732,16.21796951021732,32.0,164.0,76.0,76.2102355330306,5808.0,0,0,0,0,0,0,0,0,1.0,114.0,32.0,164.0,32,0,0,0,0,0,0,1,32,1,164,-1,-1,0,32,0,0,0,0,0,0,0,0,BENIGN
10.42.0.42-106.11.135.2-53118-80-6,106.11.135.2,80,10.42.0.42,53118,6,08/08/2017 02:59:40,2291,1,1,0.0,0.0,0.0,0.0,0.0,0.0,0.0,0.0,0.0,0.0,0.0,872.9812309035356,2291.0,0.0,2291.0,2291.0,0,0,0,0,0,0,0,0,0,0,0,0,0,0,20,20,436.4906154517678,436.4906154517678,0.0,0.0,0.0,0.0,0.0,0,0,0,0,1,1,0,0,1.0,0.0,0.0,0.0,20,0,0,0,0,0,0,1,0,1,0,11679,65535,0,20,0,0,0,0,0,0,0,0,BENIGN
222.73.28.96-10.42.0.42-80-36951-6,222.73.28.96,80,10.42.0.42,36951,6,08/08/2017 02:58:55,2023,1,1,0.0,0.0,0.0,0.0,0.0,0.0,0.0,0.0,0.0,0.0,0.0,988.6307464162135,2023.0,0.0,2023.0,2023.0,0,0,0,0,0,0,0,0,0,0,0,0,0,0,20,20,494.31537320810673,494.31537320810673,0.0,0.0,0.0,0.0,0.0,0,0,0,0,1,1,0,0,1.0,0.0,0.0,0.0,20,0,0,0,0,0,0,1,0,1,0,58,1369,0,20,0,0,0,0,0,0,0,0,BENIGN
10.42.0.1-10.42.0.42-53-36044-17,10.42.0.42,36044,10.42.0.1,53,17,08/08/2017 02:58:27,381462,1,1,32.0,217.0,32.0,32.0,32.0,0.0,217.0,217.0,217.0,0.0,652.7517813045598,5.242986195217347,381462.0,0.0,381462.0,381462.0,0,0,0,0,0,0,0,0,0,0,0,0,0,0,40,20,2.6214930976086737,2.6214930976086737,32.0,217.0,93.66666666666666,106.80979980008077,11408.333333333332,0,0,0,0,0,0,0,0,1.0,140.5,32.0,217.0,40,0,0,0,0,0,0,1,32,1,217,-1,-1,0,40,0,0,0,0,0,0,0,0,BENIGN
10.42.0.42-104.192.110.245-50938-80-6,104.192.110.245,80,10.42.0.42,50938,6,08/08/2017 02:59:39,4241,1,1,0.0,0.0,0.0,0.0,0.0,0.0,0.0,0.0,0.0,0.0,0.0,471.5868898844612,4241.0,0.0,4241.0,4241.0,0,0,0,0,0,0,0,0,0,0,0,0,0,0,20,20,235.7934449422306,235.7934449422306,0.0,0.0,0.0,0.0,0.0,0,0,0,0,1,1,0,0,1.0,0.0,0.0,0.0,20,0,0,0,0,0,0,1,0,1,0,29,1369,0,20,0,0,0,0,0,0,0,0,BENIGN
180.149.136.194-10.42.0.42-443-39367-6,10.42.0.42,39367,180.149.136.194,443,6,08/08/2017 02:59:46,21131347,3,0,0.0,0.0,0.0,0.0,0.0,0.0,0,0,0,0,0.0,0.14196917972148201,1.05656735E7,1.4888302276403463E7,2.1093293E7,38054.0,2.1131347E7,1.05656735E7,1.4888302276403463E7,2.1093293E7,38054.0,0,0,0,0,0,0,0,0,0,60,0,0.14196917972148201,0.0,0.0,0.0,0.0,0.0,0.0,0,0,0,0,1,0,0,0,0.0,0.0,0.0,0.0,60,0,0,0,0,0,0,3,0,0,0,1506,-1,0,20,38054.0,0.0,38054.0,38054.0,2.1093293E7,0.0,2.1093293E7,2.1093293E7,BENIGN
174.35.73.78-10.42.0.42-80-57462-6,174.35.73.78,80,10.42.0.42,57462,6,08/08/2017 02:58:50,13394,1,1,0.0,0.0,0.0,0.0,0.0,0.0,0.0,0.0,0.0,0.0,0.0,149.32059130954158,13394.0,0.0,13394.0,13394.0,0,0,0,0,0,0,0,0,0,0,0,0,0,0,32,20,74.66029565477079,74.66029565477079,0.0,0.0,0.0,0.0,0.0,0,0,0,0,1,0,0,0,1.0,0.0,0.0,0.0,32,0,0,0,0,0,0,1,0,1,0,675,0,0,32,0,0,0,0,0,0,0,0,BENIGN
172.217.10.35-10.42.0.42-443-36811-17,10.42.0.42,36811,172.217.10.35,443,17,08/08/2017 02:59:19,15139946,17,12,15456.0,1883.0,1350.0,23.0,909.1764705882352,617.8861379022552,1350.0,18.0,156.91666666666669,380.647405047896,1145.2484705031313,1.9154625782681127,540712.3571428572,2826973.352808765,1.4965219E7,1.0,1.5076924E7,942307.75,3739488.89194987,1.4965219E7,1.0,1.5100103E7,1372736.6363636362,4531453.722915379,1.5035555E7,5.0,0,0,0,0,340,240,1.1228573734675142,0.7926052048005984,18.0,1350.0,622.9666666666667,649.4010759702085,421721.7574712644,0,0,0,0,0,0,0,0,0.0,644.448275862069,909.1764705882352,156.91666666666666,340,0,0,0,0,0,0,17,15456,12,1883,-1,-1,16,20,111705.0,0.0,111705.0,111705.0,1.4965219E7,0.0,1.4965219E7,1.4965219E7,BENIGN
219.142.78.162-10.42.0.42-443-50093-6,10.42.0.42,50093,219.142.78.162,443,6,08/08/2017 02:59:27,403976,3,0,0.0,0.0,0.0,0.0,0.0,0.0,0,0,0,0,0.0,7.42618373368715,201988.0,237536.96679043453,369952.0,34024.0,403976.0,201988.0,237536.96679043453,369952.0,34024.0,0,0,0,0,0,0,0,0,0,60,0,7.42618373368715,0.0,0.0,0.0,0.0,0.0,0.0,0,0,0,0,1,0,0,0,0.0,0.0,0.0,0.0,60,0,0,0,0,0,0,3,0,0,0,1506,-1,0,20,0,0,0,0,0,0,0,0,BENIGN
10.42.0.1-10.42.0.42-53-48132-17,10.42.0.42,48132,10.42.0.1,53,17,08/08/2017 02:59:18,23866,1,1,36.0,68.0,36.0,36.0,36.0,0.0,68.0,68.0,68.0,0.0,4357.66362188888,83.80122349786308,23866.0,0.0,23866.0,23866.0,0,0,0,0,0,0,0,0,0,0,0,0,0,0,32,32,41.90061174893154,41.90061174893154,36.0,68.0,46.666666666666664,18.475208614068023,341.3333333333333,0,0,0,0,0,0,0,0,1.0,70.0,36.0,68.0,32,0,0,0,0,0,0,1,36,1,68,-1,-1,0,32,0,0,0,0,0,0,0,0,BENIGN
10.42.0.42-31.13.69.203-56885-443-6,10.42.0.42,56885,31.13.69.203,443,6,08/08/2017 03:02:13,853,5,0,0.0,0.0,0.0,0.0,0.0,0.0,0,0,0,0,0.0,5861.664712778429,213.25,107.70445673230054,307.0,117.0,853.0,213.25,107.70445673230054,307.0,117.0,0,0,0,0,0,0,0,0,0,184,0,5861.664712778429,0.0,0.0,0.0,0.0,0.0,0.0,0,0,0,0,1,0,0,0,0.0,0.0,0.0,0.0,184,0,0,0,0,0,0,5,0,0,0,4836,-1,0,32,0,0,0,0,0,0,0,0,BENIGN
10.42.0.42-23.208.87.120-36677-80-6,10.42.0.42,36677,23.208.87.120,80,6,08/08/2017 03:06:40,111393,2,0,0.0,0.0,0.0,0.0,0.0,0.0,0,0,0,0,0.0,17.954449561462567,111393.0,0.0,111393.0,111393.0,111393.0,111393.0,0.0,111393.0,111393.0,0,0,0,0,0,0,0,0,0,64,0,17.954449561462567,0.0,0.0,0.0,0.0,0.0,0.0,0,0,0,0,1,1,0,0,0.0,0.0,0.0,0.0,64,0,0,0,0,0,0,2,0,0,0,939,-1,0,32,0,0,0,0,0,0,0,0,BENIGN
183.232.231.30-10.42.0.42-443-46003-6,10.42.0.42,46003,183.232.231.30,443,6,08/08/2017 02:58:23,288,2,0,0.0,0.0,0.0,0.0,0.0,0.0,0,0,0,0,0.0,6944.444444444444,288.0,0.0,288.0,288.0,288.0,288.0,0.0,288.0,288.0,0,0,0,0,0,0,0,0,0,40,0,6944.444444444444,0.0,0.0,0.0,0.0,0.0,0.0,1,0,0,0,0,0,0,0,0.0,0.0,0.0,0.0,40,0,0,0,0,0,0,2,0,0,0,0,-1,0,20,0,0,0,0,0,0,0,0,BENIGN
10.42.0.42-23.208.87.120-36665-80-6,10.42.0.42,36665,23.208.87.120,80,6,08/08/2017 03:06:39,93976,2,0,0.0,0.0,0.0,0.0,0.0,0.0,0,0,0,0,0.0,21.282029454328764,93976.0,0.0,93976.0,93976.0,93976.0,93976.0,0.0,93976.0,93976.0,0,0,0,0,0,0,0,0,0,64,0,21.282029454328764,0.0,0.0,0.0,0.0,0.0,0.0,0,0,0,0,1,1,0,0,0.0,0.0,0.0,0.0,64,0,0,0,0,0,0,2,0,0,0,939,-1,0,32,0,0,0,0,0,0,0,0,BENIGN
172.217.12.174-10.42.0.42-443-56803-6,10.42.0.42,56803,172.217.12.174,443,6,08/08/2017 03:01:27,4773,1,1,0.0,0.0,0.0,0.0,0.0,0.0,0.0,0.0,0.0,0.0,0.0,419.0236748376283,4773.0,0.0,4773.0,4773.0,0,0,0,0,0,0,0,0,0,0,0,0,0,0,44,32,209.51183741881414,209.51183741881414,0.0,0.0,0.0,0.0,0.0,0,0,0,0,1,0,0,0,1.0,0.0,0.0,0.0,44,0,0,0,0,0,0,1,0,1,0,1682,175,0,44,0,0,0,0,0,0,0,0,BENIGN
10.42.0.42-23.208.87.120-36690-80-6,10.42.0.42,36690,23.208.87.120,80,6,08/08/2017 03:06:42,44977,2,0,0.0,0.0,0.0,0.0,0.0,0.0,0,0,0,0,0.0,44.46717211018965,44977.0,0.0,44977.0,44977.0,44977.0,44977.0,0.0,44977.0,44977.0,0,0,0,0,0,0,0,0,0,64,0,44.46717211018965,0.0,0.0,0.0,0.0,0.0,0.0,0,0,0,0,1,1,0,0,0.0,0.0,0.0,0.0,64,0,0,0,0,0,0,2,0,0,0,939,-1,0,32,0,0,0,0,0,0,0,0,BENIGN
10.42.0.1-10.42.0.42-53-35293-17,10.42.0.42,35293,10.42.0.1,53,17,08/08/2017 02:58:20,456463,1,1,30.0,118.0,30.0,30.0,30.0,0.0,118.0,118.0,118.0,0.0,324.2321940661127,4.38151613602855,456463.0,0.0,456463.0,456463.0,0,0,0,0,0,0,0,0,0,0,0,0,0,0,32,20,2.190758068014275,2.190758068014275,30.0,118.0,59.33333333333333,50.80682368868706,2581.333333333333,0,0,0,0,0,0,0,0,1.0,89.0,30.0,118.0,32,0,0,0,0,0,0,1,30,1,118,-1,-1,0,32,0,0,0,0,0,0,0,0,BENIGN
10.42.0.1-10.42.0.42-53-30143-17,10.42.0.42,30143,10.42.0.1,53,17,08/08/2017 02:58:22,269512,1,1,41.0,80.0,41.0,41.0,41.0,0.0,80.0,80.0,80.0,0.0,448.9596010567248,7.420819852177269,269512.0,0.0,269512.0,269512.0,0,0,0,0,0,0,0,0,0,0,0,0,0,0,20,40,3.7104099260886345,3.7104099260886345,41.0,80.0,54.0,22.516660498395403,507.0,0,0,0,0,0,0,0,0,1.0,81.0,41.0,80.0,20,0,0,0,0,0,0,1,41,1,80,-1,-1,0,20,0,0,0,0,0,0,0,0,BENIGN
10.42.0.42-23.208.87.120-36668-80-6,10.42.0.42,36668,23.208.87.120,80,6,08/08/2017 03:06:40,42645,2,0,0.0,0.0,0.0,0.0,0.0,0.0,0,0,0,0,0.0,46.89881580490093,42645.0,0.0,42645.0,42645.0,42645.0,42645.0,0.0,42645.0,42645.0,0,0,0,0,0,0,0,0,0,64,0,46.89881580490093,0.0,0.0,0.0,0.0,0.0,0.0,0,0,0,0,1,1,0,0,0.0,0.0,0.0,0.0,64,0,0,0,0,0,0,2,0,0,0,939,-1,0,32,0,0,0,0,0,0,0,0,BENIGN
10.42.0.42-36.51.254.232-48443-443-6,36.51.254.232,443,10.42.0.42,48443,6,08/08/2017 02:58:39,28980,2,1,0.0,0.0,0.0,0.0,0.0,0.0,0.0,0.0,0.0,0.0,0.0,103.51966873706004,14490.0,1958.6857838867365,15875.0,13105.0,28980.0,28980.0,0.0,28980.0,28980.0,0,0,0,0,0,0,0,0,0,40,20,69.01311249137336,34.50655624568668,0.0,0.0,0.0,0.0,0.0,0,0,0,0,1,1,0,0,0.0,0.0,0.0,0.0,40,0,0,0,0,0,0,2,0,1,0,115,1369,0,20,0,0,0,0,0,0,0,0,BENIGN
10.42.0.1-10.42.0.42-53-47517-17,10.42.0.42,47517,10.42.0.1,53,17,08/08/2017 02:58:44,74884,1,1,35.0,139.0,35.0,35.0,35.0,0.0,139.0,139.0,139.0,0.0,2323.5938251161797,26.707975001335395,74884.0,0.0,74884.0,74884.0,0,0,0,0,0,0,0,0,0,0,0,0,0,0,20,20,13.353987500667698,13.353987500667698,35.0,139.0,69.66666666666666,60.04442799572108,3605.333333333333,0,0,0,0,0,0,0,0,1.0,104.5,35.0,139.0,20,0,0,0,0,0,0,1,35,1,139,-1,-1,0,20,0,0,0,0,0,0,0,0,BENIGN
10.42.0.1-10.42.0.42-53-2610-17,10.42.0.42,2610,10.42.0.1,53,17,08/08/2017 02:59:24,242144,1,1,34.0,106.0,34.0,34.0,34.0,0.0,106.0,106.0,106.0,0.0,578.1683626271971,8.259548037531387,242144.0,0.0,242144.0,242144.0,0,0,0,0,0,0,0,0,0,0,0,0,0,0,20,20,4.129774018765693,4.129774018765693,34.0,106.0,58.0,41.569219381653056,1728.0,0,0,0,0,0,0,0,0,1.0,87.0,34.0,106.0,20,0,0,0,0,0,0,1,34,1,106,-1,-1,0,20,0,0,0,0,0,0,0,0,BENIGN
219.146.248.94-10.42.0.42-80-53098-6,219.146.248.94,80,10.42.0.42,53098,6,08/08/2017 02:59:27,2183,1,1,0.0,0.0,0.0,0.0,0.0,0.0,0.0,0.0,0.0,0.0,0.0,916.1704076958314,2183.0,0.0,2183.0,2183.0,0,0,0,0,0,0,0,0,0,0,0,0,0,0,20,20,458.0852038479157,458.0852038479157,0.0,0.0,0.0,0.0,0.0,0,0,0,0,1,1,0,0,1.0,0.0,0.0,0.0,20,0,0,0,0,0,0,1,0,1,0,29,1369,0,20,0,0,0,0,0,0,0,0,BENIGN
10.42.0.1-10.42.0.42-53-9472-17,10.42.0.42,9472,10.42.0.1,53,17,08/08/2017 02:58:25,52,1,1,40.0,90.0,40.0,40.0,40.0,0.0,90.0,90.0,90.0,0.0,2500000.0,38461.53846153846,52.0,0.0,52.0,52.0,0,0,0,0,0,0,0,0,0,0,0,0,0,0,32,32,19230.76923076923,19230.76923076923,40.0,90.0,56.66666666666667,28.867513459481287,833.3333333333334,0,0,0,0,0,0,0,0,1.0,85.0,40.0,90.0,32,0,0,0,0,0,0,1,40,1,90,-1,-1,0,32,0,0,0,0,0,0,0,0,BENIGN
10.42.0.42-106.11.135.2-53114-80-6,106.11.135.2,80,10.42.0.42,53114,6,08/08/2017 02:59:40,1978,1,1,0.0,0.0,0.0,0.0,0.0,0.0,0.0,0.0,0.0,0.0,0.0,1011.1223458038422,1978.0,0.0,1978.0,1978.0,0,0,0,0,0,0,0,0,0,0,0,0,0,0,20,20,505.5611729019211,505.5611729019211,0.0,0.0,0.0,0.0,0.0,0,0,0,0,1,1,0,0,1.0,0.0,0.0,0.0,20,0,0,0,0,0,0,1,0,1,0,11679,65535,0,20,0,0,0,0,0,0,0,0,BENIGN
219.146.248.94-10.42.0.42-80-52858-6,219.146.248.94,80,10.42.0.42,52858,6,08/08/2017 02:58:36,6604,1,1,0.0,0.0,0.0,0.0,0.0,0.0,0.0,0.0,0.0,0.0,0.0,302.8467595396729,6604.0,0.0,6604.0,6604.0,0,0,0,0,0,0,0,0,0,0,0,0,0,0,20,20,151.42337976983646,151.42337976983646,0.0,0.0,0.0,0.0,0.0,0,0,0,0,1,1,0,0,1.0,0.0,0.0,0.0,20,0,0,0,0,0,0,1,0,1,0,29,1369,0,20,0,0,0,0,0,0,0,0,BENIGN
10.42.0.1-10.42.0.42-53-9664-17,10.42.0.42,9664,10.42.0.1,53,17,08/08/2017 02:58:16,3517533,1,1,30.0,179.0,30.0,30.0,30.0,0.0,179.0,179.0,179.0,0.0,59.41664228878592,0.5685803089835973,3517533.0,0.0,3517533.0,3517533.0,0,0,0,0,0,0,0,0,0,0,0,0,0,0,32,20,0.2842901544917987,0.2842901544917987,30.0,179.0,79.66666666666666,86.02519010925424,7400.333333333333,0,0,0,0,0,0,0,0,1.0,119.5,30.0,179.0,32,0,0,0,0,0,0,1,30,1,179,-1,-1,0,32,0,0,0,0,0,0,0,0,BENIGN
10.42.0.42-23.208.87.120-36719-80-6,10.42.0.42,36719,23.208.87.120,80,6,08/08/2017 03:07:59,67459,2,0,0.0,0.0,0.0,0.0,0.0,0.0,0,0,0,0,0.0,29.647637824456336,67459.0,0.0,67459.0,67459.0,67459.0,67459.0,0.0,67459.0,67459.0,0,0,0,0,0,0,0,0,0,64,0,29.647637824456336,0.0,0.0,0.0,0.0,0.0,0.0,0,0,0,0,1,1,0,0,0.0,0.0,0.0,0.0,64,0,0,0,0,0,0,2,0,0,0,1319,-1,0,32,0,0,0,0,0,0,0,0,BENIGN
10.42.0.1-10.42.0.42-53-33293-17,10.42.0.42,33293,10.42.0.1,53,17,08/08/2017 02:59:29,404201,1,1,35.0,82.0,35.0,35.0,35.0,0.0,82.0,82.0,82.0,0.0,289.4599469076029,4.9480332804718445,404201.0,0.0,404201.0,404201.0,0,0,0,0,0,0,0,0,0,0,0,0,0,0,40,20,2.4740166402359223,2.4740166402359223,35.0,82.0,50.666666666666664,27.13546265191241,736.3333333333333,0,0,0,0,0,0,0,0,1.0,76.0,35.0,82.0,40,0,0,0,0,0,0,1,35,1,82,-1,-1,0,40,0,0,0,0,0,0,0,0,BENIGN
10.42.0.1-10.42.0.42-53-23780-17,10.42.0.42,23780,10.42.0.1,53,17,08/08/2017 02:59:18,338378,1,1,33.0,49.0,33.0,33.0,33.0,0.0,49.0,49.0,49.0,0.0,242.33253934948488,5.910549740231339,338378.0,0.0,338378.0,338378.0,0,0,0,0,0,0,0,0,0,0,0,0,0,0,20,20,2.9552748701156695,2.9552748701156695,33.0,49.0,38.333333333333336,9.237604307034012,85.33333333333333,0,0,0,0,0,0,0,0,1.0,57.5,33.0,49.0,20,0,0,0,0,0,0,1,33,1,49,-1,-1,0,20,0,0,0,0,0,0,0,0,BENIGN
10.42.0.1-10.42.0.42-53-25728-17,10.42.0.42,25728,10.42.0.1,53,17,08/08/2017 03:01:08,888,1,1,39.0,90.0,39.0,39.0,39.0,0.0,90.0,90.0,90.0,0.0,145270.27027027027,2252.252252252252,888.0,0.0,888.0,888.0,0,0,0,0,0,0,0,0,0,0,0,0,0,0,40,32,1126.126126126126,1126.126126126126,39.0,90.0,56.0,29.444863728670914,867.0,0,0,0,0,0,0,0,0,1.0,84.0,39.0,90.0,40,0,0,0,0,0,0,1,39,1,90,-1,-1,0,40,0,0,0,0,0,0,0,0,BENIGN
10.42.0.1-10.42.0.42-53-61744-17,10.42.0.42,61744,10.42.0.1,53,17,08/08/2017 02:58:26,1887293,1,1,36.0,78.0,36.0,36.0,36.0,0.0,78.0,78.0,78.0,0.0,60.40397542935834,1.0597188671817253,1887293.0,0.0,1887293.0,1887293.0,0,0,0,0,0,0,0,0,0,0,0,0,0,0,40,20,0.5298594335908626,0.5298594335908626,36.0,78.0,50.0,24.24871130596428,588.0,0,0,0,0,0,0,0,0,1.0,75.0,36.0,78.0,40,0,0,0,0,0,0,1,36,1,78,-1,-1,0,40,0,0,0,0,0,0,0,0,BENIGN
219.142.78.162-10.42.0.42-80-49611-6,10.42.0.42,49611,219.142.78.162,80,6,08/08/2017 02:59:20,256259,1,1,0.0,0.0,0.0,0.0,0.0,0.0,0.0,0.0,0.0,0.0,0.0,7.804603935861764,256259.0,0.0,256259.0,256259.0,0,0,0,0,0,0,0,0,0,0,0,0,0,0,20,20,3.902301967930882,3.902301967930882,0.0,0.0,0.0,0.0,0.0,0,0,0,0,1,1,0,0,1.0,0.0,0.0,0.0,20,0,0,0,0,0,0,1,0,1,0,1386,126,0,20,0,0,0,0,0,0,0,0,BENIGN
10.42.0.1-10.42.0.42-53-34160-17,10.42.0.42,34160,10.42.0.1,53,17,08/08/2017 02:58:29,367782,1,1,31.0,73.0,31.0,31.0,31.0,0.0,73.0,73.0,73.0,0.0,282.77620981994767,5.438004034998994,367782.0,0.0,367782.0,367782.0,0,0,0,0,0,0,0,0,0,0,0,0,0,0,40,20,2.719002017499497,2.719002017499497,31.0,73.0,45.0,24.24871130596428,588.0,0,0,0,0,0,0,0,0,1.0,67.5,31.0,73.0,40,0,0,0,0,0,0,1,31,1,73,-1,-1,0,40,0,0,0,0,0,0,0,0,BENIGN
10.42.0.42-119.146.74.33-48018-443-6,119.146.74.33,443,10.42.0.42,48018,6,08/08/2017 02:58:16,6228977,1,3,31.0,0.0,31.0,31.0,31.0,0.0,0.0,0.0,0.0,0.0,4.976740161345916,0.6421600208188278,2076325.6666666667,3594415.4733979115,6226799.0,126.0,0,0,0,0,0,6226925.0,3113462.5,4402922.702531183,6226799.0,126.0,1,0,0,0,20,72,0.16054000520470696,0.4816200156141209,0.0,31.0,12.399999999999999,16.97939928266015,288.3,0,1,0,0,1,0,0,0,3.0,15.5,31.0,0.0,20,0,0,0,0,0,0,1,31,3,0,4380,1548,0,20,2178.0,0.0,2178.0,2178.0,6226799.0,0.0,6226799.0,6226799.0,BENIGN
10.42.0.1-10.42.0.42-53-56727-17,10.42.0.42,56727,10.42.0.1,53,17,08/08/2017 02:57:15,30785,1,1,34.0,66.0,34.0,34.0,34.0,0.0,66.0,66.0,66.0,0.0,3248.33522819555,64.966704563911,30785.0,0.0,30785.0,30785.0,0,0,0,0,0,0,0,0,0,0,0,0,0,0,40,20,32.4833522819555,32.4833522819555,34.0,66.0,44.666666666666664,18.475208614068023,341.3333333333333,0,0,0,0,0,0,0,0,1.0,67.0,34.0,66.0,40,0,0,0,0,0,0,1,34,1,66,-1,-1,0,40,0,0,0,0,0,0,0,0,BENIGN
10.42.0.1-10.42.0.42-53-37968-17,10.42.0.42,37968,10.42.0.1,53,17,08/08/2017 02:58:39,248774,1,1,43.0,135.0,43.0,43.0,43.0,0.0,135.0,135.0,135.0,0.0,715.508855427014,8.039425341876562,248774.0,0.0,248774.0,248774.0,0,0,0,0,0,0,0,0,0,0,0,0,0,0,20,32,4.019712670938281,4.019712670938281,43.0,135.0,73.66666666666667,53.11622476544557,2821.3333333333335,0,0,0,0,0,0,0,0,1.0,110.5,43.0,135.0,20,0,0,0,0,0,0,1,43,1,135,-1,-1,0,20,0,0,0,0,0,0,0,0,BENIGN
10.42.0.1-10.42.0.42-53-2184-17,10.42.0.42,2184,10.42.0.1,53,17,08/08/2017 02:58:40,2794849,1,1,36.0,83.0,36.0,36.0,36.0,0.0,83.0,83.0,83.0,0.0,42.5783289186643,0.7156021667002403,2794849.0,0.0,2794849.0,2794849.0,0,0,0,0,0,0,0,0,0,0,0,0,0,0,20,20,0.3578010833501202,0.3578010833501202,36.0,83.0,51.666666666666664,27.13546265191241,736.3333333333333,0,0,0,0,0,0,0,0,1.0,77.5,36.0,83.0,20,0,0,0,0,0,0,1,36,1,83,-1,-1,0,20,0,0,0,0,0,0,0,0,BENIGN
10.42.0.1-10.42.0.42-53-18508-17,10.42.0.42,18508,10.42.0.1,53,17,08/08/2017 02:59:21,463038,1,1,33.0,178.0,33.0,33.0,33.0,0.0,178.0,178.0,178.0,0.0,455.6861423900414,4.319299927867691,463038.0,0.0,463038.0,463038.0,0,0,0,0,0,0,0,0,0,0,0,0,0,0,20,20,2.1596499639338456,2.1596499639338456,33.0,178.0,81.33333333333334,83.71578903249574,7008.333333333334,0,0,0,0,0,0,0,0,1.0,122.0,33.0,178.0,20,0,0,0,0,0,0,1,33,1,178,-1,-1,0,20,0,0,0,0,0,0,0,0,BENIGN
10.42.0.42-23.208.87.120-36664-80-6,10.42.0.42,36664,23.208.87.120,80,6,08/08/2017 03:06:40,186759,2,0,0.0,0.0,0.0,0.0,0.0,0.0,0,0,0,0,0.0,10.708988589572657,186759.0,0.0,186759.0,186759.0,186759.0,186759.0,0.0,186759.0,186759.0,0,0,0,0,0,0,0,0,0,64,0,10.708988589572657,0.0,0.0,0.0,0.0,0.0,0.0,0,0,0,0,1,1,0,0,0.0,0.0,0.0,0.0,64,0,0,0,0,0,0,2,0,0,0,939,-1,0,32,0,0,0,0,0,0,0,0,BENIGN
10.42.0.1-10.42.0.42-53-44812-17,10.42.0.42,44812,10.42.0.1,53,17,08/08/2017 03:01:04,30840,1,1,37.0,91.0,37.0,37.0,37.0,0.0,91.0,91.0,91.0,0.0,4150.4539559014265,64.85084306095979,30840.0,0.0,30840.0,30840.0,0,0,0,0,0,0,0,0,0,0,0,0,0,0,32,32,32.425421530479895,32.425421530479895,37.0,91.0,55.0,31.176914536239792,972.0,0,0,0,0,0,0,0,0,1.0,82.5,37.0,91.0,32,0,0,0,0,0,0,1,37,1,91,-1,-1,0,32,0,0,0,0,0,0,0,0,BENIGN
10.42.0.1-10.42.0.42-53-39587-17,10.42.0.42,39587,10.42.0.1,53,17,08/08/2017 02:58:40,23671,1,1,27.0,59.0,27.0,27.0,27.0,0.0,59.0,59.0,59.0,0.0,3633.137594524946,84.49157196569642,23671.0,0.0,23671.0,23671.0,0,0,0,0,0,0,0,0,0,0,0,0,0,0,40,32,42.24578598284821,42.24578598284821,27.0,59.0,37.666666666666664,18.475208614068023,341.3333333333333,0,0,0,0,0,0,0,0,1.0,56.5,27.0,59.0,40,0,0,0,0,0,0,1,27,1,59,-1,-1,0,40,0,0,0,0,0,0,0,0,BENIGN
10.42.0.1-10.42.0.42-53-42824-17,10.42.0.42,42824,10.42.0.1,53,17,08/08/2017 02:59:36,387558,1,1,35.0,180.0,35.0,35.0,35.0,0.0,180.0,180.0,180.0,0.0,554.755675279571,5.160517909577405,387558.0,0.0,387558.0,387558.0,0,0,0,0,0,0,0,0,0,0,0,0,0,0,20,20,2.5802589547887025,2.5802589547887025,35.0,180.0,83.33333333333334,83.71578903249574,7008.333333333334,0,0,0,0,0,0,0,0,1.0,125.0,35.0,180.0,20,0,0,0,0,0,0,1,35,1,180,-1,-1,0,20,0,0,0,0,0,0,0,0,BENIGN
10.42.0.42-31.13.71.36-60189-443-6,10.42.0.42,60189,31.13.71.36,443,6,08/08/2017 03:01:08,40504366,9,7,322.0,3810.0,204.0,0.0,35.77777777777778,74.17846348128576,1398.0,0.0,544.2857142857142,629.8663123461766,102.0136940299226,0.39501914435594426,2700291.0666666664,1.0359655816524247E7,4.0147806E7,2.0,4.0504366E7,5063045.75,1.4176562001377804E7,4.0147806E7,122.0,324139.0,54023.166666666664,94450.50545003275,232369.0,2.0,0,0,0,0,296,232,0.22219826870021867,0.17282087565572563,0.0,1398.0,243.05882352941177,468.0637604253606,219083.68382352937,0,0,0,1,0,0,0,0,0.0,258.25,35.77777777777778,544.2857142857143,296,0,0,0,0,0,0,9,322,7,3810,65535,114,2,32,356560.0,0.0,356560.0,356560.0,4.0147806E7,0.0,4.0147806E7,4.0147806E7,BENIGN
10.42.0.1-10.42.0.42-53-5545-17,10.42.0.42,5545,10.42.0.1,53,17,08/08/2017 02:58:30,1095355,1,1,45.0,108.0,45.0,45.0,45.0,0.0,108.0,108.0,108.0,0.0,139.68074277289097,1.8258920623907315,1095355.0,0.0,1095355.0,1095355.0,0,0,0,0,0,0,0,0,0,0,0,0,0,0,20,40,0.9129460311953658,0.9129460311953658,45.0,108.0,66.0,36.373066958946424,1323.0,0,0,0,0,0,0,0,0,1.0,99.0,45.0,108.0,20,0,0,0,0,0,0,1,45,1,108,-1,-1,0,20,0,0,0,0,0,0,0,0,BENIGN
10.42.0.1-10.42.0.42-53-20647-17,10.42.0.42,20647,10.42.0.1,53,17,08/08/2017 02:58:06,30751,1,1,37.0,53.0,37.0,37.0,37.0,0.0,53.0,53.0,53.0,0.0,2926.7340899482942,65.03853533218432,30751.0,0.0,30751.0,30751.0,0,0,0,0,0,0,0,0,0,0,0,0,0,0,32,32,32.51926766609216,32.51926766609216,37.0,53.0,42.333333333333336,9.237604307034012,85.33333333333333,0,0,0,0,0,0,0,0,1.0,63.5,37.0,53.0,32,0,0,0,0,0,0,1,37,1,53,-1,-1,0,32,0,0,0,0,0,0,0,0,BENIGN
10.42.0.1-10.42.0.42-53-5208-17,10.42.0.42,5208,10.42.0.1,53,17,08/08/2017 02:59:27,2861463,1,1,31.0,85.0,31.0,31.0,31.0,0.0,85.0,85.0,85.0,0.0,40.53870345344322,0.6989431629904004,2861463.0,0.0,2861463.0,2861463.0,0,0,0,0,0,0,0,0,0,0,0,0,0,0,32,20,0.3494715814952002,0.3494715814952002,31.0,85.0,49.0,31.176914536239792,972.0,0,0,0,0,0,0,0,0,1.0,73.5,31.0,85.0,32,0,0,0,0,0,0,1,31,1,85,-1,-1,0,32,0,0,0,0,0,0,0,0,BENIGN
10.42.0.1-10.42.0.42-53-10562-17,10.42.0.42,10562,10.42.0.1,53,17,08/08/2017 02:59:22,263670,1,1,43.0,91.0,43.0,43.0,43.0,0.0,91.0,91.0,91.0,0.0,508.2110213524481,7.5852391246634046,263670.0,0.0,263670.0,263670.0,0,0,0,0,0,0,0,0,0,0,0,0,0,0,20,32,3.7926195623317023,3.7926195623317023,43.0,91.0,59.0,27.712812921102035,768.0,0,0,0,0,0,0,0,0,1.0,88.5,43.0,91.0,20,0,0,0,0,0,0,1,43,1,91,-1,-1,0,20,0,0,0,0,0,0,0,0,BENIGN
180.149.153.234-10.42.0.42-80-56606-6,180.149.153.234,80,10.42.0.42,56606,6,08/08/2017 02:58:58,7672,1,1,0.0,0.0,0.0,0.0,0.0,0.0,0.0,0.0,0.0,0.0,0.0,260.6882168925965,7672.0,0.0,7672.0,7672.0,0,0,0,0,0,0,0,0,0,0,0,0,0,0,20,20,130.34410844629824,130.34410844629824,0.0,0.0,0.0,0.0,0.0,0,0,0,0,1,1,0,0,1.0,0.0,0.0,0.0,20,0,0,0,0,0,0,1,0,1,0,115,1369,0,20,0,0,0,0,0,0,0,0,BENIGN
10.42.0.1-10.42.0.42-53-62225-17,10.42.0.42,62225,10.42.0.1,53,17,08/08/2017 02:57:14,410519,1,1,34.0,78.0,34.0,34.0,34.0,0.0,78.0,78.0,78.0,0.0,272.8253747086006,4.87188169122501,410519.0,0.0,410519.0,410519.0,0,0,0,0,0,0,0,0,0,0,0,0,0,0,20,20,2.435940845612505,2.435940845612505,34.0,78.0,48.666666666666664,25.40341184434353,645.3333333333333,0,0,0,0,0,0,0,0,1.0,73.0,34.0,78.0,20,0,0,0,0,0,0,1,34,1,78,-1,-1,0,20,0,0,0,0,0,0,0,0,BENIGN
10.42.0.1-10.42.0.42-53-9698-17,10.42.0.42,9698,10.42.0.1,53,17,08/08/2017 02:59:34,388130,1,1,32.0,104.0,32.0,32.0,32.0,0.0,104.0,104.0,104.0,0.0,350.3980625048309,5.152912683894572,388130.0,0.0,388130.0,388130.0,0,0,0,0,0,0,0,0,0,0,0,0,0,0,20,20,2.576456341947286,2.576456341947286,32.0,104.0,56.0,41.569219381653056,1728.0,0,0,0,0,0,0,0,0,1.0,84.0,32.0,104.0,20,0,0,0,0,0,0,1,32,1,104,-1,-1,0,20,0,0,0,0,0,0,0,0,BENIGN
10.42.0.42-123.125.29.220-44914-80-6,10.42.0.42,44914,123.125.29.220,80,6,08/08/2017 02:58:32,300310,1,1,0.0,0.0,0.0,0.0,0.0,0.0,0.0,0.0,0.0,0.0,0.0,6.659784888948087,300310.0,0.0,300310.0,300310.0,0,0,0,0,0,0,0,0,0,0,0,0,0,0,20,20,3.3298924444740434,3.3298924444740434,0.0,0.0,0.0,0.0,0.0,0,0,0,0,1,1,0,0,1.0,0.0,0.0,0.0,20,0,0,0,0,0,0,1,0,1,0,1386,137,0,20,0,0,0,0,0,0,0,0,BENIGN
180.149.136.194-10.42.0.42-80-55703-6,10.42.0.42,55703,180.149.136.194,80,6,08/08/2017 02:59:24,257960,1,1,0.0,0.0,0.0,0.0,0.0,0.0,0.0,0.0,0.0,0.0,0.0,7.753140021708791,257960.0,0.0,257960.0,257960.0,0,0,0,0,0,0,0,0,0,0,0,0,0,0,20,20,3.8765700108543957,3.8765700108543957,0.0,0.0,0.0,0.0,0.0,0,0,0,0,1,1,0,0,1.0,0.0,0.0,0.0,20,0,0,0,0,0,0,1,0,1,0,1386,124,0,20,0,0,0,0,0,0,0,0,BENIGN
219.146.248.94-10.42.0.42-80-53096-6,219.146.248.94,80,10.42.0.42,53096,6,08/08/2017 02:59:27,2471,1,1,0.0,0.0,0.0,0.0,0.0,0.0,0.0,0.0,0.0,0.0,0.0,809.3889113719142,2471.0,0.0,2471.0,2471.0,0,0,0,0,0,0,0,0,0,0,0,0,0,0,20,20,404.6944556859571,404.6944556859571,0.0,0.0,0.0,0.0,0.0,0,0,0,0,1,1,0,0,1.0,0.0,0.0,0.0,20,0,0,0,0,0,0,1,0,1,0,29,1369,0,20,0,0,0,0,0,0,0,0,BENIGN
180.149.138.210-10.42.0.42-80-40981-6,180.149.138.210,80,10.42.0.42,40981,6,08/08/2017 02:59:25,19175,3,2,2920.0,0.0,1460.0,0.0,973.3333333333333,842.9313930168537,0.0,0.0,0.0,0.0,152281.61668839635,260.7561929595828,4793.75,7277.53045911409,15598.0,306.0,3271.0,1635.5,1437.548086152251,2652.0,619.0,306.0,306.0,0.0,306.0,306.0,0,0,0,0,60,64,156.45371577574966,104.3024771838331,0.0,1460.0,730.0,799.6749339575425,639480.0,0,0,0,0,1,0,0,0,0.0,876.0,973.3333333333334,0.0,60,0,0,0,0,0,0,3,2920,2,0,127,1689,1,20,0,0,0,0,0,0,0,0,BENIGN
157.240.18.10-10.42.0.42-443-38272-6,10.42.0.42,38272,157.240.18.10,443,6,08/08/2017 02:57:42,2000416,10,8,862.0,203.0,537.0,0.0,86.19999999999999,166.50245243439107,137.0,0.0,25.375,47.503195381243266,532.3892630332891,8.998128389295026,117671.5294117647,346710.677254847,1455099.0,328.0,2000416.0,222268.44444444444,495919.3493056888,1531900.0,328.0,1961044.0,280149.14285714284,537156.2330487685,1492073.0,390.0,0,0,0,0,328,264,4.998960216275015,3.9991681730200117,0.0,537.0,56.05263157894737,125.84446912501451,15836.83040935673,0,0,0,1,0,0,0,0,0.0,59.166666666666664,86.2,25.375,328,0,0,0,0,0,0,10,862,8,203,65535,122,5,32,0,0,0,0,0,0,0,0,BENIGN
10.42.0.1-10.42.0.42-53-59698-17,10.42.0.42,59698,10.42.0.1,53,17,08/08/2017 02:58:37,2084043,1,1,32.0,76.0,32.0,32.0,32.0,0.0,76.0,76.0,76.0,0.0,51.82234723563766,0.9596730969562529,2084043.0,0.0,2084043.0,2084043.0,0,0,0,0,0,0,0,0,0,0,0,0,0,0,20,32,0.47983654847812646,0.47983654847812646,32.0,76.0,46.666666666666664,25.40341184434353,645.3333333333333,0,0,0,0,0,0,0,0,1.0,70.0,32.0,76.0,20,0,0,0,0,0,0,1,32,1,76,-1,-1,0,20,0,0,0,0,0,0,0,0,BENIGN
10.42.0.1-10.42.0.42-53-34772-17,10.42.0.42,34772,10.42.0.1,53,17,08/08/2017 02:57:15,824745,1,1,36.0,82.0,36.0,36.0,36.0,0.0,82.0,82.0,82.0,0.0,143.07452606563243,2.4249919672141087,824745.0,0.0,824745.0,824745.0,0,0,0,0,0,0,0,0,0,0,0,0,0,0,20,20,1.2124959836070544,1.2124959836070544,36.0,82.0,51.333333333333336,26.558112382722786,705.3333333333334,0,0,0,0,0,0,0,0,1.0,77.0,36.0,82.0,20,0,0,0,0,0,0,1,36,1,82,-1,-1,0,20,0,0,0,0,0,0,0,0,BENIGN
10.42.0.1-10.42.0.42-53-41554-17,10.42.0.42,41554,10.42.0.1,53,17,08/08/2017 02:58:38,1074,1,1,31.0,105.0,31.0,31.0,31.0,0.0,105.0,105.0,105.0,0.0,126629.42271880819,1862.1973929236497,1074.0,0.0,1074.0,1074.0,0,0,0,0,0,0,0,0,0,0,0,0,0,0,32,32,931.0986964618248,931.0986964618248,31.0,105.0,55.66666666666667,42.72391992003231,1825.3333333333335,0,0,0,0,0,0,0,0,1.0,83.5,31.0,105.0,32,0,0,0,0,0,0,1,31,1,105,-1,-1,0,32,0,0,0,0,0,0,0,0,BENIGN
10.42.0.1-10.42.0.42-53-51185-17,10.42.0.42,51185,10.42.0.1,53,17,08/08/2017 02:58:23,48641,1,1,29.0,45.0,29.0,29.0,29.0,0.0,45.0,45.0,45.0,0.0,1521.3503011862422,41.11757570773627,48641.0,0.0,48641.0,48641.0,0,0,0,0,0,0,0,0,0,0,0,0,0,0,32,32,20.558787853868136,20.558787853868136,29.0,45.0,34.333333333333336,9.237604307034012,85.33333333333333,0,0,0,0,0,0,0,0,1.0,51.5,29.0,45.0,32,0,0,0,0,0,0,1,29,1,45,-1,-1,0,32,0,0,0,0,0,0,0,0,BENIGN
10.42.0.42-106.39.162.36-41750-80-6,10.42.0.42,41750,106.39.162.36,80,6,08/08/2017 02:59:10,250188,1,1,0.0,0.0,0.0,0.0,0.0,0.0,0.0,0.0,0.0,0.0,0.0,7.993988520632484,250188.0,0.0,250188.0,250188.0,0,0,0,0,0,0,0,0,0,0,0,0,0,0,32,20,3.996994260316242,3.996994260316242,0.0,0.0,0.0,0.0,0.0,0,0,0,0,1,0,0,0,1.0,0.0,0.0,0.0,32,0,0,0,0,0,0,1,0,1,0,1419,0,0,32,0,0,0,0,0,0,0,0,BENIGN
10.42.0.1-10.42.0.42-53-27485-17,10.42.0.42,27485,10.42.0.1,53,17,08/08/2017 02:58:33,952154,1,1,33.0,138.0,33.0,33.0,33.0,0.0,138.0,138.0,138.0,0.0,179.5927969635164,2.100500549280894,952154.0,0.0,952154.0,952154.0,0,0,0,0,0,0,0,0,0,0,0,0,0,0,20,20,1.050250274640447,1.050250274640447,33.0,138.0,68.0,60.6217782649107,3675.0,0,0,0,0,0,0,0,0,1.0,102.0,33.0,138.0,20,0,0,0,0,0,0,1,33,1,138,-1,-1,0,20,0,0,0,0,0,0,0,0,BENIGN
10.42.0.1-10.42.0.42-53-50609-17,10.42.0.42,50609,10.42.0.1,53,17,08/08/2017 02:58:30,242412,1,1,40.0,185.0,40.0,40.0,40.0,0.0,185.0,185.0,185.0,0.0,928.1718726795704,8.250416646040625,242412.0,0.0,242412.0,242412.0,0,0,0,0,0,0,0,0,0,0,0,0,0,0,20,20,4.1252083230203125,4.1252083230203125,40.0,185.0,88.33333333333334,83.71578903249574,7008.333333333334,0,0,0,0,0,0,0,0,1.0,132.5,40.0,185.0,20,0,0,0,0,0,0,1,40,1,185,-1,-1,0,20,0,0,0,0,0,0,0,0,BENIGN
10.42.0.1-10.42.0.42-53-20682-17,10.42.0.42,20682,10.42.0.1,53,17,08/08/2017 02:58:22,386243,1,1,33.0,65.0,33.0,33.0,33.0,0.0,65.0,65.0,65.0,0.0,253.72628112354138,5.178087369868192,386243.0,0.0,386243.0,386243.0,0,0,0,0,0,0,0,0,0,0,0,0,0,0,20,20,2.589043684934096,2.589043684934096,33.0,65.0,43.666666666666664,18.475208614068023,341.3333333333333,0,0,0,0,0,0,0,0,1.0,65.5,33.0,65.0,20,0,0,0,0,0,0,1,33,1,65,-1,-1,0,20,0,0,0,0,0,0,0,0,BENIGN
222.73.28.96-10.42.0.42-80-37010-6,222.73.28.96,80,10.42.0.42,37010,6,08/08/2017 02:59:27,1344,1,1,0.0,0.0,0.0,0.0,0.0,0.0,0.0,0.0,0.0,0.0,0.0,1488.095238095238,1344.0,0.0,1344.0,1344.0,0,0,0,0,0,0,0,0,0,0,0,0,0,0,20,20,744.047619047619,744.047619047619,0.0,0.0,0.0,0.0,0.0,0,0,0,0,1,1,0,0,1.0,0.0,0.0,0.0,20,0,0,0,0,0,0,1,0,1,0,58,1369,0,20,0,0,0,0,0,0,0,0,BENIGN
10.42.0.42-123.125.29.220-44876-80-6,10.42.0.42,44876,123.125.29.220,80,6,08/08/2017 02:58:28,302904,1,1,0.0,0.0,0.0,0.0,0.0,0.0,0.0,0.0,0.0,0.0,0.0,6.602752027044872,302904.0,0.0,302904.0,302904.0,0,0,0,0,0,0,0,0,0,0,0,0,0,0,20,20,3.301376013522436,3.301376013522436,0.0,0.0,0.0,0.0,0.0,0,0,0,0,1,1,0,0,1.0,0.0,0.0,0.0,20,0,0,0,0,0,0,1,0,1,0,1386,137,0,20,0,0,0,0,0,0,0,0,BENIGN
10.42.0.42-123.125.29.138-60334-443-6,123.125.29.138,443,10.42.0.42,60334,6,08/08/2017 03:00:07,2290,1,1,0.0,0.0,0.0,0.0,0.0,0.0,0.0,0.0,0.0,0.0,0.0,873.3624454148472,2290.0,0.0,2290.0,2290.0,0,0,0,0,0,0,0,0,0,0,0,0,0,0,20,20,436.6812227074236,436.6812227074236,0.0,0.0,0.0,0.0,0.0,0,0,0,0,1,1,0,0,1.0,0.0,0.0,0.0,20,0,0,0,0,0,0,1,0,1,0,115,1369,0,20,0,0,0,0,0,0,0,0,BENIGN
219.142.78.162-10.42.0.42-80-49366-6,10.42.0.42,49366,219.142.78.162,80,6,08/08/2017 02:58:25,254760,1,1,0.0,0.0,0.0,0.0,0.0,0.0,0.0,0.0,0.0,0.0,0.0,7.850525985241012,254760.0,0.0,254760.0,254760.0,0,0,0,0,0,0,0,0,0,0,0,0,0,0,20,20,3.925262992620506,3.925262992620506,0.0,0.0,0.0,0.0,0.0,0,0,0,0,1,1,0,0,1.0,0.0,0.0,0.0,20,0,0,0,0,0,0,1,0,1,0,1386,125,0,20,0,0,0,0,0,0,0,0,BENIGN
10.42.0.1-10.42.0.42-53-8251-17,10.42.0.42,8251,10.42.0.1,53,17,08/08/2017 02:58:28,793369,1,1,33.0,99.0,33.0,33.0,33.0,0.0,99.0,99.0,99.0,0.0,166.37907455421123,2.5208950690032004,793369.0,0.0,793369.0,793369.0,0,0,0,0,0,0,0,0,0,0,0,0,0,0,20,20,1.2604475345016002,1.2604475345016002,33.0,99.0,55.0,38.1051177665153,1452.0,0,0,0,0,0,0,0,0,1.0,82.5,33.0,99.0,20,0,0,0,0,0,0,1,33,1,99,-1,-1,0,20,0,0,0,0,0,0,0,0,BENIGN
10.42.0.1-10.42.0.42-53-53487-17,10.42.0.42,53487,10.42.0.1,53,17,08/08/2017 02:58:30,383864,1,1,34.0,179.0,34.0,34.0,34.0,0.0,179.0,179.0,179.0,0.0,554.8840214242545,5.210178604922577,383864.0,0.0,383864.0,383864.0,0,0,0,0,0,0,0,0,0,0,0,0,0,0,20,32,2.6050893024612884,2.6050893024612884,34.0,179.0,82.33333333333334,83.71578903249574,7008.333333333334,0,0,0,0,0,0,0,0,1.0,123.5,34.0,179.0,20,0,0,0,0,0,0,1,34,1,179,-1,-1,0,20,0,0,0,0,0,0,0,0,BENIGN
10.42.0.42-123.125.29.220-44866-80-6,10.42.0.42,44866,123.125.29.220,80,6,08/08/2017 02:58:27,313722,1,1,0.0,0.0,0.0,0.0,0.0,0.0,0.0,0.0,0.0,0.0,0.0,6.3750709226640145,313722.0,0.0,313722.0,313722.0,0,0,0,0,0,0,0,0,0,0,0,0,0,0,20,20,3.1875354613320073,3.1875354613320073,0.0,0.0,0.0,0.0,0.0,0,0,0,0,1,1,0,0,1.0,0.0,0.0,0.0,20,0,0,0,0,0,0,1,0,1,0,1386,135,0,20,0,0,0,0,0,0,0,0,BENIGN
10.42.0.1-10.42.0.42-53-54909-17,10.42.0.42,54909,10.42.0.1,53,17,08/08/2017 03:01:55,1031,1,1,53.0,311.0,53.0,53.0,53.0,0.0,311.0,311.0,311.0,0.0,353055.2861299709,1939.8642095053347,1031.0,0.0,1031.0,1031.0,0,0,0,0,0,0,0,0,0,0,0,0,0,0,32,32,969.9321047526673,969.9321047526673,53.0,311.0,139.0,148.95636945092346,22188.0,0,0,0,0,0,0,0,0,1.0,208.5,53.0,311.0,32,0,0,0,0,0,0,1,53,1,311,-1,-1,0,32,0,0,0,0,0,0,0,0,BENIGN
10.42.0.1-10.42.0.42-53-63803-17,10.42.0.42,63803,10.42.0.1,53,17,08/08/2017 03:01:15,31002,1,1,37.0,77.0,37.0,37.0,37.0,0.0,77.0,77.0,77.0,0.0,3677.1821172827563,64.51196696987292,31002.0,0.0,31002.0,31002.0,0,0,0,0,0,0,0,0,0,0,0,0,0,0,32,32,32.25598348493646,32.25598348493646,37.0,77.0,50.333333333333336,23.094010767585033,533.3333333333334,0,0,0,0,0,0,0,0,1.0,75.5,37.0,77.0,32,0,0,0,0,0,0,1,37,1,77,-1,-1,0,32,0,0,0,0,0,0,0,0,BENIGN
10.42.0.1-10.42.0.42-53-57642-17,10.42.0.42,57642,10.42.0.1,53,17,08/08/2017 02:58:25,254569,1,1,39.0,103.0,39.0,39.0,39.0,0.0,103.0,103.0,103.0,0.0,557.8055458441523,7.856416138650032,254569.0,0.0,254569.0,254569.0,0,0,0,0,0,0,0,0,0,0,0,0,0,0,32,32,3.928208069325016,3.928208069325016,39.0,103.0,60.33333333333333,36.95041722813605,1365.3333333333333,0,0,0,0,0,0,0,0,1.0,90.5,39.0,103.0,32,0,0,0,0,0,0,1,39,1,103,-1,-1,0,32,0,0,0,0,0,0,0,0,BENIGN
10.42.0.42-123.125.29.220-44843-80-6,10.42.0.42,44843,123.125.29.220,80,6,08/08/2017 02:58:26,310973,1,1,0.0,0.0,0.0,0.0,0.0,0.0,0.0,0.0,0.0,0.0,0.0,6.431426522559836,310973.0,0.0,310973.0,310973.0,0,0,0,0,0,0,0,0,0,0,0,0,0,0,20,20,3.215713261279918,3.215713261279918,0.0,0.0,0.0,0.0,0.0,0,0,0,0,1,1,0,0,1.0,0.0,0.0,0.0,20,0,0,0,0,0,0,1,0,1,0,1386,137,0,20,0,0,0,0,0,0,0,0,BENIGN
10.42.0.42-122.225.81.54-38260-80-6,10.42.0.42,38260,122.225.81.54,80,6,08/08/2017 02:58:50,347888,1,1,0.0,0.0,0.0,0.0,0.0,0.0,0.0,0.0,0.0,0.0,0.0,5.748976682150578,347888.0,0.0,347888.0,347888.0,0,0,0,0,0,0,0,0,0,0,0,0,0,0,32,32,2.874488341075289,2.874488341075289,0.0,0.0,0.0,0.0,0.0,0,0,0,0,1,1,0,0,1.0,0.0,0.0,0.0,32,0,0,0,0,0,0,1,0,1,0,1386,65113,0,32,0,0,0,0,0,0,0,0,BENIGN
10.42.0.1-10.42.0.42-53-2009-17,10.42.0.42,2009,10.42.0.1,53,17,08/08/2017 02:59:28,1431438,1,1,33.0,178.0,33.0,33.0,33.0,0.0,178.0,178.0,178.0,0.0,147.40421869476708,1.3971963857323895,1431438.0,0.0,1431438.0,1431438.0,0,0,0,0,0,0,0,0,0,0,0,0,0,0,40,20,0.6985981928661947,0.6985981928661947,33.0,178.0,81.33333333333334,83.71578903249574,7008.333333333334,0,0,0,0,0,0,0,0,1.0,122.0,33.0,178.0,40,0,0,0,0,0,0,1,33,1,178,-1,-1,0,40,0,0,0,0,0,0,0,0,BENIGN
10.42.0.42-104.192.110.245-51004-80-6,104.192.110.245,80,10.42.0.42,51004,6,08/08/2017 03:00:06,1733,1,1,0.0,0.0,0.0,0.0,0.0,0.0,0.0,0.0,0.0,0.0,0.0,1154.068090017311,1733.0,0.0,1733.0,1733.0,0,0,0,0,0,0,0,0,0,0,0,0,0,0,20,20,577.0340450086555,577.0340450086555,0.0,0.0,0.0,0.0,0.0,0,0,0,0,1,1,0,0,1.0,0.0,0.0,0.0,20,0,0,0,0,0,0,1,0,1,0,29,1369,0,20,0,0,0,0,0,0,0,0,BENIGN
10.42.0.1-10.42.0.42-53-53092-17,10.42.0.42,53092,10.42.0.1,53,17,08/08/2017 02:58:41,1379975,1,1,35.0,51.0,35.0,35.0,35.0,0.0,51.0,51.0,51.0,0.0,62.31996956466603,1.449301617782931,1379975.0,0.0,1379975.0,1379975.0,0,0,0,0,0,0,0,0,0,0,0,0,0,0,32,20,0.7246508088914655,0.7246508088914655,35.0,51.0,40.333333333333336,9.237604307034012,85.33333333333333,0,0,0,0,0,0,0,0,1.0,60.5,35.0,51.0,32,0,0,0,0,0,0,1,35,1,51,-1,-1,0,32,0,0,0,0,0,0,0,0,BENIGN
203.130.53.126-10.42.0.42-80-57357-6,10.42.0.42,57357,203.130.53.126,80,6,08/08/2017 02:58:50,23871,1,1,0.0,0.0,0.0,0.0,0.0,0.0,0.0,0.0,0.0,0.0,0.0,83.78367056260736,23871.0,0.0,23871.0,23871.0,0,0,0,0,0,0,0,0,0,0,0,0,0,0,20,20,41.89183528130368,41.89183528130368,0.0,0.0,0.0,0.0,0.0,0,0,0,0,1,1,0,0,1.0,0.0,0.0,0.0,20,0,0,0,0,0,0,1,0,1,0,3605,83,0,20,0,0,0,0,0,0,0,0,BENIGN
10.42.0.1-10.42.0.42-53-32218-17,10.42.0.42,32218,10.42.0.1,53,17,08/08/2017 02:58:27,476010,1,1,33.0,77.0,33.0,33.0,33.0,0.0,77.0,77.0,77.0,0.0,231.0875821936514,4.201592403520935,476010.0,0.0,476010.0,476010.0,0,0,0,0,0,0,0,0,0,0,0,0,0,0,20,20,2.1007962017604673,2.1007962017604673,33.0,77.0,47.666666666666664,25.40341184434353,645.3333333333333,0,0,0,0,0,0,0,0,1.0,71.5,33.0,77.0,20,0,0,0,0,0,0,1,33,1,77,-1,-1,0,20,0,0,0,0,0,0,0,0,BENIGN
219.142.78.162-10.42.0.42-80-49442-6,10.42.0.42,49442,219.142.78.162,80,6,08/08/2017 02:58:31,256944,1,1,0.0,0.0,0.0,0.0,0.0,0.0,0.0,0.0,0.0,0.0,0.0,7.783797247649293,256944.0,0.0,256944.0,256944.0,0,0,0,0,0,0,0,0,0,0,0,0,0,0,20,20,3.8918986238246465,3.8918986238246465,0.0,0.0,0.0,0.0,0.0,0,0,0,0,1,1,0,0,1.0,0.0,0.0,0.0,20,0,0,0,0,0,0,1,0,1,0,1386,125,0,20,0,0,0,0,0,0,0,0,BENIGN
10.42.0.1-10.42.0.42-53-48862-17,10.42.0.42,48862,10.42.0.1,53,17,08/08/2017 02:57:14,60382,1,1,31.0,74.0,31.0,31.0,31.0,0.0,74.0,74.0,74.0,0.0,1738.9288198469744,33.12245371137094,60382.0,0.0,60382.0,60382.0,0,0,0,0,0,0,0,0,0,0,0,0,0,0,20,20,16.56122685568547,16.56122685568547,31.0,74.0,45.333333333333336,24.826061575153908,616.3333333333334,0,0,0,0,0,0,0,0,1.0,68.0,31.0,74.0,20,0,0,0,0,0,0,1,31,1,74,-1,-1,0,20,0,0,0,0,0,0,0,0,BENIGN
10.42.0.42-23.208.87.120-36684-80-6,10.42.0.42,36684,23.208.87.120,80,6,08/08/2017 03:07:42,65116,2,0,0.0,0.0,0.0,0.0,0.0,0.0,0,0,0,0,0.0,30.71441734750292,65116.0,0.0,65116.0,65116.0,65116.0,65116.0,0.0,65116.0,65116.0,0,0,0,0,0,0,0,0,0,64,0,30.71441734750292,0.0,0.0,0.0,0.0,0.0,0.0,0,0,0,0,1,1,0,0,0.0,0.0,0.0,0.0,64,0,0,0,0,0,0,2,0,0,0,1073,-1,0,32,0,0,0,0,0,0,0,0,BENIGN
10.42.0.42-23.208.87.120-36681-80-6,10.42.0.42,36681,23.208.87.120,80,6,08/08/2017 03:06:41,54973,2,0,0.0,0.0,0.0,0.0,0.0,0.0,0,0,0,0,0.0,36.38149637094573,54973.0,0.0,54973.0,54973.0,54973.0,54973.0,0.0,54973.0,54973.0,0,0,0,0,0,0,0,0,0,64,0,36.38149637094573,0.0,0.0,0.0,0.0,0.0,0.0,0,0,0,0,1,1,0,0,0.0,0.0,0.0,0.0,64,0,0,0,0,0,0,2,0,0,0,939,-1,0,32,0,0,0,0,0,0,0,0,BENIGN
10.42.0.1-10.42.0.42-53-40797-17,10.42.0.42,40797,10.42.0.1,53,17,08/08/2017 02:59:25,906,1,1,34.0,50.0,34.0,34.0,34.0,0.0,50.0,50.0,50.0,0.0,92715.23178807947,2207.5055187637968,906.0,0.0,906.0,906.0,0,0,0,0,0,0,0,0,0,0,0,0,0,0,20,20,1103.7527593818984,1103.7527593818984,34.0,50.0,39.333333333333336,9.237604307034012,85.33333333333333,0,0,0,0,0,0,0,0,1.0,59.0,34.0,50.0,20,0,0,0,0,0,0,1,34,1,50,-1,-1,0,20,0,0,0,0,0,0,0,0,BENIGN
10.42.0.1-10.42.0.42-53-17557-17,10.42.0.42,17557,10.42.0.1,53,17,08/08/2017 02:59:36,353570,1,1,37.0,53.0,37.0,37.0,37.0,0.0,53.0,53.0,53.0,0.0,254.546483016093,5.656588511468733,353570.0,0.0,353570.0,353570.0,0,0,0,0,0,0,0,0,0,0,0,0,0,0,40,20,2.8282942557343667,2.8282942557343667,37.0,53.0,42.333333333333336,9.237604307034012,85.33333333333333,0,0,0,0,0,0,0,0,1.0,63.5,37.0,53.0,40,0,0,0,0,0,0,1,37,1,53,-1,-1,0,40,0,0,0,0,0,0,0,0,BENIGN
10.42.0.1-10.42.0.42-53-36214-17,10.42.0.42,36214,10.42.0.1,53,17,08/08/2017 02:58:33,87713,1,1,32.0,151.0,32.0,32.0,32.0,0.0,151.0,151.0,151.0,0.0,2086.349799915634,22.801637157547912,87713.0,0.0,87713.0,87713.0,0,0,0,0,0,0,0,0,0,0,0,0,0,0,32,32,11.400818578773956,11.400818578773956,32.0,151.0,71.66666666666666,68.70468203356546,4720.333333333333,0,0,0,0,0,0,0,0,1.0,107.5,32.0,151.0,32,0,0,0,0,0,0,1,32,1,151,-1,-1,0,32,0,0,0,0,0,0,0,0,BENIGN
10.42.0.1-10.42.0.42-53-61653-17,10.42.0.42,61653,10.42.0.1,53,17,08/08/2017 02:57:14,60554,1,1,29.0,78.0,29.0,29.0,29.0,0.0,78.0,78.0,78.0,0.0,1767.0178683489119,33.0283713710077,60554.0,0.0,60554.0,60554.0,0,0,0,0,0,0,0,0,0,0,0,0,0,0,20,20,16.51418568550385,16.51418568550385,29.0,78.0,45.33333333333333,28.29016319029166,800.3333333333333,0,0,0,0,0,0,0,0,1.0,68.0,29.0,78.0,20,0,0,0,0,0,0,1,29,1,78,-1,-1,0,20,0,0,0,0,0,0,0,0,BENIGN
10.42.0.1-10.42.0.42-53-34541-17,10.42.0.42,34541,10.42.0.1,53,17,08/08/2017 02:58:41,173447,1,1,32.0,70.0,32.0,32.0,32.0,0.0,70.0,70.0,70.0,0.0,588.0758963833333,11.530899929084967,173447.0,0.0,173447.0,173447.0,0,0,0,0,0,0,0,0,0,0,0,0,0,0,20,20,5.7654499645424835,5.7654499645424835,32.0,70.0,44.666666666666664,21.939310229205777,481.3333333333333,0,0,0,0,0,0,0,0,1.0,67.0,32.0,70.0,20,0,0,0,0,0,0,1,32,1,70,-1,-1,0,20,0,0,0,0,0,0,0,0,BENIGN
10.42.0.1-10.42.0.42-53-15628-17,10.42.0.42,15628,10.42.0.1,53,17,08/08/2017 02:57:14,50250,1,1,31.0,105.0,31.0,31.0,31.0,0.0,105.0,105.0,105.0,0.0,2706.467661691542,39.80099502487562,50250.0,0.0,50250.0,50250.0,0,0,0,0,0,0,0,0,0,0,0,0,0,0,40,20,19.90049751243781,19.90049751243781,31.0,105.0,55.66666666666667,42.72391992003231,1825.3333333333335,0,0,0,0,0,0,0,0,1.0,83.5,31.0,105.0,40,0,0,0,0,0,0,1,31,1,105,-1,-1,0,40,0,0,0,0,0,0,0,0,BENIGN
10.42.0.1-10.42.0.42-53-23659-17,10.42.0.42,23659,10.42.0.1,53,17,08/08/2017 02:58:25,148725,1,1,33.0,190.0,33.0,33.0,33.0,0.0,190.0,190.0,190.0,0.0,1499.4116658261894,13.447638258530846,148725.0,0.0,148725.0,148725.0,0,0,0,0,0,0,0,0,0,0,0,0,0,0,20,32,6.723819129265423,6.723819129265423,33.0,190.0,85.33333333333334,90.64399226277125,8216.333333333334,0,0,0,0,0,0,0,0,1.0,128.0,33.0,190.0,20,0,0,0,0,0,0,1,33,1,190,-1,-1,0,20,0,0,0,0,0,0,0,0,BENIGN
180.149.136.194-10.42.0.42-80-55807-6,10.42.0.42,55807,180.149.136.194,80,6,08/08/2017 02:59:31,258526,1,1,0.0,0.0,0.0,0.0,0.0,0.0,0.0,0.0,0.0,0.0,0.0,7.736165801505458,258526.0,0.0,258526.0,258526.0,0,0,0,0,0,0,0,0,0,0,0,0,0,0,20,20,3.868082900752729,3.868082900752729,0.0,0.0,0.0,0.0,0.0,0,0,0,0,1,1,0,0,1.0,0.0,0.0,0.0,20,0,0,0,0,0,0,1,0,1,0,1386,124,0,20,0,0,0,0,0,0,0,0,BENIGN
10.42.0.1-10.42.0.42-53-44083-17,10.42.0.42,44083,10.42.0.1,53,17,08/08/2017 02:58:29,892312,1,1,34.0,130.0,34.0,34.0,34.0,0.0,130.0,130.0,130.0,0.0,183.79221617550812,2.241368489945221,892312.0,0.0,892312.0,892312.0,0,0,0,0,0,0,0,0,0,0,0,0,0,0,20,40,1.1206842449726104,1.1206842449726104,34.0,130.0,66.0,55.42562584220407,3072.0,0,0,0,0,0,0,0,0,1.0,99.0,34.0,130.0,20,0,0,0,0,0,0,1,34,1,130,-1,-1,0,20,0,0,0,0,0,0,0,0,BENIGN
219.142.78.162-10.42.0.42-80-49379-6,10.42.0.42,49379,219.142.78.162,80,6,08/08/2017 02:58:26,254001,1,1,0.0,0.0,0.0,0.0,0.0,0.0,0.0,0.0,0.0,0.0,0.0,7.8739847480915435,254001.0,0.0,254001.0,254001.0,0,0,0,0,0,0,0,0,0,0,0,0,0,0,20,20,3.9369923740457717,3.9369923740457717,0.0,0.0,0.0,0.0,0.0,0,0,0,0,1,1,0,0,1.0,0.0,0.0,0.0,20,0,0,0,0,0,0,1,0,1,0,1386,123,0,20,0,0,0,0,0,0,0,0,BENIGN
172.217.10.131-10.42.0.42-443-42827-17,10.42.0.42,42827,172.217.10.131,443,17,08/08/2017 03:00:09,18414461,29,19,26721.0,2144.0,1350.0,23.0,921.4137931034481,604.8748700139429,1350.0,18.0,112.84210526315789,303.69122900258316,1567.5180500803147,2.6066470259433605,391797.0425531914,2246671.5232894886,1.5176359E7,1.0,1.8378076E7,656359.8571428572,2901746.0155789694,1.5176359E7,1.0,1.8375968E7,1020887.111111111,3615440.4750640383,1.5220205E7,4.0,0,0,0,0,580,380,1.5748492448407803,1.0317977811025802,18.0,1350.0,616.6326530612245,644.8279387388789,415803.07057823124,0,0,0,0,0,0,0,0,0.0,629.4791666666666,921.4137931034483,112.84210526315789,580,0,0,0,0,0,0,29,26721,19,2144,-1,-1,28,20,3196914.0,0.0,3196914.0,3196914.0,1.5176359E7,0.0,1.5176359E7,1.5176359E7,BENIGN
10.42.0.42-52.221.28.15-45908-80-6,52.221.28.15,80,10.42.0.42,45908,6,08/08/2017 02:59:32,78230,1,1,0.0,0.0,0.0,0.0,0.0,0.0,0.0,0.0,0.0,0.0,0.0,25.5656397801355,78230.0,0.0,78230.0,78230.0,0,0,0,0,0,0,0,0,0,0,0,0,0,0,32,32,12.78281989006775,12.78281989006775,0.0,0.0,0.0,0.0,0.0,0,0,0,0,1,1,0,0,1.0,0.0,0.0,0.0,32,0,0,0,0,0,0,1,0,1,0,115,1369,0,32,0,0,0,0,0,0,0,0,BENIGN
10.42.0.1-10.42.0.42-53-21662-17,10.42.0.42,21662,10.42.0.1,53,17,08/08/2017 02:58:40,97438,1,1,37.0,77.0,37.0,37.0,37.0,0.0,77.0,77.0,77.0,0.0,1169.974753176379,20.52587286274349,97438.0,0.0,97438.0,97438.0,0,0,0,0,0,0,0,0,0,0,0,0,0,0,20,20,10.262936431371745,10.262936431371745,37.0,77.0,50.333333333333336,23.094010767585033,533.3333333333334,0,0,0,0,0,0,0,0,1.0,75.5,37.0,77.0,20,0,0,0,0,0,0,1,37,1,77,-1,-1,0,20,0,0,0,0,0,0,0,0,BENIGN
10.42.0.42-123.125.29.138-60330-443-6,123.125.29.138,443,10.42.0.42,60330,6,08/08/2017 03:00:07,6933,1,1,0.0,0.0,0.0,0.0,0.0,0.0,0.0,0.0,0.0,0.0,0.0,288.47540747151305,6933.0,0.0,6933.0,6933.0,0,0,0,0,0,0,0,0,0,0,0,0,0,0,20,20,144.23770373575653,144.23770373575653,0.0,0.0,0.0,0.0,0.0,0,0,0,0,1,1,0,0,1.0,0.0,0.0,0.0,20,0,0,0,0,0,0,1,0,1,0,131,1552,0,20,0,0,0,0,0,0,0,0,BENIGN
172.217.5.227-10.42.0.42-80-38588-6,10.42.0.42,38588,172.217.5.227,80,6,08/08/2017 03:04:07,46613,2,0,0.0,0.0,0.0,0.0,0.0,0.0,0,0,0,0,0.0,42.9064853152554,46613.0,0.0,46613.0,46613.0,46613.0,46613.0,0.0,46613.0,46613.0,0,0,0,0,0,0,0,0,0,64,0,42.9064853152554,0.0,0.0,0.0,0.0,0.0,0.0,0,0,0,0,1,1,0,0,0.0,0.0,0.0,0.0,64,0,0,0,0,0,0,2,0,0,0,170,-1,0,32,0,0,0,0,0,0,0,0,BENIGN
10.42.0.1-10.42.0.42-53-43178-17,10.42.0.42,43178,10.42.0.1,53,17,08/08/2017 02:58:36,910200,1,1,31.0,105.0,31.0,31.0,31.0,0.0,105.0,105.0,105.0,0.0,149.41771039332014,2.197319270490002,910200.0,0.0,910200.0,910200.0,0,0,0,0,0,0,0,0,0,0,0,0,0,0,20,20,1.098659635245001,1.098659635245001,31.0,105.0,55.66666666666667,42.72391992003231,1825.3333333333335,0,0,0,0,0,0,0,0,1.0,83.5,31.0,105.0,20,0,0,0,0,0,0,1,31,1,105,-1,-1,0,20,0,0,0,0,0,0,0,0,BENIGN
10.42.0.1-10.42.0.42-53-5040-17,10.42.0.42,5040,10.42.0.1,53,17,08/08/2017 02:58:43,51563,1,1,31.0,102.0,31.0,31.0,31.0,0.0,102.0,102.0,102.0,0.0,2579.368927331614,38.78750266664081,51563.0,0.0,51563.0,51563.0,0,0,0,0,0,0,0,0,0,0,0,0,0,0,20,20,19.393751333320406,19.393751333320406,31.0,102.0,54.66666666666667,40.991869112463434,1680.3333333333335,0,0,0,0,0,0,0,0,1.0,82.0,31.0,102.0,20,0,0,0,0,0,0,1,31,1,102,-1,-1,0,20,0,0,0,0,0,0,0,0,BENIGN
10.42.0.42-36.51.254.232-48742-443-6,10.42.0.42,48742,36.51.254.232,443,6,08/08/2017 02:59:37,723470,3,0,0.0,0.0,0.0,0.0,0.0,0.0,0,0,0,0,0.0,4.146681963315687,361735.0,459565.6676558857,686697.0,36773.0,723470.0,361735.0,459565.6676558857,686697.0,36773.0,0,0,0,0,0,0,0,0,0,60,0,4.146681963315687,0.0,0.0,0.0,0.0,0.0,0.0,0,0,0,0,1,0,0,0,0.0,0.0,0.0,0.0,60,0,0,0,0,0,0,3,0,0,0,1597,-1,0,20,0,0,0,0,0,0,0,0,BENIGN
219.142.78.162-10.42.0.42-80-49368-6,10.42.0.42,49368,219.142.78.162,80,6,08/08/2017 02:58:25,254455,1,1,0.0,0.0,0.0,0.0,0.0,0.0,0.0,0.0,0.0,0.0,0.0,7.859935941522077,254455.0,0.0,254455.0,254455.0,0,0,0,0,0,0,0,0,0,0,0,0,0,0,20,20,3.9299679707610387,3.9299679707610387,0.0,0.0,0.0,0.0,0.0,0,0,0,0,1,1,0,0,1.0,0.0,0.0,0.0,20,0,0,0,0,0,0,1,0,1,0,1386,125,0,20,0,0,0,0,0,0,0,0,BENIGN
180.163.255.159-10.42.0.42-80-39608-6,10.42.0.42,39608,180.163.255.159,80,6,08/08/2017 02:59:39,345227,1,1,0.0,0.0,0.0,0.0,0.0,0.0,0.0,0.0,0.0,0.0,0.0,5.793289632618538,345227.0,0.0,345227.0,345227.0,0,0,0,0,0,0,0,0,0,0,0,0,0,0,20,20,2.896644816309269,2.896644816309269,0.0,0.0,0.0,0.0,0.0,0,0,0,0,1,1,0,0,1.0,0.0,0.0,0.0,20,0,0,0,0,0,0,1,0,1,0,1460,32,0,20,0,0,0,0,0,0,0,0,BENIGN
10.42.0.42-23.208.87.120-36867-80-6,23.208.87.120,80,10.42.0.42,36867,6,08/08/2017 02:58:52,3304,1,1,0.0,0.0,0.0,0.0,0.0,0.0,0.0,0.0,0.0,0.0,0.0,605.3268765133172,3304.0,0.0,3304.0,3304.0,0,0,0,0,0,0,0,0,0,0,0,0,0,0,32,32,302.6634382566586,302.6634382566586,0.0,0.0,0.0,0.0,0.0,0,0,0,0,1,1,0,0,1.0,0.0,0.0,0.0,32,0,0,0,0,0,0,1,0,1,0,905,1369,0,32,0,0,0,0,0,0,0,0,BENIGN
203.90.242.126-10.42.0.42-443-49387-6,10.42.0.42,49387,203.90.242.126,443,6,08/08/2017 03:05:49,249509,1,1,0.0,0.0,0.0,0.0,0.0,0.0,0.0,0.0,0.0,0.0,0.0,8.015742919093098,249509.0,0.0,249509.0,249509.0,0,0,0,0,0,0,0,0,0,0,0,0,0,0,32,32,4.007871459546549,4.007871459546549,0.0,0.0,0.0,0.0,0.0,0,0,0,0,1,1,0,0,1.0,0.0,0.0,0.0,32,0,0,0,0,0,0,1,0,1,0,1403,244,0,32,0,0,0,0,0,0,0,0,BENIGN
172.217.10.131-10.42.0.42-443-48973-17,10.42.0.42,48973,172.217.10.131,443,17,08/08/2017 03:01:06,62339767,42,26,33275.0,2475.0,1350.0,23.0,792.2619047619047,619.84797740956,1350.0,18.0,95.19230769230766,260.1976201629476,573.4702216644473,1.0907965055435642,930444.2835820895,4045236.0883278786,2.589843E7,1.0,6.2278133E7,1518978.8536585364,5115252.061705457,2.5960292E7,1.0,6.2301657E7,2492066.28,6420111.174981763,2.5936504E7,2.0,0,0,0,0,1224,736,0.6737272534239661,0.41706925211959806,18.0,1350.0,537.6811594202899,617.369740792092,381145.3968456948,0,0,0,0,0,0,0,0,0.0,545.5882352941177,792.2619047619048,95.1923076923077,1224,0,0,0,0,0,0,42,33275,26,2475,-1,-1,41,20,2139656.6666666665,1799493.733610188,3194513.0,61862.0,1.8619721E7,6303549.698050535,2.589843E7,1.4974428E7,BENIGN
10.42.0.1-10.42.0.42-53-2521-17,10.42.0.42,2521,10.42.0.1,53,17,08/08/2017 03:01:35,30882,1,1,32.0,48.0,32.0,32.0,32.0,0.0,48.0,48.0,48.0,0.0,2590.5057962567193,64.76264490641798,30882.0,0.0,30882.0,30882.0,0,0,0,0,0,0,0,0,0,0,0,0,0,0,32,32,32.38132245320899,32.38132245320899,32.0,48.0,37.333333333333336,9.237604307034012,85.33333333333333,0,0,0,0,0,0,0,0,1.0,56.0,32.0,48.0,32,0,0,0,0,0,0,1,32,1,48,-1,-1,0,32,0,0,0,0,0,0,0,0,BENIGN
10.42.0.42-123.125.29.220-44896-80-6,10.42.0.42,44896,123.125.29.220,80,6,08/08/2017 02:58:31,317816,1,1,0.0,0.0,0.0,0.0,0.0,0.0,0.0,0.0,0.0,0.0,0.0,6.292949379515192,317816.0,0.0,317816.0,317816.0,0,0,0,0,0,0,0,0,0,0,0,0,0,0,20,20,3.146474689757596,3.146474689757596,0.0,0.0,0.0,0.0,0.0,0,0,0,0,1,1,0,0,1.0,0.0,0.0,0.0,20,0,0,0,0,0,0,1,0,1,0,1386,136,0,20,0,0,0,0,0,0,0,0,BENIGN
203.130.53.126-10.42.0.42-80-57355-6,10.42.0.42,57355,203.130.53.126,80,6,08/08/2017 02:58:50,23753,1,1,0.0,0.0,0.0,0.0,0.0,0.0,0.0,0.0,0.0,0.0,0.0,84.19989054014229,23753.0,0.0,23753.0,23753.0,0,0,0,0,0,0,0,0,0,0,0,0,0,0,20,20,42.099945270071146,42.099945270071146,0.0,0.0,0.0,0.0,0.0,0,0,0,0,1,1,0,0,1.0,0.0,0.0,0.0,20,0,0,0,0,0,0,1,0,1,0,2464,83,0,20,0,0,0,0,0,0,0,0,BENIGN
10.42.0.1-10.42.0.42-53-32285-17,10.42.0.42,32285,10.42.0.1,53,17,08/08/2017 02:59:23,242192,1,1,35.0,180.0,35.0,35.0,35.0,0.0,180.0,180.0,180.0,0.0,887.7254409724517,8.257911078813503,242192.0,0.0,242192.0,242192.0,0,0,0,0,0,0,0,0,0,0,0,0,0,0,32,32,4.128955539406752,4.128955539406752,35.0,180.0,83.33333333333334,83.71578903249574,7008.333333333334,0,0,0,0,0,0,0,0,1.0,125.0,35.0,180.0,32,0,0,0,0,0,0,1,35,1,180,-1,-1,0,32,0,0,0,0,0,0,0,0,BENIGN
10.42.0.1-10.42.0.42-53-65371-17,10.42.0.42,65371,10.42.0.1,53,17,08/08/2017 02:57:32,31043,1,1,40.0,98.0,40.0,40.0,40.0,0.0,98.0,98.0,98.0,0.0,4445.446638533646,64.42676287729923,31043.0,0.0,31043.0,31043.0,0,0,0,0,0,0,0,0,0,0,0,0,0,0,32,20,32.21338143864961,32.21338143864961,40.0,98.0,59.33333333333333,33.48631561299829,1121.3333333333333,0,0,0,0,0,0,0,0,1.0,89.0,40.0,98.0,32,0,0,0,0,0,0,1,40,1,98,-1,-1,0,32,0,0,0,0,0,0,0,0,BENIGN
10.42.0.1-10.42.0.42-53-36563-17,10.42.0.42,36563,10.42.0.1,53,17,08/08/2017 02:58:38,149227,1,1,31.0,139.0,31.0,31.0,31.0,0.0,139.0,139.0,139.0,0.0,1139.2040314420312,13.40240036990625,149227.0,0.0,149227.0,149227.0,0,0,0,0,0,0,0,0,0,0,0,0,0,0,32,40,6.701200184953125,6.701200184953125,31.0,139.0,67.0,62.353829072479584,3888.0,0,0,0,0,0,0,0,0,1.0,100.5,31.0,139.0,32,0,0,0,0,0,0,1,31,1,139,-1,-1,0,32,0,0,0,0,0,0,0,0,BENIGN
172.217.12.174-10.42.0.42-443-46861-17,10.42.0.42,46861,172.217.12.174,443,17,08/08/2017 02:57:13,27102196,13,18,5501.0,5770.0,1350.0,23.0,423.1538461538462,546.9055138007305,1350.0,18.0,320.5555555555556,499.87965872059084,415.8703597302595,1.143818751808894,903406.5333333332,3404525.6321350457,1.4842253E7,2.0,2.7039983E7,2253331.916666667,5232316.311628679,1.4842253E7,2.0,2.7064675E7,1592039.7058823532,4475833.935845989,1.49132E7,4.0,0,0,0,0,420,540,0.4796659281779233,0.6641528236309707,18.0,1350.0,394.40625,534.5874417369934,285783.73286290327,0,0,0,0,0,0,0,0,1.0,407.1290322580645,423.15384615384613,320.55555555555554,420,0,0,0,0,0,0,13,5501,18,5770,-1,-1,12,20,176268.5,24076.278792620757,193293.0,159244.0,1.3343723E7,2119241.4496229542,1.4842253E7,1.1845193E7,BENIGN
10.42.0.42-36.51.254.232-48740-443-6,10.42.0.42,48740,36.51.254.232,443,6,08/08/2017 02:59:37,724157,3,0,0.0,0.0,0.0,0.0,0.0,0.0,0,0,0,0,0.0,4.142748050491813,362078.5,457631.7306093405,685673.0,38484.0,724157.0,362078.5,457631.7306093405,685673.0,38484.0,0,0,0,0,0,0,0,0,0,60,0,4.142748050491813,0.0,0.0,0.0,0.0,0.0,0.0,0,0,0,0,1,0,0,0,0.0,0.0,0.0,0.0,60,0,0,0,0,0,0,3,0,0,0,1597,-1,0,20,0,0,0,0,0,0,0,0,BENIGN
10.42.0.1-10.42.0.42-53-54070-17,10.42.0.42,54070,10.42.0.1,53,17,08/08/2017 02:59:16,628912,1,1,33.0,178.0,33.0,33.0,33.0,0.0,178.0,178.0,178.0,0.0,335.5000381611418,3.1800951484468416,628912.0,0.0,628912.0,628912.0,0,0,0,0,0,0,0,0,0,0,0,0,0,0,20,20,1.5900475742234208,1.5900475742234208,33.0,178.0,81.33333333333334,83.71578903249574,7008.333333333334,0,0,0,0,0,0,0,0,1.0,122.0,33.0,178.0,20,0,0,0,0,0,0,1,33,1,178,-1,-1,0,20,0,0,0,0,0,0,0,0,BENIGN
10.42.0.1-10.42.0.42-53-36062-17,10.42.0.42,36062,10.42.0.1,53,17,08/08/2017 02:58:21,937,1,1,31.0,225.0,31.0,31.0,31.0,0.0,225.0,225.0,225.0,0.0,273212.3799359659,2134.4717182497334,937.0,0.0,937.0,937.0,0,0,0,0,0,0,0,0,0,0,0,0,0,0,20,20,1067.2358591248667,1067.2358591248667,31.0,225.0,95.66666666666667,112.0059522227874,12545.333333333334,0,0,0,0,0,0,0,0,1.0,143.5,31.0,225.0,20,0,0,0,0,0,0,1,31,1,225,-1,-1,0,20,0,0,0,0,0,0,0,0,BENIGN
10.42.0.1-10.42.0.42-53-21089-17,10.42.0.42,21089,10.42.0.1,53,17,08/08/2017 02:58:42,149013,1,1,34.0,83.0,34.0,34.0,34.0,0.0,83.0,83.0,83.0,0.0,785.1663948782992,13.421647775697421,149013.0,0.0,149013.0,149013.0,0,0,0,0,0,0,0,0,0,0,0,0,0,0,20,20,6.7108238878487105,6.7108238878487105,34.0,83.0,50.33333333333333,28.29016319029166,800.3333333333333,0,0,0,0,0,0,0,0,1.0,75.5,34.0,83.0,20,0,0,0,0,0,0,1,34,1,83,-1,-1,0,20,0,0,0,0,0,0,0,0,BENIGN
222.73.28.96-10.42.0.42-80-36949-6,222.73.28.96,80,10.42.0.42,36949,6,08/08/2017 02:58:59,8731,1,1,0.0,0.0,0.0,0.0,0.0,0.0,0.0,0.0,0.0,0.0,0.0,229.0688351849731,8731.0,0.0,8731.0,8731.0,0,0,0,0,0,0,0,0,0,0,0,0,0,0,20,20,114.53441759248655,114.53441759248655,0.0,0.0,0.0,0.0,0.0,0,0,0,0,1,1,0,0,1.0,0.0,0.0,0.0,20,0,0,0,0,0,0,1,0,1,0,58,1369,0,20,0,0,0,0,0,0,0,0,BENIGN
174.35.73.99-10.42.0.42-80-60290-6,174.35.73.99,80,10.42.0.42,60290,6,08/08/2017 02:58:24,17666,2,1,0.0,0.0,0.0,0.0,0.0,0.0,0.0,0.0,0.0,0.0,0.0,169.81772897090454,8833.0,11648.877113267185,17070.0,596.0,17666.0,17666.0,0.0,17666.0,17666.0,0,0,0,0,0,0,0,0,0,64,44,113.21181931393637,56.60590965696819,0.0,0.0,0.0,0.0,0.0,0,0,0,0,1,1,0,0,0.0,0.0,0.0,0.0,64,0,0,0,0,0,0,2,0,1,0,676,2381,0,32,0,0,0,0,0,0,0,0,BENIGN
219.142.78.162-10.42.0.42-80-49444-6,10.42.0.42,49444,219.142.78.162,80,6,08/08/2017 02:58:34,254056,1,1,0.0,0.0,0.0,0.0,0.0,0.0,0.0,0.0,0.0,0.0,0.0,7.8722801272160465,254056.0,0.0,254056.0,254056.0,0,0,0,0,0,0,0,0,0,0,0,0,0,0,20,20,3.9361400636080233,3.9361400636080233,0.0,0.0,0.0,0.0,0.0,0,0,0,0,1,1,0,0,1.0,0.0,0.0,0.0,20,0,0,0,0,0,0,1,0,1,0,1386,123,0,20,0,0,0,0,0,0,0,0,BENIGN
10.42.0.1-10.42.0.42-53-29751-17,10.42.0.42,29751,10.42.0.1,53,17,08/08/2017 02:58:22,1402892,1,1,37.0,182.0,37.0,37.0,37.0,0.0,182.0,182.0,182.0,0.0,156.10610082600797,1.4256264915617167,1402892.0,0.0,1402892.0,1402892.0,0,0,0,0,0,0,0,0,0,0,0,0,0,0,20,32,0.7128132457808584,0.7128132457808584,37.0,182.0,85.33333333333334,83.71578903249574,7008.333333333334,0,0,0,0,0,0,0,0,1.0,128.0,37.0,182.0,20,0,0,0,0,0,0,1,37,1,182,-1,-1,0,20,0,0,0,0,0,0,0,0,BENIGN
10.42.0.42-36.51.254.232-48741-443-6,10.42.0.42,48741,36.51.254.232,443,6,08/08/2017 02:59:37,779051,3,0,0.0,0.0,0.0,0.0,0.0,0.0,0,0,0,0,0.0,3.8508390336447804,389525.5,497583.26374638046,741370.0,37681.0,779051.0,389525.5,497583.26374638046,741370.0,37681.0,0,0,0,0,0,0,0,0,0,60,0,3.8508390336447804,0.0,0.0,0.0,0.0,0.0,0.0,0,0,0,0,1,0,0,0,0.0,0.0,0.0,0.0,60,0,0,0,0,0,0,3,0,0,0,1597,-1,0,20,0,0,0,0,0,0,0,0,BENIGN
10.42.0.1-10.42.0.42-53-57349-17,10.42.0.42,57349,10.42.0.1,53,17,08/08/2017 02:59:25,255589,1,1,43.0,101.0,43.0,43.0,43.0,0.0,101.0,101.0,101.0,0.0,563.4045283638967,7.825062893943009,255589.0,0.0,255589.0,255589.0,0,0,0,0,0,0,0,0,0,0,0,0,0,0,40,20,3.9125314469715047,3.9125314469715047,43.0,101.0,62.33333333333333,33.48631561299829,1121.3333333333333,0,0,0,0,0,0,0,0,1.0,93.5,43.0,101.0,40,0,0,0,0,0,0,1,43,1,101,-1,-1,0,40,0,0,0,0,0,0,0,0,BENIGN
10.42.0.1-10.42.0.42-53-60152-17,10.42.0.42,60152,10.42.0.1,53,17,08/08/2017 02:58:32,49021,1,1,35.0,180.0,35.0,35.0,35.0,0.0,180.0,180.0,180.0,0.0,4385.875441137471,40.79884131290671,49021.0,0.0,49021.0,49021.0,0,0,0,0,0,0,0,0,0,0,0,0,0,0,20,20,20.399420656453355,20.399420656453355,35.0,180.0,83.33333333333334,83.71578903249574,7008.333333333334,0,0,0,0,0,0,0,0,1.0,125.0,35.0,180.0,20,0,0,0,0,0,0,1,35,1,180,-1,-1,0,20,0,0,0,0,0,0,0,0,BENIGN
10.42.0.1-10.42.0.42-53-52609-17,10.42.0.42,52609,10.42.0.1,53,17,08/08/2017 02:58:27,1486492,1,1,39.0,185.0,39.0,39.0,39.0,0.0,185.0,185.0,185.0,0.0,150.6903501667012,1.3454495550598322,1486492.0,0.0,1486492.0,1486492.0,0,0,0,0,0,0,0,0,0,0,0,0,0,0,32,32,0.6727247775299161,0.6727247775299161,39.0,185.0,87.66666666666666,84.29313930168536,7105.333333333333,0,0,0,0,0,0,0,0,1.0,131.5,39.0,185.0,32,0,0,0,0,0,0,1,39,1,185,-1,-1,0,32,0,0,0,0,0,0,0,0,BENIGN
10.42.0.42-123.125.29.220-44911-80-6,10.42.0.42,44911,123.125.29.220,80,6,08/08/2017 02:58:32,313621,1,1,0.0,0.0,0.0,0.0,0.0,0.0,0.0,0.0,0.0,0.0,0.0,6.377123980855874,313621.0,0.0,313621.0,313621.0,0,0,0,0,0,0,0,0,0,0,0,0,0,0,20,20,3.188561990427937,3.188561990427937,0.0,0.0,0.0,0.0,0.0,0,0,0,0,1,1,0,0,1.0,0.0,0.0,0.0,20,0,0,0,0,0,0,1,0,1,0,1386,137,0,20,0,0,0,0,0,0,0,0,BENIGN
