Flow ID, Source IP, Source Port, Destination IP, Destination Port, Protocol, Timestamp, Flow Duration, Total Fwd Packets, Total Backward Packets,Total Length of Fwd Packets, Total Length of Bwd Packets, Fwd Packet Length Max, Fwd Packet Length Min, Fwd Packet Length Mean, Fwd Packet Length Std,Bwd Packet Length Max, Bwd Packet Length Min, Bwd Packet Length Mean, Bwd Packet Length Std,Flow Bytes/s, Flow Packets/s, Flow IAT Mean, Flow IAT Std, Flow IAT Max, Flow IAT Min,Fwd IAT Total, Fwd IAT Mean, Fwd IAT Std, Fwd IAT Max, Fwd IAT Min,Bwd IAT Total, Bwd IAT Mean, Bwd IAT Std, Bwd IAT Max, Bwd IAT Min,Fwd PSH Flags, Bwd PSH Flags, Fwd URG Flags, Bwd URG Flags, Fwd Header Length, Bwd Header Length,Fwd Packets/s, Bwd Packets/s, Min Packet Length, Max Packet Length, Packet Length Mean, Packet Length Std, Packet Length Variance,FIN Flag Count, SYN Flag Count, RST Flag Count, PSH Flag Count, ACK Flag Count, URG Flag Count, CWE Flag Count, ECE Flag Count, Down/Up Ratio, Average Packet Size, Avg Fwd Segment Size, Avg Bwd Segment Size, Fwd Header Length,Fwd Avg Bytes/Bulk, Fwd Avg Packets/Bulk, Fwd Avg Bulk Rate, Bwd Avg Bytes/Bulk, Bwd Avg Packets/Bulk,Bwd Avg Bulk Rate,Subflow Fwd Packets, Subflow Fwd Bytes, Subflow Bwd Packets, Subflow Bwd Bytes,Init_Win_bytes_forward, Init_Win_bytes_backward, act_data_pkt_fwd, min_seg_size_forward,Active Mean, Active Std, Active Max, Active Min,Idle Mean, Idle Std, Idle Max, Idle Min, Label
10.42.0.151-31.13.71.37-38131-443-6,31.13.71.37,443,10.42.0.151,38131,6,21/07/2017 04:45:59,47,2,0,42.0,0.0,42.0,0.0,21.0,29.698484809834994,0,0,0,0,893617.0212765958,42553.19148936171,47.0,0.0,47.0,47.0,47.0,47.0,0.0,47.0,47.0,0,0,0,0,0,1,0,0,0,64,0,42553.19148936171,0.0,0.0,42.0,28.0,24.24871130596428,588.0,0,1,0,0,1,0,0,0,0.0,42.0,21.0,0.0,64,0,0,0,0,0,0,2,42,0,0,133,-1,0,32,0,0,0,0,0,0,0,0,BENIGN
10.42.0.151-31.13.71.37-38131-443-6,10.42.0.151,38131,31.13.71.37,443,6,21/07/2017 04:45:59,12342,3,0,42.0,0.0,42.0,0.0,14.0,24.24871130596428,0,0,0,0,3403.014098201264,243.07243558580456,6171.0,8203.852875326324,11972.0,370.0,12342.0,6171.0,8203.852875326324,11972.0,370.0,0,0,0,0,0,0,0,0,0,96,0,243.07243558580456,0.0,0.0,42.0,10.5,21.0,441.0,0,0,0,0,1,0,0,0,0.0,14.0,14.0,0.0,96,0,0,0,0,0,0,3,42,0,0,1631,-1,1,32,0,0,0,0,0,0,0,0,BENIGN
172.217.6.202-10.42.0.151-443-53927-6,10.42.0.151,53927,172.217.6.202,443,6,21/07/2017 04:45:59,36826,1,2,31.0,0.0,31.0,31.0,31.0,0.0,0.0,0.0,0.0,0.0,841.7965567805355,81.46418291424537,18413.0,25981.931567918502,36785.0,41.0,0,0,0,0,0,41.0,41.0,0.0,41.0,41.0,1,0,0,0,32,64,27.15472763808179,54.30945527616358,0.0,31.0,15.499999999999998,17.897858344878397,320.3333333333333,0,1,0,0,1,0,0,0,2.0,20.666666666666668,31.0,0.0,32,0,0,0,0,0,0,1,31,2,0,4205,468,0,32,0,0,0,0,0,0,0,0,BENIGN
172.217.12.206-10.42.0.151-443-48012-6,10.42.0.151,48012,172.217.12.206,443,6,21/07/2017 04:46:03,355200,10,10,1096.0,7335.0,737.0,0.0,109.6,234.09694098338358,1418.0,0.0,733.5,683.3780879653013,23735.92342342342,56.306306306306304,18694.736842105267,21995.881303457463,75414.0,6.0,299831.0,33314.555555555555,42771.75698434398,126380.0,80.0,318430.0,35381.1111111111,42571.84019232797,110002.0,6.0,0,0,0,0,340,328,28.153153153153152,28.153153153153152,0.0,1418.0,401.4761904761904,583.5992305553203,340588.06190476194,0,0,0,1,0,0,0,0,1.0,421.55,109.6,733.5,340,0,0,0,0,0,0,10,1096,10,7335,65535,352,3,32,0,0,0,0,0,0,0,0,BENIGN
172.217.6.202-10.42.0.151-443-39524-6,10.42.0.151,39524,172.217.6.202,443,6,21/07/2017 04:46:07,36724,1,1,0.0,0.0,0.0,0.0,0.0,0.0,0.0,0.0,0.0,0.0,0.0,54.460298442435466,36724.0,0.0,36724.0,36724.0,0,0,0,0,0,0,0,0,0,0,0,0,0,0,32,32,27.230149221217733,27.230149221217733,0.0,0.0,0.0,0.0,0.0,0,0,0,0,1,1,0,0,1.0,0.0,0.0,0.0,32,0,0,0,0,0,0,1,0,1,0,1546,340,0,32,0,0,0,0,0,0,0,0,BENIGN
208.80.154.224-10.42.0.151-80-59729-6,10.42.0.151,59729,208.80.154.224,80,6,21/07/2017 04:46:06,5061634,2,2,0.0,0.0,0.0,0.0,0.0,0.0,0.0,0.0,0.0,0.0,0.0,0.7902586397989266,1687211.3333333333,2894631.2931607254,5029610.0,3024.0,32024.0,32024.0,0.0,32024.0,32024.0,5032634.0,5032634.0,0.0,5032634.0,5032634.0,0,0,0,0,72,72,0.3951293198994633,0.3951293198994633,0.0,0.0,0.0,0.0,0.0,0,0,0,1,0,0,0,0,1.0,0.0,0.0,0.0,72,0,0,0,0,0,0,2,0,2,0,65535,57,0,32,0,0,0,0,0,0,0,0,BENIGN
208.80.154.224-10.42.0.151-80-59728-6,10.42.0.151,59728,208.80.154.224,80,6,21/07/2017 04:46:06,5822650,4,4,402.0,490.0,402.0,0.0,100.5,201.0,490.0,0.0,122.5,245.00000000000003,153.1948511416623,1.373944853288451,831807.1428571427,1857065.9161642976,4995474.0,12.0,827176.0,275725.3333333333,420197.0801663588,760925.0,31881.0,5793602.0,1931200.6666666667,2687834.640946562,5000919.0,12.0,0,0,0,0,136,136,0.6869724266442255,0.6869724266442255,0.0,490.0,99.11111111111111,197.8941917063538,39162.11111111112,0,0,0,1,0,0,0,0,1.0,111.5,100.5,122.5,136,0,0,0,0,0,0,4,402,4,490,65535,59,1,32,0,0,0,0,0,0,0,0,BENIGN
172.217.6.202-10.42.0.151-443-59146-6,10.42.0.151,59146,172.217.6.202,443,6,21/07/2017 04:46:12,36637,1,1,0.0,0.0,0.0,0.0,0.0,0.0,0.0,0.0,0.0,0.0,0.0,54.58962251276032,36637.0,0.0,36637.0,36637.0,0,0,0,0,0,0,0,0,0,0,0,0,0,0,32,32,27.29481125638016,27.29481125638016,0.0,0.0,0.0,0.0,0.0,0,0,0,0,1,1,0,0,1.0,0.0,0.0,0.0,32,0,0,0,0,0,0,1,0,1,0,1635,375,0,32,0,0,0,0,0,0,0,0,BENIGN
206.126.112.142-10.42.0.151-443-50995-6,10.42.0.151,50995,206.126.112.142,443,6,21/07/2017 04:46:03,9089389,2774,12232,1016.0,1.7630281E7,627.0,0.0,0.3662581110310017,12.927408100127073,1448.0,0.0,1441.324476782214,82.95877124454228,1939767.0184431537,1650.936053017425,605.7573475508111,6067.964714753389,499098.0,-2.0,9089389.0,3277.8178867652355,16871.94259281816,523321.0,2.0,8910395.0,728.5091161801985,7460.507516307323,528108.0,2.0,0,0,0,0,91512,391432,305.1910309922922,1345.7450220251328,0.0,1448.0,1174.871526620916,564.4569370348058,318611.6337667148,0,0,0,1,0,0,0,0,4.0,1174.9498200719713,0.36625811103100214,1441.3244767822107,91512,0,0,0,0,0,0,2774,1016,12232,17630281,65535,123,4,32,0,0,0,0,0,0,0,0,BENIGN
172.217.12.206-10.42.0.151-443-42118-6,10.42.0.151,42118,172.217.12.206,443,6,21/07/2017 04:46:15,96,2,0,23.0,0.0,23.0,0.0,11.5,16.263455967290593,0,0,0,0,239583.3333333333,20833.333333333332,96.0,0.0,96.0,96.0,96.0,96.0,0.0,96.0,96.0,0,0,0,0,0,1,0,0,0,64,0,20833.333333333332,0.0,0.0,23.0,15.333333333333332,13.279056191361393,176.33333333333334,0,1,0,0,1,0,0,0,0.0,23.0,11.5,0.0,64,0,0,0,0,0,0,2,23,0,0,1403,-1,0,32,0,0,0,0,0,0,0,0,BENIGN
172.217.6.202-10.42.0.151-443-37458-6,10.42.0.151,37458,172.217.6.202,443,6,21/07/2017 04:46:17,104,2,0,23.0,0.0,23.0,0.0,11.5,16.263455967290593,0,0,0,0,221153.84615384616,19230.76923076923,104.0,0.0,104.0,104.0,104.0,104.0,0.0,104.0,104.0,0,0,0,0,0,1,0,0,0,64,0,19230.76923076923,0.0,0.0,23.0,15.333333333333332,13.279056191361393,176.33333333333334,0,1,0,0,1,0,0,0,0.0,23.0,11.5,0.0,64,0,0,0,0,0,0,2,23,0,0,1546,-1,0,32,0,0,0,0,0,0,0,0,BENIGN
172.217.12.206-10.42.0.151-443-50317-6,10.42.0.151,50317,172.217.12.206,443,6,21/07/2017 04:46:18,36744,1,2,23.0,0.0,23.0,23.0,23.0,0.0,0.0,0.0,0.0,0.0,625.952536468539,81.64598301763553,18372.0,25643.934526511333,36505.0,239.0,0,0,0,0,0,239.0,239.0,0.0,239.0,239.0,1,0,0,0,32,64,27.21532767254518,54.43065534509036,0.0,23.0,11.5,13.279056191361393,176.33333333333334,0,1,0,0,1,0,0,0,2.0,15.333333333333334,23.0,0.0,32,0,0,0,0,0,0,1,23,2,0,1436,383,0,32,0,0,0,0,0,0,0,0,BENIGN
172.217.12.206-10.42.0.151-443-48526-6,10.42.0.151,48526,172.217.12.206,443,6,21/07/2017 04:46:24,36669,1,1,23.0,0.0,23.0,23.0,23.0,0.0,0.0,0.0,0.0,0.0,627.2328124573891,54.541983691946875,36669.0,0.0,36669.0,36669.0,0,0,0,0,0,0,0,0,0,0,1,0,0,0,32,32,27.270991845973438,27.270991845973438,0.0,23.0,15.333333333333332,13.279056191361393,176.33333333333334,0,1,0,0,1,0,0,0,1.0,23.0,23.0,0.0,32,0,0,0,0,0,0,1,23,1,0,1436,383,0,32,0,0,0,0,0,0,0,0,BENIGN
172.217.6.202-10.42.0.151-443-40534-6,172.217.6.202,443,10.42.0.151,40534,6,21/07/2017 04:45:58,57815836,35,35,46937.0,0.0,1418.0,0.0,1341.057142857143,279.4897601888487,0.0,0.0,0.0,0.0,811.8363972113108,1.2107409464770171,837910.6666666667,6955747.771358812,5.7779317E7,8.0,34469.0,1013.7941176470591,1070.394879823436,4482.0,13.0,5.778212E7,1699474.117647059,9909056.552276392,5.7779317E7,8.0,0,0,0,0,1120,1120,0.6053704732385086,0.6053704732385086,0.0,1418.0,661.084507042254,702.7676865991835,493882.42132796824,0,0,0,0,1,0,0,0,1.0,670.5285714285715,1341.057142857143,0.0,1120,0,0,0,0,0,0,35,46937,35,0,404,5712,34,32,0,0,0,0,0,0,0,0,BENIGN
208.80.154.224-10.42.0.151-80-59729-6,10.42.0.151,59729,208.80.154.224,80,6,21/07/2017 04:46:11,50493001,2,0,0.0,0.0,0.0,0.0,0.0,0.0,0,0,0,0,0.0,0.03960945003051017,5.0493001E7,0.0,5.0493001E7,5.0493001E7,5.0493001E7,5.0493001E7,0.0,5.0493001E7,5.0493001E7,0,0,0,0,0,0,0,0,0,64,0,0.03960945003051017,0.0,0.0,0.0,0.0,0.0,0.0,0,0,0,0,1,0,0,0,0.0,0.0,0.0,0.0,64,0,0,0,0,0,0,2,0,0,0,1369,-1,0,32,0,0,0,0,0,0,0,0,BENIGN
208.80.154.224-10.42.0.151-80-59728-6,10.42.0.151,59728,208.80.154.224,80,6,21/07/2017 04:46:12,49792938,2,0,0.0,0.0,0.0,0.0,0.0,0.0,0,0,0,0,0.0,0.040166338447432046,4.9792938E7,0.0,4.9792938E7,4.9792938E7,4.9792938E7,4.9792938E7,0.0,4.9792938E7,4.9792938E7,0,0,0,0,0,0,0,0,0,64,0,0.040166338447432046,0.0,0.0,0.0,0.0,0.0,0.0,0,0,0,0,1,0,0,0,0.0,0.0,0.0,0.0,64,0,0,0,0,0,0,2,0,0,0,1386,-1,0,32,0,0,0,0,0,0,0,0,BENIGN
10.42.0.151-31.13.80.5-37625-443-6,10.42.0.151,37625,31.13.80.5,443,6,21/07/2017 04:47:13,191059,6,7,1079.0,201.0,537.0,0.0,179.83333333333331,260.0041666332804,137.0,0.0,28.714285714285715,50.07898523237828,6699.50120119963,68.04180907468374,15921.583333333332,33417.26886576713,117419.0,14.0,50968.0,10193.6,13159.822901543926,24705.0,131.0,168517.0,28086.166666666664,45505.9004236447,117419.0,14.0,0,0,0,0,200,232,31.403911880623262,36.63789719406047,0.0,537.0,91.4285714285714,183.1017851804393,33526.26373626374,0,0,0,1,0,0,0,0,1.0,98.46153846153847,179.83333333333334,28.714285714285715,200,0,0,0,0,0,0,6,1079,7,201,65535,122,3,32,0,0,0,0,0,0,0,0,BENIGN
10.42.0.151-31.13.80.5-37625-443-6,10.42.0.151,37625,31.13.80.5,443,6,21/07/2017 04:47:13,16423,2,1,31.0,0.0,31.0,0.0,15.5,21.920310216782973,0.0,0.0,0.0,0.0,1887.596663216221,182.67064482737624,8211.5,11198.450093651352,16130.0,293.0,293.0,293.0,0.0,293.0,293.0,0,0,0,0,0,1,0,0,0,64,32,121.7804298849175,60.89021494245875,0.0,31.0,15.499999999999998,17.897858344878397,320.3333333333333,0,1,0,0,1,0,0,0,0.0,20.666666666666668,15.5,0.0,64,0,0,0,0,0,0,2,31,1,0,1369,122,0,32,0,0,0,0,0,0,0,0,BENIGN
172.217.10.35-10.42.0.151-443-56251-6,10.42.0.151,56251,172.217.10.35,443,6,21/07/2017 04:47:18,391401,6,10,829.0,5144.0,517.0,0.0,138.16666666666666,211.40994930860438,1418.0,0.0,514.4,663.7064612211235,15260.563974031747,40.878791827307545,26093.4,34338.09430979785,110397.0,11.0,353736.0,70747.2,65717.97048524856,147224.0,1112.0,354574.0,39397.11111111111,63282.23384063738,149459.0,11.0,0,0,0,0,200,328,15.329546935240328,25.549244892067215,0.0,1418.0,351.3529411764706,550.5684495565096,303125.6176470588,0,0,0,1,0,0,0,0,1.0,373.3125,138.16666666666666,514.4,200,0,0,0,0,0,0,6,829,10,5144,65535,349,3,32,0,0,0,0,0,0,0,0,BENIGN
172.217.10.35-10.42.0.151-443-59008-6,10.42.0.151,59008,172.217.10.35,443,6,21/07/2017 04:47:18,618874,103,203,829.0,279903.0,517.0,0.0,8.048543689320388,56.99490493925609,1418.0,0.0,1378.8325123152706,226.52253079444097,453617.3760733202,494.44636549604604,2029.0950819672123,9413.504770974861,110061.0,-1.0,613407.0,6013.794117647056,20910.362384621716,147121.0,8.0,582040.0,2881.386138613863,15789.895824503179,187595.0,7.0,0,0,0,0,3304,6504,166.4312929610874,328.0150725349586,0.0,1418.0,914.4364820846912,676.2325988999902,457290.52781503496,0,0,0,1,0,0,0,0,1.0,917.4248366013072,8.048543689320388,1378.8325123152708,3304,0,0,0,0,0,0,103,829,203,279903,65535,349,3,32,0,0,0,0,0,0,0,0,BENIGN
172.217.10.35-10.42.0.151-443-56251-6,10.42.0.151,56251,172.217.10.35,443,6,21/07/2017 04:47:19,189325,5,0,31.0,0.0,31.0,0.0,6.2,13.863621460498695,0,0,0,0,163.7396012148422,26.409613099168098,47331.25,73355.43361549072,155126.0,67.0,189325.0,47331.25,73355.43361549072,155126.0,67.0,0,0,0,0,0,0,0,0,0,160,0,26.409613099168098,0.0,0.0,31.0,5.166666666666667,12.655697004379753,160.16666666666669,0,0,0,0,1,0,0,0,0.0,6.2,6.2,0.0,160,0,0,0,0,0,0,5,31,0,0,1458,-1,1,32,0,0,0,0,0,0,0,0,BENIGN
172.217.10.35-10.42.0.151-443-59008-6,10.42.0.151,59008,172.217.10.35,443,6,21/07/2017 04:47:19,955052,3,0,31.0,0.0,31.0,0.0,10.333333333333332,17.8978583448784,0,0,0,0,32.45896558511997,3.141190217914836,477526.0,675152.6257447274,954931.0,121.0,955052.0,477526.0,675152.6257447274,954931.0,121.0,0,0,0,0,0,0,0,0,0,96,0,3.141190217914836,0.0,0.0,31.0,7.75,15.500000000000002,240.25000000000003,0,0,0,0,1,0,0,0,0.0,10.333333333333334,10.333333333333334,0.0,96,0,0,0,0,0,0,3,31,0,0,2851,-1,1,32,0,0,0,0,0,0,0,0,BENIGN
172.217.10.35-10.42.0.151-443-35015-6,10.42.0.151,35015,172.217.10.35,443,6,21/07/2017 04:47:20,247597,6,13,829.0,8751.0,517.0,0.0,138.16666666666666,211.40994930860438,1418.0,0.0,673.1538461538461,719.0284934263553,38691.90660629975,76.73760182877821,13755.388888888889,22222.155635202525,76656.0,10.0,210186.0,42037.2,46294.69176050317,118871.0,129.0,211070.0,17589.166666666668,32308.189158431174,80393.0,10.0,0,0,0,0,200,424,24.232926893298384,52.50467493547983,0.0,1418.0,478.99999999999994,642.5272470159492,412841.26315789466,0,0,0,1,0,0,0,0,2.0,504.2105263157895,138.16666666666666,673.1538461538462,200,0,0,0,0,0,0,6,829,13,8751,65535,349,3,32,0,0,0,0,0,0,0,0,BENIGN
172.217.10.35-10.42.0.151-443-35576-6,10.42.0.151,35576,172.217.10.35,443,6,21/07/2017 04:47:20,225358,6,9,829.0,4324.0,517.0,0.0,138.16666666666666,211.40994930860438,1418.0,0.0,480.44444444444446,686.7932933407094,22865.840129926604,66.56076110011625,16096.999999999996,23305.22464367824,76593.0,15.0,187580.0,37516.0,40974.86993267947,102971.0,2454.0,188635.0,23579.375,33936.32730333802,81197.0,15.0,0,0,0,0,200,296,26.624304440046505,39.93645666006976,0.0,1418.0,322.0625,549.5055315159864,301956.32916666666,0,0,0,1,0,0,0,0,1.0,343.53333333333336,138.16666666666666,480.44444444444446,200,0,0,0,0,0,0,6,829,9,4324,65535,349,3,32,0,0,0,0,0,0,0,0,BENIGN
172.217.10.35-10.42.0.151-443-35015-6,10.42.0.151,35015,172.217.10.35,443,6,21/07/2017 04:47:20,281175,6,0,31.0,0.0,31.0,0.0,5.166666666666667,12.655697004379753,0,0,0,0,110.2516226549302,21.339023739663908,56235.0,100711.23472334156,233768.0,13.0,281175.0,56235.0,100711.23472334156,233768.0,13.0,0,0,0,0,0,0,0,0,0,192,0,21.339023739663908,0.0,0.0,31.0,4.428571428571429,11.716898663286045,137.2857142857143,0,0,0,0,1,0,0,0,0.0,5.166666666666667,5.166666666666667,0.0,192,0,0,0,0,0,0,6,31,0,0,1458,-1,1,32,0,0,0,0,0,0,0,0,BENIGN
172.217.10.35-10.42.0.151-443-35576-6,10.42.0.151,35576,172.217.10.35,443,6,21/07/2017 04:47:20,281953,4,0,31.0,0.0,31.0,0.0,7.75,15.500000000000002,0,0,0,0,109.94740258128127,14.186761623391131,93984.33333333334,127449.16019469619,239607.0,2766.0,281953.0,93984.33333333334,127449.16019469619,239607.0,2766.0,0,0,0,0,0,0,0,0,0,128,0,14.186761623391131,0.0,0.0,31.0,6.2,13.863621460498695,192.2,0,0,0,0,1,0,0,0,0.0,7.75,7.75,0.0,128,0,0,0,0,0,0,4,31,0,0,1458,-1,1,32,0,0,0,0,0,0,0,0,BENIGN
172.217.10.35-10.42.0.151-443-57930-6,10.42.0.151,57930,172.217.10.35,443,6,21/07/2017 04:47:20,523354,102,203,829.0,279540.0,517.0,0.0,8.127450980392156,57.27070883503951,1418.0,0.0,1377.044334975369,235.43413239788893,535715.7870198757,582.7795335470829,1721.559210526314,10232.157032983694,146129.0,1.0,515479.0,5103.7524752475265,23303.411183947275,221657.0,2.0,487121.0,2411.490099009902,14401.639244466662,182385.0,2.0,0,0,0,0,3272,6504,194.89676203869658,387.8827715083863,0.0,1418.0,916.238562091504,676.5117850862234,457668.1953605485,0,0,0,1,0,0,0,0,1.0,919.2426229508196,8.127450980392156,1377.0443349753696,3272,0,0,0,0,0,0,102,829,203,279540,65535,349,3,32,0,0,0,0,0,0,0,0,BENIGN
172.217.10.35-10.42.0.151-443-56437-6,10.42.0.151,56437,172.217.10.35,443,6,21/07/2017 04:47:20,302314,46,53,829.0,67370.0,517.0,0.0,18.021739130434785,84.7310750106699,1418.0,0.0,1271.1320754716978,421.2132219843719,225589.9495226817,327.47408323795787,3084.836734693878,10418.442652972457,76019.0,5.0,301123.0,6691.622222222219,16285.459531419274,82922.0,5.0,265524.0,5106.2307692307695,14486.305337727015,79378.0,5.0,0,0,0,0,1480,1704,152.1596750398592,175.31440819809865,0.0,1418.0,681.9900000000001,701.2903906515488,491808.2120202019,0,0,0,1,0,0,0,0,1.0,688.8787878787879,18.02173913043478,1271.132075471698,1480,0,0,0,0,0,0,46,829,53,67370,65535,349,3,32,0,0,0,0,0,0,0,0,BENIGN
172.217.10.35-10.42.0.151-443-44817-6,10.42.0.151,44817,172.217.10.35,443,6,21/07/2017 04:47:20,366510,101,113,829.0,152810.0,517.0,0.0,8.207920792079207,57.55055461621256,1418.0,0.0,1352.3008849557516,289.83215231762523,419194.56495047885,583.8858421325475,1720.704225352114,7263.849822718693,76046.0,0.0,364740.0,3647.4,11263.84820493593,77829.0,2.0,329480.0,2941.785714285714,10486.572618687258,79189.0,2.0,0,0,0,0,3240,3624,275.5722899784453,308.3135521541022,0.0,1418.0,714.6000000000001,705.7870916158702,498135.41869158874,0,0,0,1,0,0,0,0,1.0,717.9392523364486,8.207920792079207,1352.3008849557523,3240,0,0,0,0,0,0,101,829,113,152810,65535,349,3,32,0,0,0,0,0,0,0,0,BENIGN
172.217.10.35-10.42.0.151-443-56437-6,10.42.0.151,56437,172.217.10.35,443,6,21/07/2017 04:47:20,507012,5,0,31.0,0.0,31.0,0.0,6.2,13.863621460498695,0,0,0,0,61.14253706026682,9.861699525849486,126753.0,231882.59512520555,473816.0,99.0,507012.0,126753.0,231882.59512520555,473816.0,99.0,0,0,0,0,0,0,0,0,0,160,0,9.861699525849486,0.0,0.0,31.0,5.166666666666667,12.655697004379753,160.16666666666669,0,0,0,0,1,0,0,0,0.0,6.2,6.2,0.0,160,0,0,0,0,0,0,5,31,0,0,3408,-1,1,32,0,0,0,0,0,0,0,0,BENIGN
172.217.10.35-10.42.0.151-443-45988-6,10.42.0.151,45988,172.217.10.35,443,6,21/07/2017 04:47:21,225697,6,10,829.0,4547.0,517.0,0.0,138.16666666666666,211.40994930860438,1418.0,0.0,454.7,667.2997077775473,23819.54567406744,70.89150498234358,15046.466666666667,22467.702072297558,76785.0,15.0,188204.0,37640.8,36991.73916160201,90876.0,953.0,188700.0,20966.666666666668,34005.15063927816,93146.0,15.0,0,0,0,0,200,328,26.584314368378845,44.307190613964735,0.0,1418.0,316.2352941176471,542.7390636175644,294565.6911764706,0,0,0,1,0,0,0,0,1.0,336.0,138.16666666666666,454.7,200,0,0,0,0,0,0,6,829,10,4547,65535,349,3,32,0,0,0,0,0,0,0,0,BENIGN
172.217.10.35-10.42.0.151-443-42074-6,10.42.0.151,42074,172.217.10.35,443,6,21/07/2017 04:47:21,669986,55,341,829.0,473762.0,517.0,0.0,15.072727272727276,77.64063811477007,1418.0,0.0,1389.33137829912,194.71364762473638,708359.5776628169,591.0571265668239,1696.1670886075963,8423.881609326527,119180.0,4.0,667493.0,12360.981481481482,27910.114546854133,156516.0,11.0,633164.0,1862.2470588235306,12301.566703018414,197266.0,4.0,0,0,0,0,1768,10920,82.09126757872554,508.96585898809826,0.0,1418.0,1195.4433249370272,512.703120563335,262864.4898353817,0,0,0,1,0,0,0,0,6.0,1198.4621212121212,15.072727272727272,1389.3313782991202,1768,0,0,0,0,0,0,55,829,341,473762,65535,349,3,32,0,0,0,0,0,0,0,0,BENIGN
172.217.10.35-10.42.0.151-443-45988-6,10.42.0.151,45988,172.217.10.35,443,6,21/07/2017 04:47:21,774914,5,0,31.0,0.0,31.0,0.0,6.2,13.863621460498695,0,0,0,0,40.004439202285674,6.452328903594464,193728.5,363309.8565068115,738078.0,50.0,774914.0,193728.5,363309.8565068115,738078.0,50.0,0,0,0,0,0,0,0,0,0,160,0,6.452328903594464,0.0,0.0,31.0,5.166666666666667,12.655697004379753,160.16666666666669,0,0,0,0,1,0,0,0,0.0,6.2,6.2,0.0,160,0,0,0,0,0,0,5,31,0,0,1458,-1,1,32,0,0,0,0,0,0,0,0,BENIGN
172.217.10.35-10.42.0.151-443-44817-6,10.42.0.151,44817,172.217.10.35,443,6,21/07/2017 04:47:21,1379714,3,0,31.0,0.0,31.0,0.0,10.333333333333332,17.8978583448784,0,0,0,0,22.46842461553626,2.174363672471251,689857.0,975497.6452672759,1379638.0,76.0,1379714.0,689857.0,975497.6452672759,1379638.0,76.0,0,0,0,0,0,0,0,0,0,96,0,2.174363672471251,0.0,0.0,31.0,7.75,15.500000000000002,240.25000000000003,0,0,0,0,1,0,0,0,0.0,10.333333333333334,10.333333333333334,0.0,96,0,0,0,0,0,0,3,31,0,0,4836,-1,1,32,0,0,0,0,0,0,0,0,BENIGN
172.217.10.35-10.42.0.151-443-57930-6,10.42.0.151,57930,172.217.10.35,443,6,21/07/2017 04:47:20,1723424,3,0,31.0,0.0,31.0,0.0,10.333333333333332,17.8978583448784,0,0,0,0,17.98744824256828,1.7407207976678982,861712.0,1218022.5432922004,1722984.0,440.0,1723424.0,861712.0,1218022.5432922004,1722984.0,440.0,0,0,0,0,0,0,0,0,0,96,0,1.7407207976678982,0.0,0.0,31.0,7.75,15.500000000000002,240.25000000000003,0,0,0,0,1,0,0,0,0.0,10.333333333333334,10.333333333333334,0.0,96,0,0,0,0,0,0,3,31,0,0,2856,-1,1,32,0,0,0,0,0,0,0,0,BENIGN
172.217.10.35-10.42.0.151-443-42074-6,10.42.0.151,42074,172.217.10.35,443,6,21/07/2017 04:47:21,1048909,3,0,31.0,0.0,31.0,0.0,10.333333333333332,17.8978583448784,0,0,0,0,29.554518075447916,2.8601146524627015,524454.5,741136.2950311501,1048517.0,392.0,1048909.0,524454.5,741136.2950311501,1048517.0,392.0,0,0,0,0,0,0,0,0,0,96,0,2.8601146524627015,0.0,0.0,31.0,7.75,15.500000000000002,240.25000000000003,0,0,0,0,1,0,0,0,0.0,10.333333333333334,10.333333333333334,0.0,96,0,0,0,0,0,0,3,31,0,0,3132,-1,1,32,0,0,0,0,0,0,0,0,BENIGN
172.217.10.35-10.42.0.151-443-58507-6,10.42.0.151,58507,172.217.10.35,443,6,21/07/2017 04:47:22,586576,61,287,829.0,398954.0,517.0,0.0,13.590163934426233,73.79529728674683,1418.0,0.0,1390.083623693379,192.32729963638639,681553.6264695453,593.2735059054581,1690.4207492795406,7128.132524363313,76565.0,4.0,584691.0,9744.850000000002,20520.071713973375,103853.0,11.0,549166.0,1920.160839160838,9816.434893389009,92072.0,4.0,0,0,0,0,1960,9192,103.99334442595674,489.2801614795014,0.0,1418.0,1145.510028653295,555.9011458441703,309026.0839508615,0,0,0,1,0,0,0,0,4.0,1148.801724137931,13.59016393442623,1390.0836236933799,1960,0,0,0,0,0,0,61,829,287,398954,65535,349,3,32,0,0,0,0,0,0,0,0,BENIGN
172.217.10.35-10.42.0.151-443-58507-6,10.42.0.151,58507,172.217.10.35,443,6,21/07/2017 04:47:23,219344,3,0,31.0,0.0,31.0,0.0,10.333333333333332,17.8978583448784,0,0,0,0,141.33051280180902,13.677146400175067,109672.0,154996.39222252884,219271.0,73.0,219344.0,109672.0,154996.39222252884,219271.0,73.0,0,0,0,0,0,0,0,0,0,96,0,13.677146400175067,0.0,0.0,31.0,7.75,15.500000000000002,240.25000000000003,0,0,0,0,1,0,0,0,0.0,10.333333333333334,10.333333333333334,0.0,96,0,0,0,0,0,0,3,31,0,0,1641,-1,1,32,0,0,0,0,0,0,0,0,BENIGN
10.42.0.151-31.13.80.5-37627-443-6,10.42.0.151,37627,31.13.80.5,443,6,21/07/2017 04:47:30,193912,6,7,1065.0,201.0,537.0,0.0,177.5,256.69495515105086,137.0,0.0,28.714285714285715,50.07898523237828,6528.734683774083,67.04071950162961,16159.333333333334,33600.356492517196,118399.0,15.0,53065.0,10613.0,12883.425553788093,24689.0,129.0,171370.0,28561.666666666668,45857.60619424728,118399.0,15.0,0,0,0,0,200,232,30.941870539213664,36.09884896241594,0.0,537.0,90.42857142857143,180.77513200561728,32679.648351648353,0,0,0,1,0,0,0,0,1.0,97.38461538461539,177.5,28.714285714285715,200,0,0,0,0,0,0,6,1065,7,201,65535,122,3,32,0,0,0,0,0,0,0,0,BENIGN
10.42.0.151-31.13.80.5-37629-443-6,10.42.0.151,37629,31.13.80.5,443,6,21/07/2017 04:47:34,194972,6,7,1080.0,201.0,537.0,0.0,180.0,260.24373191298963,137.0,0.0,28.714285714285715,50.07898523237828,6570.174178856451,66.67624069097101,16247.666666666666,33526.977247186085,118285.0,14.0,54145.0,10829.0,12598.505685199336,24569.0,144.0,172417.0,28736.166666666664,45816.47550572465,118285.0,14.0,0,0,0,0,200,232,30.77364954967893,35.902591141292085,0.0,537.0,91.50000000000001,183.26976753493113,33587.807692307695,0,0,0,1,0,0,0,0,1.0,98.53846153846153,180.0,28.714285714285715,200,0,0,0,0,0,0,6,1080,7,201,65535,122,3,32,0,0,0,0,0,0,0,0,BENIGN
172.217.10.10-10.42.0.151-443-35355-6,172.217.10.10,443,10.42.0.151,35355,6,21/07/2017 04:47:49,151,2,0,55.0,0.0,55.0,0.0,27.5,38.890872965260115,0,0,0,0,364238.41059602646,13245.03311258278,151.0,0.0,151.0,151.0,151.0,151.0,0.0,151.0,151.0,0,0,0,0,0,1,0,0,0,64,0,13245.03311258278,0.0,0.0,55.0,36.66666666666667,31.754264805429415,1008.3333333333333,0,1,0,0,1,0,0,0,0.0,55.0,27.5,0.0,64,0,0,0,0,0,0,2,55,0,0,349,-1,0,32,0,0,0,0,0,0,0,0,BENIGN
172.217.9.237-10.42.0.151-443-39560-6,172.217.9.237,443,10.42.0.151,39560,6,21/07/2017 04:47:49,40,2,0,55.0,0.0,55.0,0.0,27.5,38.890872965260115,0,0,0,0,1375000.0,49999.99999999999,40.0,0.0,40.0,40.0,40.0,40.0,0.0,40.0,40.0,0,0,0,0,0,1,0,0,0,64,0,49999.99999999999,0.0,0.0,55.0,36.66666666666667,31.754264805429415,1008.3333333333333,0,1,0,0,1,0,0,0,0.0,55.0,27.5,0.0,64,0,0,0,0,0,0,2,55,0,0,370,-1,0,32,0,0,0,0,0,0,0,0,BENIGN
172.217.10.10-10.42.0.151-443-35355-6,10.42.0.151,35355,172.217.10.10,443,6,21/07/2017 04:47:49,776,2,0,0.0,0.0,0.0,0.0,0.0,0.0,0,0,0,0,0.0,2577.319587628866,776.0,0.0,776.0,776.0,776.0,776.0,0.0,776.0,776.0,0,0,0,0,0,0,0,0,0,64,0,2577.319587628866,0.0,0.0,0.0,0.0,0.0,0.0,0,0,0,0,1,0,0,0,0.0,0.0,0.0,0.0,64,0,0,0,0,0,0,2,0,0,0,1635,-1,0,32,0,0,0,0,0,0,0,0,BENIGN
172.217.9.237-10.42.0.151-443-39560-6,10.42.0.151,39560,172.217.9.237,443,6,21/07/2017 04:47:49,1749,2,0,0.0,0.0,0.0,0.0,0.0,0.0,0,0,0,0,0.0,1143.5105774728418,1749.0,0.0,1749.0,1749.0,1749.0,1749.0,0.0,1749.0,1749.0,0,0,0,0,0,0,0,0,0,64,0,1143.5105774728418,0.0,0.0,0.0,0.0,0.0,0.0,0,0,0,0,1,0,0,0,0.0,0.0,0.0,0.0,64,0,0,0,0,0,0,2,0,0,0,1635,-1,0,32,0,0,0,0,0,0,0,0,BENIGN
172.217.10.35-10.42.0.151-443-41164-6,172.217.10.35,443,10.42.0.151,41164,6,21/07/2017 04:47:50,43,2,0,55.0,0.0,55.0,0.0,27.5,38.890872965260115,0,0,0,0,1279069.7674418604,46511.62790697674,43.0,0.0,43.0,43.0,43.0,43.0,0.0,43.0,43.0,0,0,0,0,0,1,0,0,0,64,0,46511.62790697674,0.0,0.0,55.0,36.66666666666667,31.754264805429415,1008.3333333333333,0,1,0,0,1,0,0,0,0.0,55.0,27.5,0.0,64,0,0,0,0,0,0,2,55,0,0,349,-1,0,32,0,0,0,0,0,0,0,0,BENIGN
172.217.10.35-10.42.0.151-443-41164-6,10.42.0.151,41164,172.217.10.35,443,6,21/07/2017 04:47:51,419,2,0,0.0,0.0,0.0,0.0,0.0,0.0,0,0,0,0,0.0,4773.26968973747,419.0,0.0,419.0,419.0,419.0,419.0,0.0,419.0,419.0,0,0,0,0,0,0,0,0,0,64,0,4773.26968973747,0.0,0.0,0.0,0.0,0.0,0.0,0,0,0,0,1,0,0,0,0.0,0.0,0.0,0.0,64,0,0,0,0,0,0,2,0,0,0,3186,-1,0,32,0,0,0,0,0,0,0,0,BENIGN
172.217.10.3-10.42.0.151-443-53480-6,172.217.10.3,443,10.42.0.151,53480,6,21/07/2017 04:47:51,46,2,0,55.0,0.0,55.0,0.0,27.5,38.890872965260115,0,0,0,0,1195652.1739130435,43478.260869565216,46.0,0.0,46.0,46.0,46.0,46.0,0.0,46.0,46.0,0,0,0,0,0,1,0,0,0,64,0,43478.260869565216,0.0,0.0,55.0,36.66666666666667,31.754264805429415,1008.3333333333333,0,1,0,0,1,0,0,0,0.0,55.0,27.5,0.0,64,0,0,0,0,0,0,2,55,0,0,361,-1,0,32,0,0,0,0,0,0,0,0,BENIGN
172.217.10.3-10.42.0.151-443-53480-6,172.217.10.3,443,10.42.0.151,53480,6,21/07/2017 04:47:51,8151,1,2,0.0,0.0,0.0,0.0,0.0,0.0,0.0,0.0,0.0,0.0,0.0,368.052999631947,4075.5,5091.875931324329,7676.0,475.0,0,0,0,0,0,475.0,475.0,0.0,475.0,475.0,0,0,0,0,32,76,122.684333210649,245.368666421298,0.0,0.0,0.0,0.0,0.0,0,0,0,0,1,1,0,0,2.0,0.0,0.0,0.0,32,0,0,0,0,0,0,1,0,2,0,361,1591,0,32,0,0,0,0,0,0,0,0,BENIGN
172.217.6.225-10.42.0.151-443-47936-6,172.217.6.225,443,10.42.0.151,47936,6,21/07/2017 04:47:55,45,2,0,55.0,0.0,55.0,0.0,27.5,38.890872965260115,0,0,0,0,1222222.2222222222,44444.444444444445,45.0,0.0,45.0,45.0,45.0,45.0,0.0,45.0,45.0,0,0,0,0,0,1,0,0,0,64,0,44444.444444444445,0.0,0.0,55.0,36.66666666666667,31.754264805429415,1008.3333333333333,0,1,0,0,1,0,0,0,0.0,55.0,27.5,0.0,64,0,0,0,0,0,0,2,55,0,0,179,-1,0,32,0,0,0,0,0,0,0,0,BENIGN
172.217.6.225-10.42.0.151-443-47936-6,172.217.6.225,443,10.42.0.151,47936,6,21/07/2017 04:47:55,12997,1,2,0.0,0.0,0.0,0.0,0.0,0.0,0.0,0.0,0.0,0.0,0.0,230.82249749942295,6498.5,8906.009909044566,12796.0,201.0,0,0,0,0,0,201.0,201.0,0.0,201.0,201.0,0,0,0,0,32,76,76.94083249980766,153.8816649996153,0.0,0.0,0.0,0.0,0.0,0,0,0,0,1,1,0,0,2.0,0.0,0.0,0.0,32,0,0,0,0,0,0,1,0,2,0,179,1679,0,32,0,0,0,0,0,0,0,0,BENIGN
172.217.6.225-10.42.0.151-443-47936-6,172.217.6.225,443,10.42.0.151,47936,6,21/07/2017 04:47:55,217980,1,1,0.0,0.0,0.0,0.0,0.0,0.0,0.0,0.0,0.0,0.0,0.0,9.175153683824204,217980.0,0.0,217980.0,217980.0,0,0,0,0,0,0,0,0,0,0,0,0,0,0,32,32,4.587576841912102,4.587576841912102,0.0,0.0,0.0,0.0,0.0,0,0,0,0,1,0,0,0,1.0,0.0,0.0,0.0,32,0,0,0,0,0,0,1,0,1,0,179,1679,0,32,0,0,0,0,0,0,0,0,BENIGN
172.217.10.228-10.42.0.151-443-57805-6,172.217.10.228,443,10.42.0.151,57805,6,21/07/2017 04:47:56,48,2,0,55.0,0.0,55.0,0.0,27.5,38.890872965260115,0,0,0,0,1145833.3333333333,41666.666666666664,48.0,0.0,48.0,48.0,48.0,48.0,0.0,48.0,48.0,0,0,0,0,0,1,0,0,0,64,0,41666.666666666664,0.0,0.0,55.0,36.66666666666667,31.754264805429415,1008.3333333333333,0,1,0,0,1,0,0,0,0.0,55.0,27.5,0.0,64,0,0,0,0,0,0,2,55,0,0,368,-1,0,32,0,0,0,0,0,0,0,0,BENIGN
172.217.10.228-10.42.0.151-443-57805-6,10.42.0.151,57805,172.217.10.228,443,6,21/07/2017 04:47:56,677,2,0,0.0,0.0,0.0,0.0,0.0,0.0,0,0,0,0,0.0,2954.2097488921713,677.0,0.0,677.0,677.0,677.0,677.0,0.0,677.0,677.0,0,0,0,0,0,0,0,0,0,64,0,2954.2097488921713,0.0,0.0,0.0,0.0,0.0,0.0,0,0,0,0,1,0,0,0,0.0,0.0,0.0,0.0,64,0,0,0,0,0,0,2,0,0,0,1635,-1,0,32,0,0,0,0,0,0,0,0,BENIGN
172.217.10.34-10.42.0.151-443-46158-6,172.217.10.34,443,10.42.0.151,46158,6,21/07/2017 04:47:56,42,2,0,55.0,0.0,55.0,0.0,27.5,38.890872965260115,0,0,0,0,1309523.8095238097,47619.04761904762,42.0,0.0,42.0,42.0,42.0,42.0,0.0,42.0,42.0,0,0,0,0,0,1,0,0,0,64,0,47619.04761904762,0.0,0.0,55.0,36.66666666666667,31.754264805429415,1008.3333333333333,0,1,0,0,1,0,0,0,0.0,55.0,27.5,0.0,64,0,0,0,0,0,0,2,55,0,0,357,-1,0,32,0,0,0,0,0,0,0,0,BENIGN
172.217.10.34-10.42.0.151-443-46158-6,10.42.0.151,46158,172.217.10.34,443,6,21/07/2017 04:47:56,96969,2,0,0.0,0.0,0.0,0.0,0.0,0.0,0,0,0,0,0.0,20.625148243252998,96969.0,0.0,96969.0,96969.0,96969.0,96969.0,0.0,96969.0,96969.0,0,0,0,0,0,0,0,0,0,64,0,20.625148243252998,0.0,0.0,0.0,0.0,0.0,0.0,0,0,0,0,1,0,0,0,0.0,0.0,0.0,0.0,64,0,0,0,0,0,0,2,0,0,0,1591,-1,0,32,0,0,0,0,0,0,0,0,BENIGN
157.240.18.19-10.42.0.151-443-41906-6,10.42.0.151,41906,157.240.18.19,443,6,21/07/2017 04:47:03,60073434,2,2,0.0,0.0,0.0,0.0,0.0,0.0,0.0,0.0,0.0,0.0,0.0,0.0665851730733422,2.0024478E7,3.46514063012963E7,6.0036471E7,2026.0,36963.0,36963.0,0.0,36963.0,36963.0,6.0038497E7,6.0038497E7,0.0,6.0038497E7,6.0038497E7,0,0,0,0,72,72,0.0332925865366711,0.0332925865366711,0.0,0.0,0.0,0.0,0.0,0,0,0,1,0,0,0,0,1.0,0.0,0.0,0.0,72,0,0,0,0,0,0,2,0,2,0,65535,110,0,32,0,0,0,0,0,0,0,0,BENIGN
157.240.2.35-10.42.0.151-443-52051-6,10.42.0.151,52051,157.240.2.35,443,6,21/07/2017 04:47:02,65451157,15,14,786.0,4242.0,307.0,0.0,52.400000000000006,90.62781030125355,1398.0,0.0,302.99999999999994,501.37042961497804,76.82064352200834,0.4430784928675898,2337541.3214285714,1.2255840442184046E7,6.4872877E7,4.0,578258.0,41304.142857142855,66914.50679194153,204576.0,37.0,6.5415804E7,5031984.923076923,1.801409640721782E7,6.4986113E7,4.0,0,0,0,0,488,456,0.22917853079358094,0.21389996207400888,0.0,1398.0,167.6,365.1474525023631,133332.6620689655,0,0,0,1,0,0,0,0,0.0,173.3793103448276,52.4,303.0,488,0,0,0,0,0,0,15,786,14,4242,65535,118,7,32,578258.0,0.0,578258.0,578258.0,6.4872877E7,0.0,6.4872877E7,6.4872877E7,BENIGN
157.240.2.35-10.42.0.151-443-52051-6,10.42.0.151,52051,157.240.2.35,443,6,21/07/2017 04:48:07,716,3,0,0.0,0.0,0.0,0.0,0.0,0.0,0,0,0,0,0.0,4189.944134078212,358.0,304.05591591021545,573.0,143.0,716.0,358.0,304.05591591021545,573.0,143.0,0,0,0,0,0,0,0,0,0,96,0,4189.944134078212,0.0,0.0,0.0,0.0,0.0,0.0,0,0,0,0,1,0,0,0,0.0,0.0,0.0,0.0,96,0,0,0,0,0,0,3,0,0,0,1544,-1,0,32,0,0,0,0,0,0,0,0,BENIGN
157.240.2.35-10.42.0.151-443-52051-6,157.240.2.35,443,10.42.0.151,52051,6,21/07/2017 04:48:07,350075,1,1,0.0,0.0,0.0,0.0,0.0,0.0,0.0,0.0,0.0,0.0,0.0,5.713061486824252,350075.0,0.0,350075.0,350075.0,0,0,0,0,0,0,0,0,0,0,0,0,0,0,32,32,2.856530743412126,2.856530743412126,0.0,0.0,0.0,0.0,0.0,0,0,0,0,1,0,0,0,1.0,0.0,0.0,0.0,32,0,0,0,0,0,0,1,0,1,0,118,1544,0,32,0,0,0,0,0,0,0,0,BENIGN
10.42.0.151-31.13.80.37-57067-443-6,10.42.0.151,57067,31.13.80.37,443,6,21/07/2017 04:47:03,65103131,9,11,320.0,3946.0,202.0,0.0,35.55555555555556,73.61234799799404,1398.0,0.0,358.72727272727275,552.1458305391957,65.52680238988812,0.30720488696618903,3426480.5789473685,1.489757906792545E7,6.4945764E7,9.0,157315.0,19664.375,21867.720371997104,64053.0,9.0,6.5080668E7,6508066.8,2.0533604443257976E7,6.4947696E7,13.0,0,0,0,0,308,360,0.13824219913478508,0.16896268783140397,0.0,1398.0,203.14285714285717,427.3352648347999,182615.42857142858,0,0,0,1,0,0,0,0,1.0,213.3,35.55555555555556,358.72727272727275,308,0,0,0,0,0,0,9,320,11,3946,65535,114,2,32,157315.0,0.0,157315.0,157315.0,6.4945764E7,0.0,6.4945764E7,6.4945764E7,BENIGN
8.0.6.4-8.6.0.1-0-0-0,8.6.0.1,0,8.0.6.4,0,0,21/07/2017 04:45:58,85607320,3,0,0.0,0.0,0.0,0.0,0.0,0.0,0,0,0,0,0.0,0.03504373224158869,4.280366E7,406579.32811445295,4.3091155E7,4.2516165E7,8.560732E7,4.280366E7,406579.32811445295,4.3091155E7,4.2516165E7,0,0,0,0,0,0,0,0,0,0,0,0.03504373224158869,0.0,0.0,0.0,0.0,0.0,0.0,0,0,0,0,0,0,0,0,0.0,0.0,0.0,0.0,0,0,0,0,0,0,0,3,0,0,0,-1,-1,0,0,0,0,0,0,4.280366E7,406579.32811445295,4.3091155E7,4.2516165E7,BENIGN
157.240.18.19-10.42.0.151-443-41905-6,10.42.0.151,41905,157.240.18.19,443,6,21/07/2017 04:47:03,66273398,110,102,1146.0,110028.0,280.0,0.0,10.418181818181813,38.08955690589928,1398.0,0.0,1078.705882352941,551.6233215482702,1677.5056561910405,3.1988702314614983,314091.9336492891,4463600.910516726,6.4839562E7,2.0,1433729.0,13153.477064220186,76352.33992904653,777268.0,8.0,6.623799E7,655821.6831683168,6457172.5348404525,6.4901693E7,2.0,0,0,0,0,3528,3272,1.6597911578337963,1.539079073627702,0.0,1398.0,521.9436619718306,657.1970258402871,431907.93077331904,0,0,0,1,0,0,0,0,0.0,524.4056603773585,10.418181818181818,1078.7058823529412,3528,0,0,0,0,0,0,110,1146,102,110028,65535,118,12,32,1433729.0,0.0,1433729.0,1433729.0,6.4839562E7,0.0,6.4839562E7,6.4839562E7,BENIGN
157.240.18.19-10.42.0.151-443-41905-6,10.42.0.151,41905,157.240.18.19,443,6,21/07/2017 04:48:10,578,3,0,0.0,0.0,0.0,0.0,0.0,0.0,0,0,0,0,0.0,5190.311418685122,289.0,192.33304448274092,425.0,153.0,578.0,289.0,192.33304448274092,425.0,153.0,0,0,0,0,0,0,0,0,0,96,0,5190.311418685122,0.0,0.0,0.0,0.0,0.0,0.0,0,0,0,0,1,0,0,0,0.0,0.0,0.0,0.0,96,0,0,0,0,0,0,3,0,0,0,4733,-1,0,32,0,0,0,0,0,0,0,0,BENIGN
157.240.18.19-10.42.0.151-443-41901-6,10.42.0.151,41901,157.240.18.19,443,6,21/07/2017 04:47:03,67109984,61,53,1469.0,44584.0,265.0,0.0,24.081967213114748,54.47822044388234,1398.0,0.0,841.2075471698113,633.9407385094798,686.2317237327907,1.6987040259166208,593893.6637168141,6100089.480122161,6.4854794E7,2.0,2255156.0,37585.93333333332,148541.6979698232,977545.0,8.0,6.7074753E7,1289899.0961538465,8997034.64314362,6.4909957E7,2.0,0,0,0,0,1984,1704,0.9089556629904725,0.7897483629261483,0.0,1398.0,400.4608695652174,593.6301241788277,352396.7243325704,0,0,0,1,0,0,0,0,0.0,403.9736842105263,24.081967213114755,841.2075471698113,1984,0,0,0,0,0,0,61,1469,53,44584,65535,122,14,32,2255156.0,0.0,2255156.0,2255156.0,6.4854794E7,0.0,6.4854794E7,6.4854794E7,BENIGN
157.240.18.19-10.42.0.151-443-41901-6,10.42.0.151,41901,157.240.18.19,443,6,21/07/2017 04:48:10,335,3,0,0.0,0.0,0.0,0.0,0.0,0.0,0,0,0,0,0.0,8955.223880597016,167.5,89.80256121069154,231.0,104.0,335.0,167.5,89.80256121069154,231.0,104.0,0,0,0,0,0,0,0,0,0,96,0,8955.223880597016,0.0,0.0,0.0,0.0,0.0,0.0,0,0,0,0,1,0,0,0,0.0,0.0,0.0,0.0,96,0,0,0,0,0,0,3,0,0,0,2724,-1,0,32,0,0,0,0,0,0,0,0,BENIGN
157.240.18.19-10.42.0.151-443-41901-6,157.240.18.19,443,10.42.0.151,41901,6,21/07/2017 04:48:10,246675,1,1,0.0,0.0,0.0,0.0,0.0,0.0,0.0,0.0,0.0,0.0,0.0,8.107834194790716,246675.0,0.0,246675.0,246675.0,0,0,0,0,0,0,0,0,0,0,0,0,0,0,32,32,4.053917097395358,4.053917097395358,0.0,0.0,0.0,0.0,0.0,0,0,0,0,1,0,0,0,1.0,0.0,0.0,0.0,32,0,0,0,0,0,0,1,0,1,0,122,2724,0,32,0,0,0,0,0,0,0,0,BENIGN
172.217.6.202-10.42.0.151-443-37773-6,172.217.6.202,443,10.42.0.151,37773,6,21/07/2017 04:48:17,45,2,0,55.0,0.0,55.0,0.0,27.5,38.890872965260115,0,0,0,0,1222222.2222222222,44444.444444444445,45.0,0.0,45.0,45.0,45.0,45.0,0.0,45.0,45.0,0,0,0,0,0,1,0,0,0,64,0,44444.444444444445,0.0,0.0,55.0,36.66666666666667,31.754264805429415,1008.3333333333333,0,1,0,0,1,0,0,0,0.0,55.0,27.5,0.0,64,0,0,0,0,0,0,2,55,0,0,353,-1,0,32,0,0,0,0,0,0,0,0,BENIGN
172.217.6.202-10.42.0.151-443-37773-6,10.42.0.151,37773,172.217.6.202,443,6,21/07/2017 04:48:17,30673,4,0,61.0,0.0,38.0,0.0,15.25,18.64358692240668,0,0,0,0,1988.7197209272,130.40785055260326,10224.333333333332,9429.6458222636,19112.0,333.0,30673.0,10224.333333333332,9429.6458222636,19112.0,333.0,0,0,0,0,0,0,0,0,0,128,0,130.40785055260326,0.0,0.0,38.0,12.2,17.527121840165314,307.2,0,0,0,0,1,0,0,0,0.0,15.25,15.25,0.0,128,0,0,0,0,0,0,4,61,0,0,1546,-1,2,32,0,0,0,0,0,0,0,0,BENIGN
172.217.6.238-10.42.0.151-443-51478-6,172.217.6.238,443,10.42.0.151,51478,6,21/07/2017 04:48:09,12448318,1,2,0.0,0.0,0.0,0.0,0.0,0.0,0.0,0.0,0.0,0.0,0.0,0.24099641413402195,6224159.0,8596605.437441455,1.2302877E7,145441.0,0,0,0,0,0,1.2302877E7,1.2302877E7,0.0,1.2302877E7,1.2302877E7,0,0,0,0,32,64,0.08033213804467398,0.16066427608934797,0.0,0.0,0.0,0.0,0.0,0,0,0,0,1,1,0,0,2.0,0.0,0.0,0.0,32,0,0,0,0,0,0,1,0,2,0,181,1546,0,32,0,0,0,0,0,0,0,0,BENIGN
172.217.6.202-10.42.0.151-443-32857-6,10.42.0.151,32857,172.217.6.202,443,6,21/07/2017 04:48:21,36546,1,1,0.0,0.0,0.0,0.0,0.0,0.0,0.0,0.0,0.0,0.0,0.0,54.725551359929945,36546.0,0.0,36546.0,36546.0,0,0,0,0,0,0,0,0,0,0,0,0,0,0,32,32,27.362775679964972,27.362775679964972,0.0,0.0,0.0,0.0,0.0,0,0,0,0,1,1,0,0,1.0,0.0,0.0,0.0,32,0,0,0,0,0,0,1,0,1,0,1591,380,0,32,0,0,0,0,0,0,0,0,BENIGN
172.217.12.206-10.42.0.151-443-46719-6,10.42.0.151,46719,172.217.12.206,443,6,21/07/2017 04:45:58,1146405,12,9,2196.0,1557.0,1368.0,0.0,183.0,409.73051010278806,407.0,0.0,173.0,195.1582691048473,3273.7121697829302,18.318133643869317,57320.24999999999,148705.63657277136,611328.0,10.0,1146405.0,104218.63636363635,194165.3195167833,611328.0,10.0,495713.0,61964.125,137385.5515562343,398174.0,16.0,0,0,0,0,384,288,10.467504939353894,7.850628704515421,0.0,1368.0,170.59090909090907,322.3695984559617,103922.15800865799,0,0,0,0,1,0,0,0,0.0,178.71428571428572,183.0,173.0,384,0,0,0,0,0,0,12,2196,9,1557,1453,511,3,32,0,0,0,0,0,0,0,0,BENIGN
173.194.68.188-10.42.0.151-5228-60263-6,10.42.0.151,60263,173.194.68.188,5228,6,21/07/2017 04:46:12,58769359,5,4,2078.0,697.0,1040.0,0.0,415.6,569.0841765503588,338.0,0.0,174.25,160.2422645038859,47.21848335967047,0.15314102711244476,7346169.874999999,2.0698164819379047E7,5.8571469E7,41.0,5.8769359E7,1.469233975E7,2.92527983102957E7,5.8571469E7,94.0,5.8663608E7,1.9554536E7,3.385211091208599E7,5.8643585E7,41.0,1,0,0,0,160,128,0.08507834839580265,0.06806267871664212,0.0,1040.0,381.3,469.1690171640351,220119.56666666668,0,1,0,0,1,0,0,0,0.0,423.6666666666667,415.6,174.25,160,0,0,0,0,0,0,5,2078,4,697,1546,200,1,32,71846.0,0.0,71846.0,71846.0,5.8571469E7,0.0,5.8571469E7,5.8571469E7,BENIGN
172.217.12.206-10.42.0.151-443-48526-6,10.42.0.151,48526,172.217.12.206,443,6,21/07/2017 04:46:24,117044331,2,0,0.0,0.0,0.0,0.0,0.0,0.0,0,0,0,0,0.0,0.017087542667914433,1.17044331E8,0.0,1.17044331E8,1.17044331E8,1.17044331E8,1.17044331E8,0.0,1.17044331E8,1.17044331E8,0,0,0,0,0,0,0,0,0,64,0,0.017087542667914433,0.0,0.0,0.0,0.0,0.0,0.0,0,0,0,0,1,0,0,0,0.0,0.0,0.0,0.0,64,0,0,0,0,0,0,2,0,0,0,1436,-1,0,32,0,0,0,0,0,0,0,0,BENIGN
172.217.6.202-10.42.0.151-443-59791-6,10.42.0.151,59791,172.217.6.202,443,6,21/07/2017 04:46:17,7052185,91,78,96000.0,8418.0,1368.0,0.0,1054.945054945055,541.2899892876761,1418.0,0.0,107.92307692307692,296.5073648033339,14806.474872681305,23.96420400202207,41977.291666666664,230735.131915528,2276762.0,5.0,7052185.0,78357.61111111105,313427.65151340206,2276762.0,5.0,6965553.0,90461.72727272726,355927.61970110686,2384027.0,5.0,0,0,0,0,2932,2504,12.90380215493496,11.060401847087109,0.0,1418.0,614.2235294117645,649.0153922094203,421220.9793247476,0,0,0,1,0,0,0,0,0.0,617.8579881656805,1054.9450549450548,107.92307692307692,2932,0,0,0,0,0,0,91,96000,78,8418,65535,1622,79,32,0,0,0,0,0,0,0,0,BENIGN
172.217.12.206-10.42.0.151-443-59117-6,10.42.0.151,59117,172.217.12.206,443,6,21/07/2017 04:45:59,536280,14,11,9192.0,891.0,1368.0,0.0,656.5714285714284,666.7319510159195,428.0,0.0,81.0,135.21168588550324,18801.74535690311,46.61743865145073,22345.000000000004,27558.482888766477,98235.0,10.0,536280.0,41252.307692307695,52604.64979825867,146916.0,10.0,432969.0,43296.9,48924.5748620602,136644.0,607.0,0,0,0,0,468,360,26.10576564481241,20.511673006638325,0.0,1368.0,387.8076923076923,571.2737360832034,326353.68153846153,0,0,0,1,0,0,0,0,0.0,403.32,656.5714285714286,81.0,468,0,0,0,0,0,0,14,9192,11,891,65535,490,9,32,0,0,0,0,0,0,0,0,BENIGN
172.217.6.202-10.42.0.151-443-60927-6,10.42.0.151,60927,172.217.6.202,443,6,21/07/2017 04:46:24,117605907,20,14,14622.0,1416.0,1368.0,0.0,731.1,663.3029711820589,625.0,0.0,101.14285714285715,216.00707151631622,136.37070117574962,0.2891011248270038,3563815.3636363638,2.0350020975299858E7,1.16923162E8,5.0,1.17605907E8,6189784.578947369,2.68153595526051E7,1.16923162E8,5.0,625482.0,48114.0,68604.44316514784,213021.0,42.0,0,0,0,0,648,456,0.17005948519235517,0.11904163963464862,0.0,1368.0,458.22857142857146,605.1326099544233,366185.47563025216,0,0,0,1,0,0,0,0,0.0,471.70588235294116,731.1,101.14285714285714,648,0,0,0,0,0,0,20,14622,14,1416,65535,597,14,32,0,0,0,0,0,0,0,0,BENIGN
172.217.12.206-10.42.0.151-443-44029-6,10.42.0.151,44029,172.217.12.206,443,6,21/07/2017 04:46:17,3032054,12,15,2021.0,7446.0,902.0,0.0,168.41666666666669,337.33028280450856,1418.0,0.0,496.4,567.6541703738792,3122.305869222646,8.90485459691681,116617.46153846153,500874.0665318764,2569708.0,5.0,3032054.0,275641.2727272727,762126.3664793511,2569708.0,69.0,2973075.0,212362.5,708136.8390495148,2669452.0,5.0,0,0,0,0,404,488,3.9577131541852486,4.947141442731561,0.0,1418.0,338.1071428571429,494.3626903162491,244394.4695767196,0,0,0,1,0,0,0,0,1.0,350.6296296296296,168.41666666666666,496.4,404,0,0,0,0,0,0,12,2021,15,7446,65535,383,4,32,0,0,0,0,0,0,0,0,BENIGN
172.217.6.202-10.42.0.151-443-48977-6,10.42.0.151,48977,172.217.6.202,443,6,21/07/2017 04:46:55,86097947,15,15,1191.0,4059.0,772.0,0.0,79.4,198.27715090607032,1418.0,0.0,270.6,508.43117247357793,60.97706371558429,0.3484403640890531,2968894.7241379307,1.5893777704575885E7,8.5608013E7,9.0,8.6097947E7,6149853.357142857,2.28916679355202E7,8.5684445E7,11.0,453079.0,32362.78571428571,40629.580113278535,106880.0,9.0,0,0,0,0,500,488,0.17422018204452655,0.17422018204452655,0.0,1418.0,169.3548387096774,386.14518412872434,149108.1032258064,0,0,0,1,0,0,0,0,1.0,175.0,79.4,270.6,500,0,0,0,0,0,0,15,1191,15,4059,65535,352,7,32,0,0,0,0,0,0,0,0,BENIGN
172.217.12.206-10.42.0.151-443-46719-6,10.42.0.151,46719,172.217.12.206,443,6,21/07/2017 04:48:21,36822,1,1,0.0,0.0,0.0,0.0,0.0,0.0,0.0,0.0,0.0,0.0,0.0,54.3153549508446,36822.0,0.0,36822.0,36822.0,0,0,0,0,0,0,0,0,0,0,0,0,0,0,32,32,27.1576774754223,27.1576774754223,0.0,0.0,0.0,0.0,0.0,0,0,0,0,1,1,0,0,1.0,0.0,0.0,0.0,32,0,0,0,0,0,0,1,0,1,0,1520,511,0,32,0,0,0,0,0,0,0,0,BENIGN
172.217.6.202-10.42.0.151-443-59791-6,10.42.0.151,59791,172.217.6.202,443,6,21/07/2017 04:48:21,36940,1,1,0.0,0.0,0.0,0.0,0.0,0.0,0.0,0.0,0.0,0.0,0.0,54.141851651326476,36940.0,0.0,36940.0,36940.0,0,0,0,0,0,0,0,0,0,0,0,0,0,0,32,32,27.070925825663238,27.070925825663238,0.0,0.0,0.0,0.0,0.0,0,0,0,0,1,1,0,0,1.0,0.0,0.0,0.0,32,0,0,0,0,0,0,1,0,1,0,1768,1622,0,32,0,0,0,0,0,0,0,0,BENIGN
172.217.12.206-10.42.0.151-443-59117-6,10.42.0.151,59117,172.217.12.206,443,6,21/07/2017 04:48:21,36946,1,1,0.0,0.0,0.0,0.0,0.0,0.0,0.0,0.0,0.0,0.0,0.0,54.13305905916744,36946.0,0.0,36946.0,36946.0,0,0,0,0,0,0,0,0,0,0,0,0,0,0,32,32,27.06652952958372,27.06652952958372,0.0,0.0,0.0,0.0,0.0,0,0,0,0,1,1,0,0,1.0,0.0,0.0,0.0,32,0,0,0,0,0,0,1,0,1,0,1386,490,0,32,0,0,0,0,0,0,0,0,BENIGN
172.217.12.206-10.42.0.151-443-44029-6,10.42.0.151,44029,172.217.12.206,443,6,21/07/2017 04:48:21,36723,1,1,0.0,0.0,0.0,0.0,0.0,0.0,0.0,0.0,0.0,0.0,0.0,54.461781444871065,36723.0,0.0,36723.0,36723.0,0,0,0,0,0,0,0,0,0,0,0,0,0,0,32,32,27.230890722435532,27.230890722435532,0.0,0.0,0.0,0.0,0.0,0,0,0,0,1,1,0,0,1.0,0.0,0.0,0.0,32,0,0,0,0,0,0,1,0,1,0,1679,383,0,32,0,0,0,0,0,0,0,0,BENIGN
172.217.6.202-10.42.0.151-443-56328-6,10.42.0.151,56328,172.217.6.202,443,6,21/07/2017 04:48:21,36640,1,1,0.0,0.0,0.0,0.0,0.0,0.0,0.0,0.0,0.0,0.0,0.0,54.58515283842795,36640.0,0.0,36640.0,36640.0,0,0,0,0,0,0,0,0,0,0,0,0,0,0,32,32,27.292576419213976,27.292576419213976,0.0,0.0,0.0,0.0,0.0,0,0,0,0,1,1,0,0,1.0,0.0,0.0,0.0,32,0,0,0,0,0,0,1,0,1,0,2344,362,0,32,0,0,0,0,0,0,0,0,BENIGN
172.217.9.237-10.42.0.151-443-39595-6,10.42.0.151,39595,172.217.9.237,443,6,21/07/2017 04:48:22,36292,1,1,0.0,0.0,0.0,0.0,0.0,0.0,0.0,0.0,0.0,0.0,0.0,55.10856387082553,36292.0,0.0,36292.0,36292.0,0,0,0,0,0,0,0,0,0,0,0,0,0,0,32,32,27.554281935412764,27.554281935412764,0.0,0.0,0.0,0.0,0.0,0,0,0,0,1,1,0,0,1.0,0.0,0.0,0.0,32,0,0,0,0,0,0,1,0,1,0,1635,362,0,32,0,0,0,0,0,0,0,0,BENIGN
172.217.3.99-10.42.0.151-443-60987-6,10.42.0.151,60987,172.217.3.99,443,6,21/07/2017 04:48:22,36162,1,1,0.0,0.0,0.0,0.0,0.0,0.0,0.0,0.0,0.0,0.0,0.0,55.30667551573475,36162.0,0.0,36162.0,36162.0,0,0,0,0,0,0,0,0,0,0,0,0,0,0,32,32,27.653337757867376,27.653337757867376,0.0,0.0,0.0,0.0,0.0,0,0,0,0,1,1,0,0,1.0,0.0,0.0,0.0,32,0,0,0,0,0,0,1,0,1,0,1635,362,0,32,0,0,0,0,0,0,0,0,BENIGN
172.217.6.202-10.42.0.151-443-39500-6,10.42.0.151,39500,172.217.6.202,443,6,21/07/2017 04:48:22,36713,1,1,0.0,0.0,0.0,0.0,0.0,0.0,0.0,0.0,0.0,0.0,0.0,54.47661591261951,36713.0,0.0,36713.0,36713.0,0,0,0,0,0,0,0,0,0,0,0,0,0,0,32,32,27.238307956309754,27.238307956309754,0.0,0.0,0.0,0.0,0.0,0,0,0,0,1,1,0,0,1.0,0.0,0.0,0.0,32,0,0,0,0,0,0,1,0,1,0,1546,340,0,32,0,0,0,0,0,0,0,0,BENIGN
209.85.201.101-10.42.0.151-443-56981-6,10.42.0.151,56981,209.85.201.101,443,6,21/07/2017 04:48:22,49265,1,1,0.0,0.0,0.0,0.0,0.0,0.0,0.0,0.0,0.0,0.0,0.0,40.59677255658175,49265.0,0.0,49265.0,49265.0,0,0,0,0,0,0,0,0,0,0,0,0,0,0,32,32,20.298386278290874,20.298386278290874,0.0,0.0,0.0,0.0,0.0,0,0,0,0,1,1,0,0,1.0,0.0,0.0,0.0,32,0,0,0,0,0,0,1,0,1,0,1546,170,0,32,0,0,0,0,0,0,0,0,BENIGN
172.217.12.206-10.42.0.151-443-35692-6,10.42.0.151,35692,172.217.12.206,443,6,21/07/2017 04:48:21,250151,2,0,0.0,0.0,0.0,0.0,0.0,0.0,0,0,0,0,0.0,7.995170916766273,250151.0,0.0,250151.0,250151.0,250151.0,250151.0,0.0,250151.0,250151.0,0,0,0,0,0,0,0,0,0,64,0,7.995170916766273,0.0,0.0,0.0,0.0,0.0,0.0,0,0,0,0,1,1,0,0,0.0,0.0,0.0,0.0,64,0,0,0,0,0,0,2,0,0,0,1436,-1,0,32,0,0,0,0,0,0,0,0,BENIGN
172.217.12.206-10.42.0.151-443-38117-6,10.42.0.151,38117,172.217.12.206,443,6,21/07/2017 04:48:21,250001,2,0,0.0,0.0,0.0,0.0,0.0,0.0,0,0,0,0,0.0,7.999968000128001,250001.0,0.0,250001.0,250001.0,250001.0,250001.0,0.0,250001.0,250001.0,0,0,0,0,0,0,0,0,0,64,0,7.999968000128001,0.0,0.0,0.0,0.0,0.0,0.0,0,0,0,0,1,1,0,0,0.0,0.0,0.0,0.0,64,0,0,0,0,0,0,2,0,0,0,1470,-1,0,32,0,0,0,0,0,0,0,0,BENIGN
172.217.12.206-10.42.0.151-443-36005-6,10.42.0.151,36005,172.217.12.206,443,6,21/07/2017 04:48:21,249796,2,0,0.0,0.0,0.0,0.0,0.0,0.0,0,0,0,0,0.0,8.006533331198257,249796.0,0.0,249796.0,249796.0,249796.0,249796.0,0.0,249796.0,249796.0,0,0,0,0,0,0,0,0,0,64,0,8.006533331198257,0.0,0.0,0.0,0.0,0.0,0.0,0,0,0,0,1,1,0,0,0.0,0.0,0.0,0.0,64,0,0,0,0,0,0,2,0,0,0,1420,-1,0,32,0,0,0,0,0,0,0,0,BENIGN
172.217.12.206-10.42.0.151-443-35975-6,10.42.0.151,35975,172.217.12.206,443,6,21/07/2017 04:48:21,255124,2,0,0.0,0.0,0.0,0.0,0.0,0.0,0,0,0,0,0.0,7.839325190887568,255124.0,0.0,255124.0,255124.0,255124.0,255124.0,0.0,255124.0,255124.0,0,0,0,0,0,0,0,0,0,64,0,7.839325190887568,0.0,0.0,0.0,0.0,0.0,0.0,0,0,0,0,1,1,0,0,0.0,0.0,0.0,0.0,64,0,0,0,0,0,0,2,0,0,0,1570,-1,0,32,0,0,0,0,0,0,0,0,BENIGN
172.217.12.206-10.42.0.151-443-41244-6,10.42.0.151,41244,172.217.12.206,443,6,21/07/2017 04:48:21,255108,2,0,0.0,0.0,0.0,0.0,0.0,0.0,0,0,0,0,0.0,7.839816861878107,255108.0,0.0,255108.0,255108.0,255108.0,255108.0,0.0,255108.0,255108.0,0,0,0,0,0,0,0,0,0,64,0,7.839816861878107,0.0,0.0,0.0,0.0,0.0,0.0,0,0,0,0,1,1,0,0,0.0,0.0,0.0,0.0,64,0,0,0,0,0,0,2,0,0,0,1679,-1,0,32,0,0,0,0,0,0,0,0,BENIGN
172.217.11.4-10.42.0.151-443-37411-6,10.42.0.151,37411,172.217.11.4,443,6,21/07/2017 04:48:21,265163,2,0,0.0,0.0,0.0,0.0,0.0,0.0,0,0,0,0,0.0,7.542530443538503,265163.0,0.0,265163.0,265163.0,265163.0,265163.0,0.0,265163.0,265163.0,0,0,0,0,0,0,0,0,0,64,0,7.542530443538503,0.0,0.0,0.0,0.0,0.0,0.0,0,0,0,0,1,1,0,0,0.0,0.0,0.0,0.0,64,0,0,0,0,0,0,2,0,0,0,1679,-1,0,32,0,0,0,0,0,0,0,0,BENIGN
173.194.68.188-10.42.0.151-5228-60263-6,10.42.0.151,60263,173.194.68.188,5228,6,21/07/2017 04:48:21,265541,2,0,0.0,0.0,0.0,0.0,0.0,0.0,0,0,0,0,0.0,7.531793583665046,265541.0,0.0,265541.0,265541.0,265541.0,265541.0,0.0,265541.0,265541.0,0,0,0,0,0,0,0,0,0,64,0,7.531793583665046,0.0,0.0,0.0,0.0,0.0,0.0,0,0,0,0,1,1,0,0,0.0,0.0,0.0,0.0,64,0,0,0,0,0,0,2,0,0,0,1635,-1,0,32,0,0,0,0,0,0,0,0,BENIGN
172.217.12.206-10.42.0.151-443-57128-6,10.42.0.151,57128,172.217.12.206,443,6,21/07/2017 04:48:21,275270,2,0,0.0,0.0,0.0,0.0,0.0,0.0,0,0,0,0,0.0,7.265593780651724,275270.0,0.0,275270.0,275270.0,275270.0,275270.0,0.0,275270.0,275270.0,0,0,0,0,0,0,0,0,0,64,0,7.265593780651724,0.0,0.0,0.0,0.0,0.0,0.0,0,0,0,0,1,1,0,0,0.0,0.0,0.0,0.0,64,0,0,0,0,0,0,2,0,0,0,1386,-1,0,32,0,0,0,0,0,0,0,0,BENIGN
172.217.12.206-10.42.0.151-443-33649-6,10.42.0.151,33649,172.217.12.206,443,6,21/07/2017 04:48:21,275330,2,0,0.0,0.0,0.0,0.0,0.0,0.0,0,0,0,0,0.0,7.264010460175062,275330.0,0.0,275330.0,275330.0,275330.0,275330.0,0.0,275330.0,275330.0,0,0,0,0,0,0,0,0,0,64,0,7.264010460175062,0.0,0.0,0.0,0.0,0.0,0.0,0,0,0,0,1,1,0,0,0.0,0.0,0.0,0.0,64,0,0,0,0,0,0,2,0,0,0,1436,-1,0,32,0,0,0,0,0,0,0,0,BENIGN
172.217.12.206-10.42.0.151-443-54533-6,10.42.0.151,54533,172.217.12.206,443,6,21/07/2017 04:48:21,285445,2,0,0.0,0.0,0.0,0.0,0.0,0.0,0,0,0,0,0.0,7.006603724009879,285445.0,0.0,285445.0,285445.0,285445.0,285445.0,0.0,285445.0,285445.0,0,0,0,0,0,0,0,0,0,64,0,7.006603724009879,0.0,0.0,0.0,0.0,0.0,0.0,0,0,0,0,1,1,0,0,0.0,0.0,0.0,0.0,64,0,0,0,0,0,0,2,0,0,0,1436,-1,0,32,0,0,0,0,0,0,0,0,BENIGN
172.217.12.206-10.42.0.151-443-39634-6,10.42.0.151,39634,172.217.12.206,443,6,21/07/2017 04:48:21,285514,2,0,0.0,0.0,0.0,0.0,0.0,0.0,0,0,0,0,0.0,7.004910442219996,285514.0,0.0,285514.0,285514.0,285514.0,285514.0,0.0,285514.0,285514.0,0,0,0,0,0,0,0,0,0,64,0,7.004910442219996,0.0,0.0,0.0,0.0,0.0,0.0,0,0,0,0,1,1,0,0,0.0,0.0,0.0,0.0,64,0,0,0,0,0,0,2,0,0,0,1679,-1,0,32,0,0,0,0,0,0,0,0,BENIGN
172.217.12.206-10.42.0.151-443-50317-6,10.42.0.151,50317,172.217.12.206,443,6,21/07/2017 04:48:21,285420,2,0,0.0,0.0,0.0,0.0,0.0,0.0,0,0,0,0,0.0,7.007217433956976,285420.0,0.0,285420.0,285420.0,285420.0,285420.0,0.0,285420.0,285420.0,0,0,0,0,0,0,0,0,0,64,0,7.007217433956976,0.0,0.0,0.0,0.0,0.0,0.0,0,0,0,0,1,1,0,0,0.0,0.0,0.0,0.0,64,0,0,0,0,0,0,2,0,0,0,1436,-1,0,32,0,0,0,0,0,0,0,0,BENIGN
172.217.12.206-10.42.0.151-443-43850-6,10.42.0.151,43850,172.217.12.206,443,6,21/07/2017 04:48:21,285413,2,0,0.0,0.0,0.0,0.0,0.0,0.0,0,0,0,0,0.0,7.0073892920084235,285413.0,0.0,285413.0,285413.0,285413.0,285413.0,0.0,285413.0,285413.0,0,0,0,0,0,0,0,0,0,64,0,7.0073892920084235,0.0,0.0,0.0,0.0,0.0,0.0,0,0,0,0,1,1,0,0,0.0,0.0,0.0,0.0,64,0,0,0,0,0,0,2,0,0,0,1679,-1,0,32,0,0,0,0,0,0,0,0,BENIGN
172.217.12.206-10.42.0.151-443-60818-6,10.42.0.151,60818,172.217.12.206,443,6,21/07/2017 04:48:21,315584,2,0,0.0,0.0,0.0,0.0,0.0,0.0,0,0,0,0,0.0,6.3374569052930445,315584.0,0.0,315584.0,315584.0,315584.0,315584.0,0.0,315584.0,315584.0,0,0,0,0,0,0,0,0,0,64,0,6.3374569052930445,0.0,0.0,0.0,0.0,0.0,0.0,0,0,0,0,1,1,0,0,0.0,0.0,0.0,0.0,64,0,0,0,0,0,0,2,0,0,0,1436,-1,0,32,0,0,0,0,0,0,0,0,BENIGN
172.217.6.202-10.42.0.151-443-53927-6,10.42.0.151,53927,172.217.6.202,443,6,21/07/2017 04:48:21,571460,2,0,0.0,0.0,0.0,0.0,0.0,0.0,0,0,0,0,0.0,3.4998075105869177,571460.0,0.0,571460.0,571460.0,571460.0,571460.0,0.0,571460.0,571460.0,0,0,0,0,0,0,0,0,0,64,0,3.4998075105869177,0.0,0.0,0.0,0.0,0.0,0.0,0,0,0,0,1,1,0,0,0.0,0.0,0.0,0.0,64,0,0,0,0,0,0,2,0,0,0,4205,-1,0,32,0,0,0,0,0,0,0,0,BENIGN
172.217.10.40-10.42.0.151-443-54475-6,10.42.0.151,54475,172.217.10.40,443,6,21/07/2017 04:47:53,28873237,3,1,598.0,416.0,598.0,0.0,199.33333333333331,345.2554609753962,416.0,416.0,416.0,0.0,35.11902735394719,0.13853659705699087,9624412.333333334,1.6569432421982545E7,2.8757143E7,50718.0,2.8873237E7,1.44366185E7,2.0252279968196187E7,2.8757143E7,116094.0,0,0,0,0,0,1,0,0,0,96,32,0.10390244779274316,0.03463414926424772,0.0,598.0,322.4,303.5437365520824,92138.8,0,1,0,0,1,0,0,0,0.0,403.0,199.33333333333334,416.0,96,0,0,0,0,0,0,3,598,1,416,1386,383,0,32,0,0,0,0,0,0,0,0,BENIGN
172.217.12.206-10.42.0.151-443-48642-6,10.42.0.151,48642,172.217.12.206,443,6,21/07/2017 04:46:15,902905,20,21,2044.0,9218.0,797.0,0.0,102.2,219.44921484192383,1418.0,0.0,438.9523809523809,538.9626588355148,12473.073025401343,45.40898544143626,22572.624999999996,32853.564770627556,144011.0,4.0,902905.0,47521.31578947367,75610.77542700189,276012.0,49.0,839161.0,41958.05,61725.008609472665,213382.0,4.0,0,0,0,0,660,680,22.15072460557866,23.258260835857595,0.0,1418.0,268.1428571428573,440.6190529536643,194145.14982578403,0,0,0,1,0,0,0,0,1.0,274.6829268292683,102.2,438.95238095238096,660,0,0,0,0,0,0,20,2044,21,9218,65535,369,5,32,0,0,0,0,0,0,0,0,BENIGN
172.217.6.202-10.42.0.151-443-43584-6,10.42.0.151,43584,172.217.6.202,443,6,21/07/2017 04:48:22,36669,1,1,0.0,0.0,0.0,0.0,0.0,0.0,0.0,0.0,0.0,0.0,0.0,54.541983691946875,36669.0,0.0,36669.0,36669.0,0,0,0,0,0,0,0,0,0,0,0,0,0,0,32,32,27.270991845973438,27.270991845973438,0.0,0.0,0.0,0.0,0.0,0,0,0,0,1,1,0,0,1.0,0.0,0.0,0.0,32,0,0,0,0,0,0,1,0,1,0,1461,768,0,32,0,0,0,0,0,0,0,0,BENIGN
172.217.12.206-10.42.0.151-443-48642-6,10.42.0.151,48642,172.217.12.206,443,6,21/07/2017 04:48:22,36753,1,1,0.0,0.0,0.0,0.0,0.0,0.0,0.0,0.0,0.0,0.0,0.0,54.4173264767502,36753.0,0.0,36753.0,36753.0,0,0,0,0,0,0,0,0,0,0,0,0,0,0,32,32,27.2086632383751,27.2086632383751,0.0,0.0,0.0,0.0,0.0,0,0,0,0,1,1,0,0,1.0,0.0,0.0,0.0,32,0,0,0,0,0,0,1,0,1,0,1768,369,0,32,0,0,0,0,0,0,0,0,BENIGN
172.217.10.98-10.42.0.151-443-45614-6,10.42.0.151,45614,172.217.10.98,443,6,21/07/2017 04:48:22,37242,1,1,0.0,0.0,0.0,0.0,0.0,0.0,0.0,0.0,0.0,0.0,0.0,53.702808656892756,37242.0,0.0,37242.0,37242.0,0,0,0,0,0,0,0,0,0,0,0,0,0,0,32,32,26.851404328446378,26.851404328446378,0.0,0.0,0.0,0.0,0.0,0,0,0,0,1,1,0,0,1.0,0.0,0.0,0.0,32,0,0,0,0,0,0,1,0,1,0,1546,349,0,32,0,0,0,0,0,0,0,0,BENIGN
209.85.201.101-10.42.0.151-443-38623-6,10.42.0.151,38623,209.85.201.101,443,6,21/07/2017 04:48:22,49168,1,1,0.0,0.0,0.0,0.0,0.0,0.0,0.0,0.0,0.0,0.0,0.0,40.67686300032541,49168.0,0.0,49168.0,49168.0,0,0,0,0,0,0,0,0,0,0,0,0,0,0,32,32,20.338431500162706,20.338431500162706,0.0,0.0,0.0,0.0,0.0,0,0,0,0,1,1,0,0,1.0,0.0,0.0,0.0,32,0,0,0,0,0,0,1,0,1,0,1635,179,0,32,0,0,0,0,0,0,0,0,BENIGN
172.217.12.206-10.42.0.151-443-48526-6,10.42.0.151,48526,172.217.12.206,443,6,21/07/2017 04:48:22,600699,2,0,0.0,0.0,0.0,0.0,0.0,0.0,0,0,0,0,0.0,3.3294545188189093,600699.0,0.0,600699.0,600699.0,600699.0,600699.0,0.0,600699.0,600699.0,0,0,0,0,0,0,0,0,0,64,0,3.3294545188189093,0.0,0.0,0.0,0.0,0.0,0.0,0,0,0,0,1,1,0,0,0.0,0.0,0.0,0.0,64,0,0,0,0,0,0,2,0,0,0,1436,-1,0,32,0,0,0,0,0,0,0,0,BENIGN
172.217.12.206-10.42.0.151-443-35692-6,10.42.0.151,35692,172.217.12.206,443,6,21/07/2017 04:48:22,999840,2,0,0.0,0.0,0.0,0.0,0.0,0.0,0,0,0,0,0.0,2.0003200512081936,999840.0,0.0,999840.0,999840.0,999840.0,999840.0,0.0,999840.0,999840.0,0,0,0,0,0,0,0,0,0,64,0,2.0003200512081936,0.0,0.0,0.0,0.0,0.0,0.0,0,0,0,0,1,1,0,0,0.0,0.0,0.0,0.0,64,0,0,0,0,0,0,2,0,0,0,1436,-1,0,32,0,0,0,0,0,0,0,0,BENIGN
172.217.12.206-10.42.0.151-443-38117-6,10.42.0.151,38117,172.217.12.206,443,6,21/07/2017 04:48:22,999895,2,0,0.0,0.0,0.0,0.0,0.0,0.0,0,0,0,0,0.0,2.0002100220523156,999895.0,0.0,999895.0,999895.0,999895.0,999895.0,0.0,999895.0,999895.0,0,0,0,0,0,0,0,0,0,64,0,2.0002100220523156,0.0,0.0,0.0,0.0,0.0,0.0,0,0,0,0,1,1,0,0,0.0,0.0,0.0,0.0,64,0,0,0,0,0,0,2,0,0,0,1470,-1,0,32,0,0,0,0,0,0,0,0,BENIGN
172.217.12.206-10.42.0.151-443-36005-6,10.42.0.151,36005,172.217.12.206,443,6,21/07/2017 04:48:22,999898,2,0,0.0,0.0,0.0,0.0,0.0,0.0,0,0,0,0,0.0,2.0002040208101226,999898.0,0.0,999898.0,999898.0,999898.0,999898.0,0.0,999898.0,999898.0,0,0,0,0,0,0,0,0,0,64,0,2.0002040208101226,0.0,0.0,0.0,0.0,0.0,0.0,0,0,0,0,1,1,0,0,0.0,0.0,0.0,0.0,64,0,0,0,0,0,0,2,0,0,0,1420,-1,0,32,0,0,0,0,0,0,0,0,BENIGN
172.217.12.206-10.42.0.151-443-35975-6,10.42.0.151,35975,172.217.12.206,443,6,21/07/2017 04:48:22,1044281,2,0,0.0,0.0,0.0,0.0,0.0,0.0,0,0,0,0,0.0,1.9151933244021484,1044281.0,0.0,1044281.0,1044281.0,1044281.0,1044281.0,0.0,1044281.0,1044281.0,0,0,0,0,0,0,0,0,0,64,0,1.9151933244021484,0.0,0.0,0.0,0.0,0.0,0.0,0,0,0,0,1,1,0,0,0.0,0.0,0.0,0.0,64,0,0,0,0,0,0,2,0,0,0,1570,-1,0,32,0,0,0,0,0,0,0,0,BENIGN
172.217.12.206-10.42.0.151-443-41244-6,10.42.0.151,41244,172.217.12.206,443,6,21/07/2017 04:48:22,1044351,2,0,0.0,0.0,0.0,0.0,0.0,0.0,0,0,0,0,0.0,1.9150649542155846,1044351.0,0.0,1044351.0,1044351.0,1044351.0,1044351.0,0.0,1044351.0,1044351.0,0,0,0,0,0,0,0,0,0,64,0,1.9150649542155846,0.0,0.0,0.0,0.0,0.0,0.0,0,0,0,0,1,1,0,0,0.0,0.0,0.0,0.0,64,0,0,0,0,0,0,2,0,0,0,1679,-1,0,32,0,0,0,0,0,0,0,0,BENIGN
172.217.11.4-10.42.0.151-443-37411-6,10.42.0.151,37411,172.217.11.4,443,6,21/07/2017 04:48:22,1075014,2,0,0.0,0.0,0.0,0.0,0.0,0.0,0,0,0,0,0.0,1.8604408872814682,1075014.0,0.0,1075014.0,1075014.0,1075014.0,1075014.0,0.0,1075014.0,1075014.0,0,0,0,0,0,0,0,0,0,64,0,1.8604408872814682,0.0,0.0,0.0,0.0,0.0,0.0,0,0,0,0,1,1,0,0,0.0,0.0,0.0,0.0,64,0,0,0,0,0,0,2,0,0,0,1679,-1,0,32,0,0,0,0,0,0,0,0,BENIGN
172.217.12.206-10.42.0.151-443-57128-6,10.42.0.151,57128,172.217.12.206,443,6,21/07/2017 04:48:22,1125769,2,0,0.0,0.0,0.0,0.0,0.0,0.0,0,0,0,0,0.0,1.7765633979972801,1125769.0,0.0,1125769.0,1125769.0,1125769.0,1125769.0,0.0,1125769.0,1125769.0,0,0,0,0,0,0,0,0,0,64,0,1.7765633979972801,0.0,0.0,0.0,0.0,0.0,0.0,0,0,0,0,1,1,0,0,0.0,0.0,0.0,0.0,64,0,0,0,0,0,0,2,0,0,0,1386,-1,0,32,0,0,0,0,0,0,0,0,BENIGN
172.217.12.206-10.42.0.151-443-33649-6,10.42.0.151,33649,172.217.12.206,443,6,21/07/2017 04:48:22,1125745,2,0,0.0,0.0,0.0,0.0,0.0,0.0,0,0,0,0,0.0,1.776601272934812,1125745.0,0.0,1125745.0,1125745.0,1125745.0,1125745.0,0.0,1125745.0,1125745.0,0,0,0,0,0,0,0,0,0,64,0,1.776601272934812,0.0,0.0,0.0,0.0,0.0,0.0,0,0,0,0,1,1,0,0,0.0,0.0,0.0,0.0,64,0,0,0,0,0,0,2,0,0,0,1436,-1,0,32,0,0,0,0,0,0,0,0,BENIGN
172.217.12.206-10.42.0.151-443-54533-6,10.42.0.151,54533,172.217.12.206,443,6,21/07/2017 04:48:22,1167269,2,0,0.0,0.0,0.0,0.0,0.0,0.0,0,0,0,0,0.0,1.713401109769899,1167269.0,0.0,1167269.0,1167269.0,1167269.0,1167269.0,0.0,1167269.0,1167269.0,0,0,0,0,0,0,0,0,0,64,0,1.713401109769899,0.0,0.0,0.0,0.0,0.0,0.0,0,0,0,0,1,1,0,0,0.0,0.0,0.0,0.0,64,0,0,0,0,0,0,2,0,0,0,1436,-1,0,32,0,0,0,0,0,0,0,0,BENIGN
172.217.12.206-10.42.0.151-443-39634-6,10.42.0.151,39634,172.217.12.206,443,6,21/07/2017 04:48:22,1166995,2,0,0.0,0.0,0.0,0.0,0.0,0.0,0,0,0,0,0.0,1.7138034010428493,1166995.0,0.0,1166995.0,1166995.0,1166995.0,1166995.0,0.0,1166995.0,1166995.0,0,0,0,0,0,0,0,0,0,64,0,1.7138034010428493,0.0,0.0,0.0,0.0,0.0,0.0,0,0,0,0,1,1,0,0,0.0,0.0,0.0,0.0,64,0,0,0,0,0,0,2,0,0,0,1679,-1,0,32,0,0,0,0,0,0,0,0,BENIGN
172.217.12.206-10.42.0.151-443-50317-6,10.42.0.151,50317,172.217.12.206,443,6,21/07/2017 04:48:22,1166982,2,0,0.0,0.0,0.0,0.0,0.0,0.0,0,0,0,0,0.0,1.7138224925491568,1166982.0,0.0,1166982.0,1166982.0,1166982.0,1166982.0,0.0,1166982.0,1166982.0,0,0,0,0,0,0,0,0,0,64,0,1.7138224925491568,0.0,0.0,0.0,0.0,0.0,0.0,0,0,0,0,1,1,0,0,0.0,0.0,0.0,0.0,64,0,0,0,0,0,0,2,0,0,0,1436,-1,0,32,0,0,0,0,0,0,0,0,BENIGN
172.217.12.206-10.42.0.151-443-43850-6,10.42.0.151,43850,172.217.12.206,443,6,21/07/2017 04:48:22,1166978,2,0,0.0,0.0,0.0,0.0,0.0,0.0,0,0,0,0,0.0,1.713828366944364,1166978.0,0.0,1166978.0,1166978.0,1166978.0,1166978.0,0.0,1166978.0,1166978.0,0,0,0,0,0,0,0,0,0,64,0,1.713828366944364,0.0,0.0,0.0,0.0,0.0,0.0,0,0,0,0,1,1,0,0,0.0,0.0,0.0,0.0,64,0,0,0,0,0,0,2,0,0,0,1679,-1,0,32,0,0,0,0,0,0,0,0,BENIGN
172.217.12.206-10.42.0.151-443-60818-6,10.42.0.151,60818,172.217.12.206,443,6,21/07/2017 04:48:22,1279503,2,0,0.0,0.0,0.0,0.0,0.0,0.0,0,0,0,0,0.0,1.5631069251107657,1279503.0,0.0,1279503.0,1279503.0,1279503.0,1279503.0,0.0,1279503.0,1279503.0,0,0,0,0,0,0,0,0,0,64,0,1.5631069251107657,0.0,0.0,0.0,0.0,0.0,0.0,0,0,0,0,1,1,0,0,0.0,0.0,0.0,0.0,64,0,0,0,0,0,0,2,0,0,0,1436,-1,0,32,0,0,0,0,0,0,0,0,BENIGN
172.217.10.34-10.42.0.151-443-38032-6,10.42.0.151,38032,172.217.10.34,443,6,21/07/2017 04:48:24,249090,8,5,764.0,637.0,456.0,0.0,95.5,164.58258890729778,494.0,0.0,127.4,214.0859640424846,5624.473082018548,52.189971496246336,20757.5,21470.03158527549,59630.0,113.0,249090.0,35584.28571428571,45438.69781993569,101299.0,113.0,164668.0,41167.0,43958.103333363535,100603.0,515.0,0,0,0,0,264,168,32.11690553615159,20.073065960094745,0.0,494.0,100.07142857142856,172.5061712544775,29758.379120879115,0,0,0,1,0,0,0,0,0.0,107.76923076923077,95.5,127.4,264,0,0,0,0,0,0,8,764,5,637,65535,349,4,32,0,0,0,0,0,0,0,0,BENIGN
172.217.6.202-10.42.0.151-443-53927-6,10.42.0.151,53927,172.217.6.202,443,6,21/07/2017 04:48:23,2280114,2,0,0.0,0.0,0.0,0.0,0.0,0.0,0,0,0,0,0.0,0.8771491249998903,2280114.0,0.0,2280114.0,2280114.0,2280114.0,2280114.0,0.0,2280114.0,2280114.0,0,0,0,0,0,0,0,0,0,64,0,0.8771491249998903,0.0,0.0,0.0,0.0,0.0,0.0,0,0,0,0,1,1,0,0,0.0,0.0,0.0,0.0,64,0,0,0,0,0,0,2,0,0,0,4205,-1,0,32,0,0,0,0,0,0,0,0,BENIGN
172.217.12.206-10.42.0.151-443-48526-6,10.42.0.151,48526,172.217.12.206,443,6,21/07/2017 04:48:24,2399881,2,0,0.0,0.0,0.0,0.0,0.0,0.0,0,0,0,0,0.0,0.8333746548266351,2399881.0,0.0,2399881.0,2399881.0,2399881.0,2399881.0,0.0,2399881.0,2399881.0,0,0,0,0,0,0,0,0,0,64,0,0.8333746548266351,0.0,0.0,0.0,0.0,0.0,0.0,0,0,0,0,1,1,0,0,0.0,0.0,0.0,0.0,64,0,0,0,0,0,0,2,0,0,0,1436,-1,0,32,0,0,0,0,0,0,0,0,BENIGN
172.217.12.206-10.42.0.151-443-35692-6,10.42.0.151,35692,172.217.12.206,443,6,21/07/2017 04:48:25,4009292,2,0,0.0,0.0,0.0,0.0,0.0,0.0,0,0,0,0,0.0,0.49884119191119025,4009292.0,0.0,4009292.0,4009292.0,4009292.0,4009292.0,0.0,4009292.0,4009292.0,0,0,0,0,0,0,0,0,0,64,0,0.49884119191119025,0.0,0.0,0.0,0.0,0.0,0.0,0,0,0,0,1,1,0,0,0.0,0.0,0.0,0.0,64,0,0,0,0,0,0,2,0,0,0,1436,-1,0,32,0,0,0,0,0,0,0,0,BENIGN
172.217.12.206-10.42.0.151-443-38117-6,10.42.0.151,38117,172.217.12.206,443,6,21/07/2017 04:48:25,4009273,2,0,0.0,0.0,0.0,0.0,0.0,0.0,0,0,0,0,0.0,0.4988435559264734,4009273.0,0.0,4009273.0,4009273.0,4009273.0,4009273.0,0.0,4009273.0,4009273.0,0,0,0,0,0,0,0,0,0,64,0,0.4988435559264734,0.0,0.0,0.0,0.0,0.0,0.0,0,0,0,0,1,1,0,0,0.0,0.0,0.0,0.0,64,0,0,0,0,0,0,2,0,0,0,1470,-1,0,32,0,0,0,0,0,0,0,0,BENIGN
172.217.12.206-10.42.0.151-443-36005-6,10.42.0.151,36005,172.217.12.206,443,6,21/07/2017 04:48:25,4009270,2,0,0.0,0.0,0.0,0.0,0.0,0.0,0,0,0,0,0.0,0.4988439291940927,4009270.0,0.0,4009270.0,4009270.0,4009270.0,4009270.0,0.0,4009270.0,4009270.0,0,0,0,0,0,0,0,0,0,64,0,0.4988439291940927,0.0,0.0,0.0,0.0,0.0,0.0,0,0,0,0,1,1,0,0,0.0,0.0,0.0,0.0,64,0,0,0,0,0,0,2,0,0,0,1420,-1,0,32,0,0,0,0,0,0,0,0,BENIGN
172.217.12.206-10.42.0.151-443-35975-6,10.42.0.151,35975,172.217.12.206,443,6,21/07/2017 04:48:25,4146664,2,0,0.0,0.0,0.0,0.0,0.0,0.0,0,0,0,0,0.0,0.48231542271088274,4146664.0,0.0,4146664.0,4146664.0,4146664.0,4146664.0,0.0,4146664.0,4146664.0,0,0,0,0,0,0,0,0,0,64,0,0.48231542271088274,0.0,0.0,0.0,0.0,0.0,0.0,0,0,0,0,1,1,0,0,0.0,0.0,0.0,0.0,64,0,0,0,0,0,0,2,0,0,0,1570,-1,0,32,0,0,0,0,0,0,0,0,BENIGN
172.217.12.206-10.42.0.151-443-41244-6,10.42.0.151,41244,172.217.12.206,443,6,21/07/2017 04:48:25,4146688,2,0,0.0,0.0,0.0,0.0,0.0,0.0,0,0,0,0,0.0,0.48231263118903567,4146688.0,0.0,4146688.0,4146688.0,4146688.0,4146688.0,0.0,4146688.0,4146688.0,0,0,0,0,0,0,0,0,0,64,0,0.48231263118903567,0.0,0.0,0.0,0.0,0.0,0.0,0,0,0,0,1,1,0,0,0.0,0.0,0.0,0.0,64,0,0,0,0,0,0,2,0,0,0,1679,-1,0,32,0,0,0,0,0,0,0,0,BENIGN
172.217.11.4-10.42.0.151-443-37411-6,10.42.0.151,37411,172.217.11.4,443,6,21/07/2017 04:48:25,4328031,2,0,0.0,0.0,0.0,0.0,0.0,0.0,0,0,0,0,0.0,0.4621038989785424,4328031.0,0.0,4328031.0,4328031.0,4328031.0,4328031.0,0.0,4328031.0,4328031.0,0,0,0,0,0,0,0,0,0,64,0,0.4621038989785424,0.0,0.0,0.0,0.0,0.0,0.0,0,0,0,0,1,1,0,0,0.0,0.0,0.0,0.0,64,0,0,0,0,0,0,2,0,0,0,1679,-1,0,32,0,0,0,0,0,0,0,0,BENIGN
172.217.12.206-10.42.0.151-443-57128-6,10.42.0.151,57128,172.217.12.206,443,6,21/07/2017 04:48:26,4489559,2,0,0.0,0.0,0.0,0.0,0.0,0.0,0,0,0,0,0.0,0.4454780525214169,4489559.0,0.0,4489559.0,4489559.0,4489559.0,4489559.0,0.0,4489559.0,4489559.0,0,0,0,0,0,0,0,0,0,64,0,0.4454780525214169,0.0,0.0,0.0,0.0,0.0,0.0,0,0,0,0,1,1,0,0,0.0,0.0,0.0,0.0,64,0,0,0,0,0,0,2,0,0,0,1386,-1,0,32,0,0,0,0,0,0,0,0,BENIGN
172.217.12.206-10.42.0.151-443-33649-6,10.42.0.151,33649,172.217.12.206,443,6,21/07/2017 04:48:26,4489573,2,0,0.0,0.0,0.0,0.0,0.0,0.0,0,0,0,0,0.0,0.4454766633708818,4489573.0,0.0,4489573.0,4489573.0,4489573.0,4489573.0,0.0,4489573.0,4489573.0,0,0,0,0,0,0,0,0,0,64,0,0.4454766633708818,0.0,0.0,0.0,0.0,0.0,0.0,0,0,0,0,1,1,0,0,0.0,0.0,0.0,0.0,64,0,0,0,0,0,0,2,0,0,0,1436,-1,0,32,0,0,0,0,0,0,0,0,BENIGN
172.217.12.206-10.42.0.151-443-54533-6,10.42.0.151,54533,172.217.12.206,443,6,21/07/2017 04:48:26,4650640,2,0,0.0,0.0,0.0,0.0,0.0,0.0,0,0,0,0,0.0,0.4300483374331275,4650640.0,0.0,4650640.0,4650640.0,4650640.0,4650640.0,0.0,4650640.0,4650640.0,0,0,0,0,0,0,0,0,0,64,0,0.4300483374331275,0.0,0.0,0.0,0.0,0.0,0.0,0,0,0,0,1,1,0,0,0.0,0.0,0.0,0.0,64,0,0,0,0,0,0,2,0,0,0,1436,-1,0,32,0,0,0,0,0,0,0,0,BENIGN
172.217.12.206-10.42.0.151-443-39634-6,10.42.0.151,39634,172.217.12.206,443,6,21/07/2017 04:48:26,4650535,2,0,0.0,0.0,0.0,0.0,0.0,0.0,0,0,0,0,0.0,0.4300580470849053,4650535.0,0.0,4650535.0,4650535.0,4650535.0,4650535.0,0.0,4650535.0,4650535.0,0,0,0,0,0,0,0,0,0,64,0,0.4300580470849053,0.0,0.0,0.0,0.0,0.0,0.0,0,0,0,0,1,1,0,0,0.0,0.0,0.0,0.0,64,0,0,0,0,0,0,2,0,0,0,1679,-1,0,32,0,0,0,0,0,0,0,0,BENIGN
172.217.12.206-10.42.0.151-443-50317-6,10.42.0.151,50317,172.217.12.206,443,6,21/07/2017 04:48:26,4650539,2,0,0.0,0.0,0.0,0.0,0.0,0.0,0,0,0,0,0.0,0.4300576771853757,4650539.0,0.0,4650539.0,4650539.0,4650539.0,4650539.0,0.0,4650539.0,4650539.0,0,0,0,0,0,0,0,0,0,64,0,0.4300576771853757,0.0,0.0,0.0,0.0,0.0,0.0,0,0,0,0,1,1,0,0,0.0,0.0,0.0,0.0,64,0,0,0,0,0,0,2,0,0,0,1436,-1,0,32,0,0,0,0,0,0,0,0,BENIGN
172.217.12.206-10.42.0.151-443-43850-6,10.42.0.151,43850,172.217.12.206,443,6,21/07/2017 04:48:26,4650546,2,0,0.0,0.0,0.0,0.0,0.0,0.0,0,0,0,0,0.0,0.4300570298627301,4650546.0,0.0,4650546.0,4650546.0,4650546.0,4650546.0,0.0,4650546.0,4650546.0,0,0,0,0,0,0,0,0,0,64,0,0.4300570298627301,0.0,0.0,0.0,0.0,0.0,0.0,0,0,0,0,1,1,0,0,0.0,0.0,0.0,0.0,64,0,0,0,0,0,0,2,0,0,0,1679,-1,0,32,0,0,0,0,0,0,0,0,BENIGN
172.217.12.206-10.42.0.151-443-60818-6,10.42.0.151,60818,172.217.12.206,443,6,21/07/2017 04:48:26,5130480,2,0,0.0,0.0,0.0,0.0,0.0,0.0,0,0,0,0,0.0,0.38982707271054556,5130480.0,0.0,5130480.0,5130480.0,5130480.0,5130480.0,0.0,5130480.0,5130480.0,0,0,0,0,0,0,0,0,0,64,0,0.38982707271054556,0.0,0.0,0.0,0.0,0.0,0.0,0,0,0,0,1,1,0,0,0.0,0.0,0.0,0.0,64,0,0,0,0,0,0,2,0,0,0,1436,-1,0,32,0,0,0,0,0,0,0,0,BENIGN
157.240.2.20-10.42.0.151-443-55594-6,10.42.0.151,55594,157.240.2.20,443,6,21/07/2017 04:47:24,73989415,12,12,1865.0,1840.0,855.0,0.0,155.41666666666669,274.4672387581351,675.0,0.0,153.33333333333334,216.09313368138845,50.07473028405482,0.3243707224878045,3216931.086956522,1.3509896758447476E7,6.4871837E7,36.0,9117533.0,828866.6363636361,1937172.1410522233,6378889.0,97.0,7.3954119E7,6723101.7272727275,1.941315112097581E7,6.4955248E7,36.0,0,0,0,0,392,392,0.16218536124390226,0.16218536124390226,0.0,855.0,148.20000000000002,238.50384343513906,56884.08333333332,0,0,0,1,0,0,0,0,1.0,154.375,155.41666666666666,153.33333333333334,392,0,0,0,0,0,0,12,1865,12,1840,65535,134,4,32,1369322.0,1787877.0698233142,2633542.0,105102.0,3.5625363E7,4.1360760182392105E7,6.4871837E7,6378889.0,BENIGN
157.240.2.20-10.42.0.151-443-55594-6,10.42.0.151,55594,157.240.2.20,443,6,21/07/2017 04:48:38,19452,3,0,42.0,0.0,42.0,0.0,14.0,24.24871130596428,0,0,0,0,2159.16101172116,154.22578655151142,9726.0,13358.661310176256,19172.0,280.0,19452.0,9726.0,13358.661310176256,19172.0,280.0,0,0,0,0,0,0,0,0,0,96,0,154.22578655151142,0.0,0.0,42.0,10.5,21.0,441.0,0,0,0,0,1,0,0,0,0.0,14.0,14.0,0.0,96,0,0,0,0,0,0,3,42,0,0,1433,-1,1,32,0,0,0,0,0,0,0,0,BENIGN
157.240.2.36-10.42.0.151-443-48534-6,10.42.0.151,48534,157.240.2.36,443,6,21/07/2017 04:47:34,65297631,12,11,1851.0,2085.0,1082.0,0.0,154.25000000000003,322.048309476022,1000.0,0.0,189.5454545454545,339.2790484649365,60.27783764467658,0.35223329924480723,2968074.1363636367,1.3841027515460389E7,6.4937272E7,34.0,360313.0,32755.727272727276,36782.59406591903,106588.0,215.0,6.5262141E7,6526214.1,2.0530375482650377E7,6.495659E7,36.0,0,0,0,0,392,360,0.1837738952581603,0.16845940398664694,0.0,1082.0,164.00000000000003,318.0910452110815,101181.91304347829,0,0,0,1,0,0,0,0,0.0,171.1304347826087,154.25,189.54545454545453,392,0,0,0,0,0,0,12,1851,11,2085,65535,131,4,32,360313.0,0.0,360313.0,360313.0,6.4937272E7,0.0,6.4937272E7,6.4937272E7,BENIGN
157.240.2.36-10.42.0.151-443-48534-6,10.42.0.151,48534,157.240.2.36,443,6,21/07/2017 04:48:39,383,3,0,42.0,0.0,42.0,0.0,14.0,24.24871130596428,0,0,0,0,109660.57441253265,7832.89817232376,191.5,135.0573952066306,287.0,96.0,383.0,191.5,135.0573952066306,287.0,96.0,0,0,0,0,0,0,0,0,0,96,0,7832.89817232376,0.0,0.0,42.0,10.5,21.0,441.0,0,0,0,0,1,0,0,0,0.0,14.0,14.0,0.0,96,0,0,0,0,0,0,3,42,0,0,1432,-1,1,32,0,0,0,0,0,0,0,0,BENIGN
172.217.6.202-10.42.0.151-443-53927-6,10.42.0.151,53927,172.217.6.202,443,6,21/07/2017 04:48:30,9134079,2,0,0.0,0.0,0.0,0.0,0.0,0.0,0,0,0,0,0.0,0.21896022576550958,9134079.0,0.0,9134079.0,9134079.0,9134079.0,9134079.0,0.0,9134079.0,9134079.0,0,0,0,0,0,0,0,0,0,64,0,0.21896022576550958,0.0,0.0,0.0,0.0,0.0,0.0,0,0,0,0,1,1,0,0,0.0,0.0,0.0,0.0,64,0,0,0,0,0,0,2,0,0,0,4205,-1,0,32,0,0,0,0,0,0,0,0,BENIGN
172.217.12.206-10.42.0.151-443-48526-6,10.42.0.151,48526,172.217.12.206,443,6,21/07/2017 04:48:31,9625231,2,0,0.0,0.0,0.0,0.0,0.0,0.0,0,0,0,0,0.0,0.20778722089890622,9625231.0,0.0,9625231.0,9625231.0,9625231.0,9625231.0,0.0,9625231.0,9625231.0,0,0,0,0,0,0,0,0,0,64,0,0.20778722089890622,0.0,0.0,0.0,0.0,0.0,0.0,0,0,0,0,1,1,0,0,0.0,0.0,0.0,0.0,64,0,0,0,0,0,0,2,0,0,0,1436,-1,0,32,0,0,0,0,0,0,0,0,BENIGN
10.42.0.151-31.13.80.37-57066-443-6,10.42.0.151,57066,31.13.80.37,443,6,21/07/2017 04:47:03,97949619,25,27,2417.0,14060.0,1073.0,0.0,96.68,235.6918397682307,1398.0,0.0,520.7407407407408,585.2264251219084,168.2191331443566,0.530885168629395,1920580.7647058824,1.0081952307564843E7,6.4875124E7,5.0,3.3074436E7,1378101.5,6646597.174413922,3.2582273E7,9.0,9.7927117E7,3766427.576923077,1.4025856737380277E7,6.4949264E7,5.0,0,0,0,0,808,872,0.25523325414874765,0.27565191448064746,0.0,1398.0,310.8867924528302,493.6279220213633,243668.5253991291,0,0,0,1,0,0,0,0,1.0,316.86538461538464,96.68,520.7407407407408,808,0,0,0,0,0,0,25,2417,27,14060,65535,131,10,32,246081.5,131685.20296715194,339197.0,152966.0,4.87286985E7,2.2834493925946783E7,6.4875124E7,3.2582273E7,BENIGN
10.42.0.151-31.13.80.37-57066-443-6,10.42.0.151,57066,31.13.80.37,443,6,21/07/2017 04:48:41,797,3,0,0.0,0.0,0.0,0.0,0.0,0.0,0,0,0,0,0.0,3764.115432873275,398.5,395.2726906832801,678.0,119.0,797.0,398.5,395.2726906832801,678.0,119.0,0,0,0,0,0,0,0,0,0,96,0,3764.115432873275,0.0,0.0,0.0,0.0,0.0,0.0,0,0,0,0,1,0,0,0,0.0,0.0,0.0,0.0,96,0,0,0,0,0,0,3,0,0,0,1893,-1,0,32,0,0,0,0,0,0,0,0,BENIGN
172.217.12.206-10.42.0.151-443-46162-6,172.217.12.206,443,10.42.0.151,46162,6,21/07/2017 04:48:45,440684,2,0,0.0,0.0,0.0,0.0,0.0,0.0,0,0,0,0,0.0,4.53839939730056,440684.0,0.0,440684.0,440684.0,440684.0,440684.0,0.0,440684.0,440684.0,0,0,0,0,0,0,0,0,0,64,0,4.53839939730056,0.0,0.0,0.0,0.0,0.0,0.0,0,0,0,0,1,1,0,0,0.0,0.0,0.0,0.0,64,0,0,0,0,0,0,2,0,0,0,357,-1,0,32,0,0,0,0,0,0,0,0,BENIGN
172.217.6.202-10.42.0.151-443-39478-6,172.217.6.202,443,10.42.0.151,39478,6,21/07/2017 04:48:46,177,2,0,55.0,0.0,55.0,0.0,27.5,38.890872965260115,0,0,0,0,310734.46327683615,11299.435028248588,177.0,0.0,177.0,177.0,177.0,177.0,0.0,177.0,177.0,0,0,0,0,0,1,0,0,0,64,0,11299.435028248588,0.0,0.0,55.0,36.66666666666667,31.754264805429415,1008.3333333333333,0,1,0,0,1,0,0,0,0.0,55.0,27.5,0.0,64,0,0,0,0,0,0,2,55,0,0,365,-1,0,32,0,0,0,0,0,0,0,0,BENIGN
172.217.6.202-10.42.0.151-443-39478-6,10.42.0.151,39478,172.217.6.202,443,6,21/07/2017 04:48:46,255835,2,1,0.0,0.0,0.0,0.0,0.0,0.0,0.0,0.0,0.0,0.0,0.0,11.726307971935038,127917.5,128883.64590009084,219052.0,36783.0,255835.0,255835.0,0.0,255835.0,255835.0,0,0,0,0,0,0,0,0,0,64,32,7.817538647956692,3.908769323978346,0.0,0.0,0.0,0.0,0.0,0,0,0,0,1,1,0,0,0.0,0.0,0.0,0.0,64,0,0,0,0,0,0,2,0,1,0,1812,365,0,32,0,0,0,0,0,0,0,0,BENIGN
172.217.12.206-10.42.0.151-443-35692-6,10.42.0.151,35692,172.217.12.206,443,6,21/07/2017 04:48:37,16038728,2,0,0.0,0.0,0.0,0.0,0.0,0.0,0,0,0,0,0.0,0.12469816808415232,1.6038728E7,0.0,1.6038728E7,1.6038728E7,1.6038728E7,1.6038728E7,0.0,1.6038728E7,1.6038728E7,0,0,0,0,0,0,0,0,0,64,0,0.12469816808415232,0.0,0.0,0.0,0.0,0.0,0.0,0,0,0,0,1,1,0,0,0.0,0.0,0.0,0.0,64,0,0,0,0,0,0,2,0,0,0,1436,-1,0,32,0,0,0,0,0,0,0,0,BENIGN
172.217.12.206-10.42.0.151-443-38117-6,10.42.0.151,38117,172.217.12.206,443,6,21/07/2017 04:48:37,16038671,2,0,0.0,0.0,0.0,0.0,0.0,0.0,0,0,0,0,0.0,0.12469861125027129,1.6038671E7,0.0,1.6038671E7,1.6038671E7,1.6038671E7,1.6038671E7,0.0,1.6038671E7,1.6038671E7,0,0,0,0,0,0,0,0,0,64,0,0.12469861125027129,0.0,0.0,0.0,0.0,0.0,0.0,0,0,0,0,1,1,0,0,0.0,0.0,0.0,0.0,64,0,0,0,0,0,0,2,0,0,0,1470,-1,0,32,0,0,0,0,0,0,0,0,BENIGN
172.217.12.206-10.42.0.151-443-36005-6,10.42.0.151,36005,172.217.12.206,443,6,21/07/2017 04:48:37,16038670,2,0,0.0,0.0,0.0,0.0,0.0,0.0,0,0,0,0,0.0,0.1246986190251436,1.603867E7,0.0,1.603867E7,1.603867E7,1.603867E7,1.603867E7,0.0,1.603867E7,1.603867E7,0,0,0,0,0,0,0,0,0,64,0,0.1246986190251436,0.0,0.0,0.0,0.0,0.0,0.0,0,0,0,0,1,1,0,0,0.0,0.0,0.0,0.0,64,0,0,0,0,0,0,2,0,0,0,1420,-1,0,32,0,0,0,0,0,0,0,0,BENIGN
172.217.12.206-10.42.0.151-443-35975-6,10.42.0.151,35975,172.217.12.206,443,6,21/07/2017 04:48:38,16678336,2,0,0.0,0.0,0.0,0.0,0.0,0.0,0,0,0,0,0.0,0.11991603958572365,1.6678336E7,0.0,1.6678336E7,1.6678336E7,1.6678336E7,1.6678336E7,0.0,1.6678336E7,1.6678336E7,0,0,0,0,0,0,0,0,0,64,0,0.11991603958572365,0.0,0.0,0.0,0.0,0.0,0.0,0,0,0,0,1,1,0,0,0.0,0.0,0.0,0.0,64,0,0,0,0,0,0,2,0,0,0,1570,-1,0,32,0,0,0,0,0,0,0,0,BENIGN
172.217.12.206-10.42.0.151-443-41244-6,10.42.0.151,41244,172.217.12.206,443,6,21/07/2017 04:48:38,16678297,2,0,0.0,0.0,0.0,0.0,0.0,0.0,0,0,0,0,0.0,0.11991631999358207,1.6678297E7,0.0,1.6678297E7,1.6678297E7,1.6678297E7,1.6678297E7,0.0,1.6678297E7,1.6678297E7,0,0,0,0,0,0,0,0,0,64,0,0.11991631999358207,0.0,0.0,0.0,0.0,0.0,0.0,0,0,0,0,1,1,0,0,0.0,0.0,0.0,0.0,64,0,0,0,0,0,0,2,0,0,0,1679,-1,0,32,0,0,0,0,0,0,0,0,BENIGN
172.217.11.4-10.42.0.151-443-37411-6,10.42.0.151,37411,172.217.11.4,443,6,21/07/2017 04:48:38,17338624,2,0,0.0,0.0,0.0,0.0,0.0,0.0,0,0,0,0,0.0,0.11534940719632654,1.7338624E7,0.0,1.7338624E7,1.7338624E7,1.7338624E7,1.7338624E7,0.0,1.7338624E7,1.7338624E7,0,0,0,0,0,0,0,0,0,64,0,0.11534940719632654,0.0,0.0,0.0,0.0,0.0,0.0,0,0,0,0,1,1,0,0,0.0,0.0,0.0,0.0,64,0,0,0,0,0,0,2,0,0,0,1679,-1,0,32,0,0,0,0,0,0,0,0,BENIGN
172.217.12.206-10.42.0.151-443-57128-6,10.42.0.151,57128,172.217.12.206,443,6,21/07/2017 04:48:39,17961019,2,0,0.0,0.0,0.0,0.0,0.0,0.0,0,0,0,0,0.0,0.11135225679567512,1.7961019E7,0.0,1.7961019E7,1.7961019E7,1.7961019E7,1.7961019E7,0.0,1.7961019E7,1.7961019E7,0,0,0,0,0,0,0,0,0,64,0,0.11135225679567512,0.0,0.0,0.0,0.0,0.0,0.0,0,0,0,0,1,1,0,0,0.0,0.0,0.0,0.0,64,0,0,0,0,0,0,2,0,0,0,1386,-1,0,32,0,0,0,0,0,0,0,0,BENIGN
172.217.12.206-10.42.0.151-443-33649-6,10.42.0.151,33649,172.217.12.206,443,6,21/07/2017 04:48:39,17960958,2,0,0.0,0.0,0.0,0.0,0.0,0.0,0,0,0,0,0.0,0.11135263497637486,1.7960958E7,0.0,1.7960958E7,1.7960958E7,1.7960958E7,1.7960958E7,0.0,1.7960958E7,1.7960958E7,0,0,0,0,0,0,0,0,0,64,0,0.11135263497637486,0.0,0.0,0.0,0.0,0.0,0.0,0,0,0,0,1,1,0,0,0.0,0.0,0.0,0.0,64,0,0,0,0,0,0,2,0,0,0,1436,-1,0,32,0,0,0,0,0,0,0,0,BENIGN
172.217.12.206-10.42.0.151-443-54533-6,10.42.0.151,54533,172.217.12.206,443,6,21/07/2017 04:48:40,18598214,2,0,0.0,0.0,0.0,0.0,0.0,0.0,0,0,0,0,0.0,0.10753720760498832,1.8598214E7,0.0,1.8598214E7,1.8598214E7,1.8598214E7,1.8598214E7,0.0,1.8598214E7,1.8598214E7,0,0,0,0,0,0,0,0,0,64,0,0.10753720760498832,0.0,0.0,0.0,0.0,0.0,0.0,0,0,0,0,1,1,0,0,0.0,0.0,0.0,0.0,64,0,0,0,0,0,0,2,0,0,0,1436,-1,0,32,0,0,0,0,0,0,0,0,BENIGN
172.217.12.206-10.42.0.151-443-39634-6,10.42.0.151,39634,172.217.12.206,443,6,21/07/2017 04:48:40,18598145,2,0,0.0,0.0,0.0,0.0,0.0,0.0,0,0,0,0,0.0,0.10753760657312868,1.8598145E7,0.0,1.8598145E7,1.8598145E7,1.8598145E7,1.8598145E7,0.0,1.8598145E7,1.8598145E7,0,0,0,0,0,0,0,0,0,64,0,0.10753760657312868,0.0,0.0,0.0,0.0,0.0,0.0,0,0,0,0,1,1,0,0,0.0,0.0,0.0,0.0,64,0,0,0,0,0,0,2,0,0,0,1679,-1,0,32,0,0,0,0,0,0,0,0,BENIGN
172.217.12.206-10.42.0.151-443-50317-6,10.42.0.151,50317,172.217.12.206,443,6,21/07/2017 04:48:40,18598143,2,0,0.0,0.0,0.0,0.0,0.0,0.0,0,0,0,0,0.0,0.10753761813746673,1.8598143E7,0.0,1.8598143E7,1.8598143E7,1.8598143E7,1.8598143E7,0.0,1.8598143E7,1.8598143E7,0,0,0,0,0,0,0,0,0,64,0,0.10753761813746673,0.0,0.0,0.0,0.0,0.0,0.0,0,0,0,0,1,1,0,0,0.0,0.0,0.0,0.0,64,0,0,0,0,0,0,2,0,0,0,1436,-1,0,32,0,0,0,0,0,0,0,0,BENIGN
172.217.12.206-10.42.0.151-443-43850-6,10.42.0.151,43850,172.217.12.206,443,6,21/07/2017 04:48:40,18598142,2,0,0.0,0.0,0.0,0.0,0.0,0.0,0,0,0,0,0.0,0.10753762391963671,1.8598142E7,0.0,1.8598142E7,1.8598142E7,1.8598142E7,1.8598142E7,0.0,1.8598142E7,1.8598142E7,0,0,0,0,0,0,0,0,0,64,0,0.10753762391963671,0.0,0.0,0.0,0.0,0.0,0.0,0,0,0,0,1,1,0,0,0.0,0.0,0.0,0.0,64,0,0,0,0,0,0,2,0,0,0,1679,-1,0,32,0,0,0,0,0,0,0,0,BENIGN
172.217.12.206-10.42.0.151-443-60818-6,10.42.0.151,60818,172.217.12.206,443,6,21/07/2017 04:48:42,20558210,2,0,0.0,0.0,0.0,0.0,0.0,0.0,0,0,0,0,0.0,0.09728473441997139,2.055821E7,0.0,2.055821E7,2.055821E7,2.055821E7,2.055821E7,0.0,2.055821E7,2.055821E7,0,0,0,0,0,0,0,0,0,64,0,0.09728473441997139,0.0,0.0,0.0,0.0,0.0,0.0,0,0,0,0,1,1,0,0,0.0,0.0,0.0,0.0,64,0,0,0,0,0,0,2,0,0,0,1436,-1,0,32,0,0,0,0,0,0,0,0,BENIGN
10.42.0.151-108.168.176.243-41191-443-6,10.42.0.151,41191,108.168.176.243,443,6,21/07/2017 04:46:28,58306995,50,41,1976.0,1500.0,395.0,0.0,39.52000000000001,87.93509665935322,283.0,0.0,36.58536585365855,54.761289068901625,59.615488673357284,1.5607046804590083,647855.4999999998,3497468.8686247463,3.0894108E7,2.0,5.8234382E7,1188456.7755102043,4699978.805236941,3.0894108E7,2.0,5.8234431E7,1455860.775,5203814.923017518,3.1066722E7,55.0,1,0,0,0,1600,1312,0.8575300442082464,0.703174636250762,0.0,395.0,37.81521739130434,74.14478401516536,5497.448996655519,0,1,0,0,1,0,0,0,0.0,38.23076923076923,39.52,36.58536585365854,1600,0,0,0,0,0,0,50,1976,41,1500,1432,514,29,32,5648129.0,7566814.719301114,1.0998675E7,297583.0,2.1579381E7,1.3173013253202852E7,3.0894108E7,1.2264654E7,BENIGN
10.42.0.151-31.13.80.5-37630-443-6,10.42.0.151,37630,31.13.80.5,443,6,21/07/2017 04:49:05,196994,6,7,1080.0,201.0,537.0,0.0,180.0,260.24373191298963,137.0,0.0,28.714285714285715,50.07898523237828,6502.736123942861,65.99185762002904,16416.166666666668,33373.08198324821,117953.0,13.0,56523.0,11304.6,15089.359721340068,29597.0,13.0,174635.0,29105.833333333332,45656.109871151595,117953.0,14.0,0,0,0,0,200,232,30.4577804400134,35.534077180015636,0.0,537.0,91.50000000000001,183.26976753493113,33587.807692307695,0,0,0,1,0,0,0,0,1.0,98.53846153846153,180.0,28.714285714285715,200,0,0,0,0,0,0,6,1080,7,201,65535,122,3,32,0,0,0,0,0,0,0,0,BENIGN
10.42.0.151-31.13.80.5-37630-443-6,31.13.80.5,443,10.42.0.151,37630,6,21/07/2017 04:49:05,78037,2,0,64.0,0.0,64.0,0.0,32.0,45.254833995939045,0,0,0,0,820.1237874341659,25.628868357317685,78037.0,0.0,78037.0,78037.0,78037.0,78037.0,0.0,78037.0,78037.0,0,0,0,0,0,0,0,0,0,64,0,25.628868357317685,0.0,0.0,64.0,21.333333333333332,36.95041722813605,1365.3333333333333,0,0,0,0,1,1,0,0,0.0,32.0,32.0,0.0,64,0,0,0,0,0,0,2,64,0,0,122,-1,1,32,0,0,0,0,0,0,0,0,BENIGN
208.80.154.224-10.42.0.151-443-38092-6,10.42.0.151,38092,208.80.154.224,443,6,21/07/2017 04:46:07,3006328,97,86,1624.0,95667.0,272.0,0.0,16.74226804123712,48.01286250199773,1448.0,0.0,1112.4069767441856,539.8671596498526,32362.07093836734,60.87160150189867,16518.285714285717,159906.91129448137,2141359.0,4.0,3006328.0,31315.91666666666,219781.44132409865,2141359.0,5.0,2969757.0,34938.31764705882,238762.02937055947,2182517.0,4.0,0,0,0,0,3112,2760,32.26527511302825,28.60632638887041,0.0,1448.0,528.7554347826084,661.1787453507824,437157.3333036348,0,0,0,1,0,0,0,0,0.0,531.6448087431694,16.742268041237114,1112.406976744186,3112,0,0,0,0,0,0,97,1624,86,95667,65535,63,15,32,0,0,0,0,0,0,0,0,BENIGN
208.80.154.224-10.42.0.151-443-38092-6,10.42.0.151,38092,208.80.154.224,443,6,21/07/2017 04:49:10,26,1,2,38.0,23.0,38.0,38.0,38.0,0.0,23.0,0.0,11.5,16.263455967290593,2346153.8461538465,115384.61538461539,13.0,9.899494936611665,20.0,6.0,0,0,0,0,0,6.0,6.0,0.0,6.0,6.0,1,0,0,0,32,64,38461.53846153846,76923.07692307692,0.0,38.0,24.75,17.95132307101624,322.25,0,1,0,0,1,0,0,0,2.0,33.0,38.0,11.5,32,0,0,0,0,0,0,1,38,2,23,63,63,0,32,0,0,0,0,0,0,0,0,BENIGN
208.80.154.224-10.42.0.151-443-38092-6,208.80.154.224,443,10.42.0.151,38092,6,21/07/2017 04:49:10,321252,1,4,0.0,0.0,0.0,0.0,0.0,0.0,0.0,0.0,0.0,0.0,0.0,15.564105437475877,80313.0,148525.5943196323,302749.0,247.0,0,0,0,0,0,303275.0,101091.66666666667,174640.3742590279,302749.0,247.0,0,0,0,0,32,140,3.1128210874951754,12.451284349980702,0.0,0.0,0.0,0.0,0.0,0,0,0,0,1,1,0,0,4.0,0.0,0.0,0.0,32,0,0,0,0,0,0,1,0,4,0,63,4418,0,32,0,0,0,0,0,0,0,0,BENIGN
157.240.18.19-10.42.0.151-443-41906-6,10.42.0.151,41906,157.240.18.19,443,6,21/07/2017 04:48:03,78241695,2,0,0.0,0.0,0.0,0.0,0.0,0.0,0,0,0,0,0.0,0.025561818414082157,7.8241695E7,0.0,7.8241695E7,7.8241695E7,7.8241695E7,7.8241695E7,0.0,7.8241695E7,7.8241695E7,0,0,0,0,0,0,0,0,0,64,0,0.025561818414082157,0.0,0.0,0.0,0.0,0.0,0.0,0,0,0,0,1,0,0,0,0.0,0.0,0.0,0.0,64,0,0,0,0,0,0,2,0,0,0,1369,-1,0,32,0,0,0,0,0,0,0,0,BENIGN
157.240.2.35-10.42.0.151-80-51226-6,10.42.0.151,51226,157.240.2.35,80,6,21/07/2017 04:47:01,37483,2,1,0.0,0.0,0.0,0.0,0.0,0.0,0.0,0.0,0.0,0.0,0.0,80.03628311501214,18741.5,23458.267465863715,35329.0,2154.0,37483.0,37483.0,0.0,37483.0,37483.0,0,0,0,0,0,0,0,0,0,72,40,53.357522076674755,26.678761038337377,0.0,0.0,0.0,0.0,0.0,0,0,0,1,0,0,0,0,0.0,0.0,0.0,0.0,72,0,0,0,0,0,0,2,0,1,0,65535,27960,0,32,0,0,0,0,0,0,0,0,BENIGN
157.240.2.35-10.42.0.151-80-51226-6,10.42.0.151,51226,157.240.2.35,80,6,21/07/2017 04:49:22,35222,1,1,0.0,0.0,0.0,0.0,0.0,0.0,0.0,0.0,0.0,0.0,0.0,56.78269263528476,35222.0,0.0,35222.0,35222.0,0,0,0,0,0,0,0,0,0,0,0,0,0,0,32,32,28.39134631764238,28.39134631764238,0.0,0.0,0.0,0.0,0.0,0,0,0,0,1,1,0,0,1.0,0.0,0.0,0.0,32,0,0,0,0,0,0,1,0,1,0,1369,110,0,32,0,0,0,0,0,0,0,0,BENIGN
157.240.18.19-10.42.0.151-443-41906-6,10.42.0.151,41906,157.240.18.19,443,6,21/07/2017 04:49:22,479065,2,0,0.0,0.0,0.0,0.0,0.0,0.0,0,0,0,0,0.0,4.1747988268815295,479065.0,0.0,479065.0,479065.0,479065.0,479065.0,0.0,479065.0,479065.0,0,0,0,0,0,0,0,0,0,64,0,4.1747988268815295,0.0,0.0,0.0,0.0,0.0,0.0,0,0,0,0,1,1,0,0,0.0,0.0,0.0,0.0,64,0,0,0,0,0,0,2,0,0,0,1369,-1,0,32,0,0,0,0,0,0,0,0,BENIGN
157.240.18.19-10.42.0.151-443-41906-6,10.42.0.151,41906,157.240.18.19,443,6,21/07/2017 04:49:23,1918858,2,0,0.0,0.0,0.0,0.0,0.0,0.0,0,0,0,0,0.0,1.0422866100566066,1918858.0,0.0,1918858.0,1918858.0,1918858.0,1918858.0,0.0,1918858.0,1918858.0,0,0,0,0,0,0,0,0,0,64,0,1.0422866100566066,0.0,0.0,0.0,0.0,0.0,0.0,0,0,0,0,1,1,0,0,0.0,0.0,0.0,0.0,64,0,0,0,0,0,0,2,0,0,0,1369,-1,0,32,0,0,0,0,0,0,0,0,BENIGN
10.42.0.151-104.244.42.194-45326-443-6,10.42.0.151,45326,104.244.42.194,443,6,21/07/2017 04:49:27,259593,8,5,325.0,3422.0,199.0,0.0,40.625,77.71180733968295,1448.0,0.0,684.4,729.3948176399391,14434.133431949243,50.07839194431283,21632.75,25387.185235952125,64888.0,6.0,259593.0,37084.71428571429,49246.429734260215,108595.0,13.0,111499.0,27874.749999999996,53674.607909606566,108358.0,6.0,0,0,0,0,264,168,30.81747196573097,19.260919978581857,0.0,1448.0,267.6428571428571,520.554675639044,270977.1703296703,0,0,0,1,0,0,0,0,0.0,288.2307692307692,40.625,684.4,264,0,0,0,0,0,0,8,325,5,3422,65535,118,2,32,0,0,0,0,0,0,0,0,BENIGN
10.42.0.151-104.244.42.194-45326-443-6,104.244.42.194,443,10.42.0.151,45326,6,21/07/2017 04:49:27,13368,4,2,317.0,0.0,242.0,0.0,79.25,110.05869646087339,0.0,0.0,0.0,0.0,23713.345302214242,448.8330341113106,2673.6,4778.755570229556,11099.0,38.0,13368.0,4456.0,7644.407563703024,13283.0,38.0,223.0,223.0,0.0,223.0,223.0,1,0,0,0,128,40,299.22202274087374,149.61101137043687,0.0,242.0,79.85714285714285,112.08988739909972,12564.142857142855,0,1,0,0,1,0,0,0,0.0,93.16666666666667,79.25,0.0,128,0,0,0,0,0,0,4,317,2,0,118,0,2,32,0,0,0,0,0,0,0,0,BENIGN
10.42.0.151-104.244.43.195-37972-443-6,10.42.0.151,37972,104.244.43.195,443,6,21/07/2017 04:49:23,10446719,100,98,791.0,134922.0,467.0,0.0,7.910000000000002,51.92381657074842,1448.0,0.0,1376.7551020408164,282.05421213296614,12990.968743392064,18.953319219173025,53029.03045685279,707895.088135449,9935134.0,0.0,511539.0,5167.060606060604,25675.625385074003,247552.0,5.0,1.0422875E7,107452.31958762888,1010439.4607434592,9952523.0,5.0,0,0,0,0,3208,3144,9.57238344402678,9.380935775146245,0.0,1448.0,681.9748743718593,714.8908897265364,511068.9842139989,0,0,0,1,0,0,0,0,0.0,685.4191919191919,7.91,1376.7551020408164,3208,0,0,0,0,0,0,100,791,98,134922,65535,61,3,32,511539.0,0.0,511539.0,511539.0,9935134.0,0.0,9935134.0,9935134.0,BENIGN
10.42.0.151-104.244.43.195-37969-443-6,10.42.0.151,37969,104.244.43.195,443,6,21/07/2017 04:49:23,10487697,11,9,794.0,5838.0,470.0,0.0,72.18181818181819,147.87414796496253,1448.0,0.0,648.6666666666666,696.568553697337,632.3599928563916,1.9069963596392991,551984.052631579,2312601.3529331586,1.0099359E7,15.0,388295.0,38829.5,71054.37991230535,232658.0,39.0,1.0464044E7,1308005.5,3554725.7742957976,1.0101931E7,15.0,0,0,0,0,360,296,1.0488479978016145,0.8581483618376846,0.0,1448.0,315.80952380952385,540.8377408287646,292505.4619047619,0,0,0,1,0,0,0,0,0.0,331.6,72.18181818181819,648.6666666666666,360,0,0,0,0,0,0,11,794,9,5838,65535,61,3,32,388295.0,0.0,388295.0,388295.0,1.0099359E7,0.0,1.0099359E7,1.0099359E7,BENIGN
10.42.0.151-104.244.43.195-37970-443-6,10.42.0.151,37970,104.244.43.195,443,6,21/07/2017 04:49:23,10511337,112,110,793.0,152049.0,469.0,0.0,7.080357142857144,49.26726859514595,1448.0,0.0,1382.2636363636366,275.9149143304114,14540.681171196396,21.120053519357246,47562.610859728506,673660.7699169534,1.001424E7,4.0,497053.0,4477.954954954955,22505.23070730139,223664.0,7.0,1.0487676E7,96217.21100917431,960749.8363993082,1.0030474E7,4.0,0,0,0,0,3592,3528,10.655162135891944,10.464891383465302,0.0,1448.0,685.3901345291482,716.56246170439,513461.76152385544,0,0,0,1,0,0,0,0,0.0,688.4774774774775,7.080357142857143,1382.2636363636364,3592,0,0,0,0,0,0,112,793,110,152049,65535,61,3,32,497053.0,0.0,497053.0,497053.0,1.001424E7,0.0,1.001424E7,1.001424E7,BENIGN
10.42.0.151-104.244.43.195-37971-443-6,10.42.0.151,37971,104.244.43.195,443,6,21/07/2017 04:49:23,10516864,26,24,794.0,28153.0,470.0,0.0,30.538461538461533,100.34589409407074,1448.0,0.0,1173.0416666666665,515.9283299710015,2752.436467753125,4.754268953178438,214629.8775510204,1439408.0792125491,1.0082041E7,7.0,434779.0,17391.16,47582.60889554782,236136.0,7.0,1.0492464E7,456194.08695652167,2101094.186612838,1.0091151E7,7.0,0,0,0,0,840,776,2.4722198556527877,2.2820490975256504,0.0,1448.0,567.5882352941176,678.1273088873678,459856.6470588235,0,0,0,1,0,0,0,0,0.0,578.94,30.53846153846154,1173.0416666666667,840,0,0,0,0,0,0,26,794,24,28153,65535,61,3,32,434779.0,0.0,434779.0,434779.0,1.0082041E7,0.0,1.0082041E7,1.0082041E7,BENIGN
10.42.0.151-104.244.43.195-37972-443-6,10.42.0.151,37972,104.244.43.195,443,6,21/07/2017 04:49:34,12752,1,1,0.0,0.0,0.0,0.0,0.0,0.0,0.0,0.0,0.0,0.0,0.0,156.83814303638647,12752.0,0.0,12752.0,12752.0,0,0,0,0,0,0,0,0,0,0,0,0,0,0,32,32,78.41907151819323,78.41907151819323,0.0,0.0,0.0,0.0,0.0,0,0,0,0,1,0,0,0,1.0,0.0,0.0,0.0,32,0,0,0,0,0,0,1,0,1,0,5577,61,0,32,0,0,0,0,0,0,0,0,BENIGN
172.217.6.202-10.42.0.151-443-53927-6,10.42.0.151,53927,172.217.6.202,443,6,21/07/2017 04:48:57,36557398,2,0,0.0,0.0,0.0,0.0,0.0,0.0,0,0,0,0,0.0,0.05470848882625618,3.6557398E7,0.0,3.6557398E7,3.6557398E7,3.6557398E7,3.6557398E7,0.0,3.6557398E7,3.6557398E7,0,0,0,0,0,0,0,0,0,64,0,0.05470848882625618,0.0,0.0,0.0,0.0,0.0,0.0,0,0,0,0,1,1,0,0,0.0,0.0,0.0,0.0,64,0,0,0,0,0,0,2,0,0,0,4205,-1,0,32,0,0,0,0,0,0,0,0,BENIGN
172.217.10.46-10.42.0.151-443-37739-6,10.42.0.151,37739,172.217.10.46,443,6,21/07/2017 04:46:18,56376126,22,35,4741.0,4249.0,1368.0,0.0,215.5,408.22131602495097,765.0,0.0,121.4,198.073842439691,159.46466417362555,1.0110662800774923,1006716.5357142852,7443863.820352866,5.571652E7,8.0,5.629945E7,2680926.190476191,1.2160575871035984E7,5.5753526E7,10.0,5.6338982E7,1657028.8823529412,9558738.907042697,5.5753902E7,8.0,1,0,0,0,716,1120,0.3902361081000848,0.6208301719774076,0.0,1368.0,157.06896551724145,294.82328111962113,86920.76709013914,0,1,0,0,1,0,0,0,1.0,159.82456140350877,215.5,121.4,716,0,0,0,0,0,0,22,4741,35,4249,3186,467,14,32,223392.0,0.0,223392.0,223392.0,5.571652E7,0.0,5.571652E7,5.571652E7,BENIGN
157.240.18.19-10.42.0.151-443-41906-6,10.42.0.151,41906,157.240.18.19,443,6,21/07/2017 04:49:29,7699467,2,0,0.0,0.0,0.0,0.0,0.0,0.0,0,0,0,0,0.0,0.2597582404080698,7699467.0,0.0,7699467.0,7699467.0,7699467.0,7699467.0,0.0,7699467.0,7699467.0,0,0,0,0,0,0,0,0,0,64,0,0.2597582404080698,0.0,0.0,0.0,0.0,0.0,0.0,0,0,0,0,1,1,0,0,0.0,0.0,0.0,0.0,64,0,0,0,0,0,0,2,0,0,0,1369,-1,0,32,0,0,0,0,0,0,0,0,BENIGN
10.42.0.151-104.244.43.195-37977-443-6,10.42.0.151,37977,104.244.43.195,443,6,21/07/2017 04:49:26,10695784,7,8,1029.0,2128.0,517.0,0.0,147.0,234.928357873913,1448.0,0.0,266.0,506.95195602175727,295.1630287223452,1.4024217392572624,763984.5714285715,2684547.5961624035,1.0082002E7,25.0,613735.0,102289.16666666667,204966.77465522714,520049.0,424.0,1.0671944E7,1524563.4285714286,3780089.0159769543,1.0088082E7,25.0,0,0,0,0,232,264,0.6544634783200558,0.7479582609372066,0.0,1448.0,197.3125,385.10132324709906,148303.02916666667,0,0,0,1,0,0,0,0,1.0,210.46666666666667,147.0,266.0,232,0,0,0,0,0,0,7,1029,8,2128,65535,61,3,32,613735.0,0.0,613735.0,613735.0,1.0082002E7,0.0,1.0082002E7,1.0082002E7,BENIGN
10.42.0.151-104.244.43.195-37969-443-6,10.42.0.151,37969,104.244.43.195,443,6,21/07/2017 04:49:34,3548754,3,0,0.0,0.0,0.0,0.0,0.0,0.0,0,0,0,0,0.0,0.8453671344928388,1774377.0,2453847.206907553,3509509.0,39245.0,3548754.0,1774377.0,2453847.206907553,3509509.0,39245.0,0,0,0,0,0,0,0,0,0,96,0,0.8453671344928388,0.0,0.0,0.0,0.0,0.0,0.0,0,0,0,0,1,0,0,0,0.0,0.0,0.0,0.0,96,0,0,0,0,0,0,3,0,0,0,1550,-1,0,32,0,0,0,0,0,0,0,0,BENIGN
10.42.0.151-104.244.43.195-37971-443-6,10.42.0.151,37971,104.244.43.195,443,6,21/07/2017 04:49:34,3548799,3,0,0.0,0.0,0.0,0.0,0.0,0.0,0,0,0,0,0.0,0.845356414944887,1774399.5,2453698.007376723,3509426.0,39373.0,3548799.0,1774399.5,2453698.007376723,3509426.0,39373.0,0,0,0,0,0,0,0,0,0,96,0,0.845356414944887,0.0,0.0,0.0,0.0,0.0,0.0,0,0,0,0,1,0,0,0,0.0,0.0,0.0,0.0,96,0,0,0,0,0,0,3,0,0,0,2274,-1,0,32,0,0,0,0,0,0,0,0,BENIGN
10.42.0.151-104.244.43.195-37970-443-6,10.42.0.151,37970,104.244.43.195,443,6,21/07/2017 04:49:34,3548822,3,0,0.0,0.0,0.0,0.0,0.0,0.0,0,0,0,0,0.0,0.8453509361698051,1774411.0,2453719.9276869395,3509453.0,39369.0,3548822.0,1774411.0,2453719.9276869395,3509453.0,39369.0,0,0,0,0,0,0,0,0,0,96,0,0.8453509361698051,0.0,0.0,0.0,0.0,0.0,0.0,0,0,0,0,1,0,0,0,0.0,0.0,0.0,0.0,96,0,0,0,0,0,0,3,0,0,0,6120,-1,0,32,0,0,0,0,0,0,0,0,BENIGN
10.42.0.151-104.244.43.195-37972-443-6,10.42.0.151,37972,104.244.43.195,443,6,21/07/2017 04:49:34,3534467,2,0,0.0,0.0,0.0,0.0,0.0,0.0,0,0,0,0,0.0,0.5658561814270724,3534467.0,0.0,3534467.0,3534467.0,3534467.0,3534467.0,0.0,3534467.0,3534467.0,0,0,0,0,0,0,0,0,0,76,0,0.5658561814270724,0.0,0.0,0.0,0.0,0.0,0.0,0,0,0,0,1,0,0,0,0.0,0.0,0.0,0.0,76,0,0,0,0,0,0,2,0,0,0,5577,-1,0,32,0,0,0,0,0,0,0,0,BENIGN
10.42.0.151-104.244.43.195-37977-443-6,10.42.0.151,37977,104.244.43.195,443,6,21/07/2017 04:49:37,12027,1,1,0.0,0.0,0.0,0.0,0.0,0.0,0.0,0.0,0.0,0.0,0.0,166.29250852249106,12027.0,0.0,12027.0,12027.0,0,0,0,0,0,0,0,0,0,0,0,0,0,0,32,32,83.14625426124553,83.14625426124553,0.0,0.0,0.0,0.0,0.0,0,0,0,0,1,0,0,0,1.0,0.0,0.0,0.0,32,0,0,0,0,0,0,1,0,1,0,1460,61,0,32,0,0,0,0,0,0,0,0,BENIGN
10.42.0.151-104.244.43.195-37977-443-6,10.42.0.151,37977,104.244.43.195,443,6,21/07/2017 04:49:37,284602,2,0,0.0,0.0,0.0,0.0,0.0,0.0,0,0,0,0,0.0,7.027357502758237,284602.0,0.0,284602.0,284602.0,284602.0,284602.0,0.0,284602.0,284602.0,0,0,0,0,0,0,0,0,0,76,0,7.027357502758237,0.0,0.0,0.0,0.0,0.0,0.0,0,0,0,0,1,0,0,0,0.0,0.0,0.0,0.0,76,0,0,0,0,0,0,2,0,0,0,1460,-1,0,32,0,0,0,0,0,0,0,0,BENIGN
10.42.0.151-104.244.42.1-60560-80-6,10.42.0.151,60560,104.244.42.1,80,6,21/07/2017 04:49:22,15848430,3,1,0.0,0.0,0.0,0.0,0.0,0.0,0.0,0.0,0.0,0.0,0.0,0.25239093083668224,5282810.0,9108706.306797469,1.5800612E7,3626.0,1.584843E7,7924215.0,1.1138907460034758E7,1.5800612E7,47818.0,0,0,0,0,0,0,0,0,0,104,40,0.1892931981275117,0.06309773270917056,0.0,0.0,0.0,0.0,0.0,0,0,0,1,0,0,0,0,0.0,0.0,0.0,0.0,104,0,0,0,0,0,0,3,0,1,0,65535,28960,0,32,0,0,0,0,0,0,0,0,BENIGN
172.217.12.206-10.42.0.151-443-48526-6,10.42.0.151,48526,172.217.12.206,443,6,21/07/2017 04:49:00,38434216,2,0,0.0,0.0,0.0,0.0,0.0,0.0,0,0,0,0,0.0,0.05203696622821707,3.8434216E7,0.0,3.8434216E7,3.8434216E7,3.8434216E7,3.8434216E7,0.0,3.8434216E7,3.8434216E7,0,0,0,0,0,0,0,0,0,64,0,0.05203696622821707,0.0,0.0,0.0,0.0,0.0,0.0,0,0,0,0,1,1,0,0,0.0,0.0,0.0,0.0,64,0,0,0,0,0,0,2,0,0,0,1436,-1,0,32,0,0,0,0,0,0,0,0,BENIGN
10.42.0.151-104.244.43.195-37973-443-6,10.42.0.151,37973,104.244.43.195,443,6,21/07/2017 04:49:23,24175793,90,155,3046.0,214549.0,485.0,0.0,33.84444444444444,115.4720561664417,1448.0,0.0,1384.187096774195,263.15828497181843,9000.532061140662,10.13410397747863,99081.11885245901,914129.0785561005,1.0010348E7,4.0,1.4165266E7,159160.2921348315,1081849.3033842684,9733245.0,8.0,2.415171E7,156829.2857142857,1152571.0785039568,1.0051332E7,4.0,0,0,0,0,2888,4968,3.7227320733594964,6.411371904119133,0.0,1448.0,884.532520325203,689.456317125187,475350.0132238263,0,0,0,1,0,0,0,0,1.0,888.1428571428571,33.84444444444444,1384.1870967741936,2888,0,0,0,0,0,0,90,3046,155,214549,65535,72,8,32,2216010.5,2995659.999817152,4334262.0,97759.0,9871796.5,195941.41038713587,1.0010348E7,9733245.0,BENIGN
10.42.0.151-104.244.43.195-37973-443-6,10.42.0.151,37973,104.244.43.195,443,6,21/07/2017 04:49:47,16356,1,1,0.0,0.0,0.0,0.0,0.0,0.0,0.0,0.0,0.0,0.0,0.0,122.27928588897042,16356.0,0.0,16356.0,16356.0,0,0,0,0,0,0,0,0,0,0,0,0,0,0,32,32,61.13964294448521,61.13964294448521,0.0,0.0,0.0,0.0,0.0,0,0,0,0,1,0,0,0,1.0,0.0,0.0,0.0,32,0,0,0,0,0,0,1,0,1,0,8066,72,0,32,0,0,0,0,0,0,0,0,BENIGN
10.42.0.151-104.244.43.195-37990-443-6,10.42.0.151,37990,104.244.43.195,443,6,21/07/2017 04:49:38,10621853,17,13,1624.0,9481.0,433.0,0.0,95.5294117647059,170.0742917253585,1448.0,0.0,729.3076923076924,656.2258737933895,1045.4861312804837,2.8243659557329592,366270.79310344823,1862515.9884219475,1.0049161E7,5.0,572650.0,35790.625,35357.60309914498,118746.0,9.0,1.0598066E7,883172.1666666667,2888758.7931407443,1.0054124E7,5.0,0,0,0,0,552,424,1.6004740415820102,1.223891914150949,0.0,1448.0,358.22580645161287,539.1969775927544,290733.38064516126,0,0,0,1,0,0,0,0,0.0,370.1666666666667,95.52941176470588,729.3076923076923,552,0,0,0,0,0,0,17,1624,13,9481,65535,65,5,32,572650.0,0.0,572650.0,572650.0,1.0049161E7,0.0,1.0049161E7,1.0049161E7,BENIGN
10.42.0.151-104.244.43.195-37989-443-6,10.42.0.151,37989,104.244.43.195,443,6,21/07/2017 04:49:38,10629328,16,12,1624.0,9998.0,433.0,0.0,101.50000000000001,173.80218640742123,1448.0,0.0,833.1666666666667,637.9925666898597,1093.3899113848026,2.6342210909287966,393678.8148148148,1931392.844175217,1.0056529E7,5.0,572754.0,38183.59999999999,36941.355988338364,128574.0,11.0,1.0605416E7,964128.7272727272,3018034.3458521175,1.0061802E7,5.0,0,0,0,0,520,392,1.5052691948164552,1.1289518961123413,0.0,1448.0,400.7586206896551,559.5823477745583,313132.4039408867,0,0,0,1,0,0,0,0,0.0,415.07142857142856,101.5,833.1666666666666,520,0,0,0,0,0,0,16,1624,12,9998,65535,65,5,32,572754.0,0.0,572754.0,572754.0,1.0056529E7,0.0,1.0056529E7,1.0056529E7,BENIGN
10.42.0.151-104.244.43.195-37991-443-6,10.42.0.151,37991,104.244.43.195,443,6,21/07/2017 04:49:38,10634935,17,13,1624.0,9838.0,433.0,0.0,95.5294117647059,170.0742917253585,1448.0,0.0,756.7692307692308,642.2451704562355,1077.7686934616902,2.820891712079105,366721.8965517242,1863248.4962474112,1.0053211E7,8.0,581679.0,36354.9375,37017.1342353218,126163.0,8.0,1.0610587E7,884215.5833333334,2888817.8094087197,1.0055597E7,10.0,0,0,0,0,552,424,1.598505303511493,1.2223864085676122,0.0,1448.0,369.74193548387103,540.8266492288717,292493.464516129,0,0,0,1,0,0,0,0,0.0,382.06666666666666,95.52941176470588,756.7692307692307,552,0,0,0,0,0,0,17,1624,13,9838,65535,65,5,32,581679.0,0.0,581679.0,581679.0,1.0053211E7,0.0,1.0053211E7,1.0053211E7,BENIGN
10.42.0.151-104.244.43.195-37987-443-6,10.42.0.151,37987,104.244.43.195,443,6,21/07/2017 04:49:38,10644756,17,13,1624.0,9569.0,433.0,0.0,95.5294117647059,170.0742917253585,1448.0,0.0,736.0769230769231,653.8625571094766,1051.5036699760897,2.8182891181347887,367060.5517241379,1865686.3156762482,1.0066169E7,5.0,578540.0,36158.749999999985,38498.38969705962,141483.0,7.0,1.0620617E7,885051.4166666666,2893730.779881333,1.0071902E7,5.0,0,0,0,0,552,424,1.5970305002763803,1.2212586178584084,0.0,1448.0,361.0645161290322,540.0772744391227,291683.4623655914,0,0,0,1,0,0,0,0,0.0,373.1,95.52941176470588,736.0769230769231,552,0,0,0,0,0,0,17,1624,13,9569,65535,65,5,32,578540.0,0.0,578540.0,578540.0,1.0066169E7,0.0,1.0066169E7,1.0066169E7,BENIGN
10.42.0.151-104.244.43.195-37992-443-6,10.42.0.151,37992,104.244.43.195,443,6,21/07/2017 04:49:38,10694843,17,13,1623.0,9936.0,433.0,0.0,95.47058823529413,169.95040366495854,1448.0,0.0,764.3076923076922,651.9992822868473,1080.8012796447783,2.8050902664022277,368787.6896551724,1876148.788161519,1.0122333E7,7.0,572309.0,35769.31249999999,37882.69971498644,136486.0,7.0,1.0670983E7,889248.5833333334,2909383.2668913137,1.012592E7,8.0,0,0,0,0,552,424,1.5895511509612623,1.2155391154409654,0.0,1448.0,372.8709677419354,547.7974529535215,300082.0494623656,0,0,0,1,0,0,0,0,0.0,385.3,95.47058823529412,764.3076923076923,552,0,0,0,0,0,0,17,1623,13,9936,65535,65,5,32,572309.0,0.0,572309.0,572309.0,1.0122333E7,0.0,1.0122333E7,1.0122333E7,BENIGN
10.42.0.151-104.244.43.195-37988-443-6,10.42.0.151,37988,104.244.43.195,443,6,21/07/2017 04:49:38,10712082,16,12,1623.0,9272.0,433.0,0.0,101.43750000000001,173.67516373966657,1448.0,0.0,772.6666666666667,648.5236847617592,1017.0758588293106,2.6138709543112157,396743.77777777775,1947083.7499896397,1.0137994E7,11.0,574048.0,38269.86666666667,39555.36915851837,138836.0,11.0,1.0688322E7,971665.6363636365,3042507.044557934,1.014293E7,17.0,0,0,0,0,520,392,1.493640545320695,1.120230408990521,0.0,1448.0,375.68965517241384,544.9285079877303,296947.0788177339,0,0,0,1,0,0,0,0,0.0,389.10714285714283,101.4375,772.6666666666666,520,0,0,0,0,0,0,16,1623,12,9272,65535,65,5,32,574048.0,0.0,574048.0,574048.0,1.0137994E7,0.0,1.0137994E7,1.0137994E7,BENIGN
10.42.0.151-104.244.43.195-37987-443-6,10.42.0.151,37987,104.244.43.195,443,6,21/07/2017 04:49:49,6678,1,1,0.0,0.0,0.0,0.0,0.0,0.0,0.0,0.0,0.0,0.0,0.0,299.4908655286014,6678.0,0.0,6678.0,6678.0,0,0,0,0,0,0,0,0,0,0,0,0,0,0,32,32,149.7454327643007,149.7454327643007,0.0,0.0,0.0,0.0,0.0,0,0,0,0,1,0,0,0,1.0,0.0,0.0,0.0,32,0,0,0,0,0,0,1,0,1,0,1731,65,0,32,0,0,0,0,0,0,0,0,BENIGN
10.42.0.151-104.244.43.195-37986-443-6,10.42.0.151,37986,104.244.43.195,443,6,21/07/2017 04:49:38,11386351,36,36,3975.0,38462.0,517.0,0.0,110.41666666666667,206.2789200503601,1448.0,0.0,1068.3888888888887,530.2137724017026,3727.006132166486,6.323360310954756,160371.14084507042,1187462.9454614848,1.0017959E7,6.0,1368202.0,39091.48571428571,61809.21536345028,231797.0,8.0,1.1362777E7,324650.77142857143,1693909.6602128337,1.0050407E7,6.0,0,0,0,0,1160,1160,3.161680155477378,3.161680155477378,0.0,1448.0,581.3287671232873,625.7234491813483,391529.8348554034,0,0,0,1,0,0,0,0,1.0,589.4027777777778,110.41666666666667,1068.388888888889,1160,0,0,0,0,0,0,36,3975,36,38462,65535,74,9,32,1368202.0,0.0,1368202.0,1368202.0,1.0017959E7,0.0,1.0017959E7,1.0017959E7,BENIGN
10.42.0.151-104.244.43.195-37984-443-6,10.42.0.151,37984,104.244.43.195,443,6,21/07/2017 04:49:38,11452773,95,96,3489.0,123644.0,517.0,0.0,36.726315789473695,128.98618119166818,1448.0,0.0,1287.9583333333335,399.92472756669883,11100.630388815005,16.67718377025372,60277.752631578944,731726.0860730719,1.0083235E7,5.0,1369482.0,14568.95744680852,47161.47954187628,287109.0,8.0,1.1429222E7,120307.59999999999,1034902.5035399229,1.0088489E7,5.0,0,0,0,0,3048,3080,8.29493433599007,8.382249434263649,0.0,1448.0,662.151041666667,693.8526203325637,481431.4587423647,0,0,0,1,0,0,0,0,1.0,665.6178010471205,36.72631578947368,1287.9583333333333,3048,0,0,0,0,0,0,95,3489,96,123644,65535,72,8,32,1369482.0,0.0,1369482.0,1369482.0,1.0083235E7,0.0,1.0083235E7,1.0083235E7,BENIGN
10.42.0.151-104.244.43.195-37983-443-6,10.42.0.151,37983,104.244.43.195,443,6,21/07/2017 04:49:38,11463494,63,56,4457.0,65158.0,517.0,0.0,70.74603174603175,172.519748121957,1448.0,0.0,1163.5357142857147,472.9340897490401,6072.755828196882,10.380779193498945,97148.25423728814,924634.4046640992,1.0048905E7,6.0,1414553.0,22815.370967741936,47255.46619929365,252550.0,8.0,1.1439232E7,207986.03636363635,1353420.085022699,1.0052934E7,6.0,0,0,0,0,2024,1800,5.495706631852382,4.885072561646562,0.0,1448.0,580.1249999999999,647.4938702217883,419248.31197479,0,0,0,1,0,0,0,0,0.0,585.0,70.74603174603175,1163.5357142857142,2024,0,0,0,0,0,0,63,4457,56,65158,65535,76,10,32,1414553.0,0.0,1414553.0,1414553.0,1.0048905E7,0.0,1.0048905E7,1.0048905E7,BENIGN
10.42.0.151-104.244.43.195-37981-443-6,10.42.0.151,37981,104.244.43.195,443,6,21/07/2017 04:49:38,11488547,66,66,3989.0,82107.0,517.0,0.0,60.43939393939394,161.76470365107264,1448.0,0.0,1244.0454545454545,469.26975780930695,7494.072139845012,11.489703615261355,87698.83206106871,875742.6037266196,1.0023197E7,5.0,1465305.0,22543.153846153844,59331.00374283425,349856.0,7.0,1.1464184E7,176372.06153846154,1247600.3515572012,1.0066535E7,5.0,0,0,0,0,2120,2120,5.744851807630678,5.744851807630678,0.0,1448.0,647.3383458646616,689.0238801246961,474753.90738209157,0,0,0,1,0,0,0,0,1.0,652.2424242424242,60.43939393939394,1244.0454545454545,2120,0,0,0,0,0,0,66,3989,66,82107,65535,74,9,32,1465305.0,0.0,1465305.0,1465305.0,1.0023197E7,0.0,1.0023197E7,1.0023197E7,BENIGN
10.42.0.151-104.244.43.195-37984-443-6,10.42.0.151,37984,104.244.43.195,443,6,21/07/2017 04:49:49,20199,1,1,0.0,0.0,0.0,0.0,0.0,0.0,0.0,0.0,0.0,0.0,0.0,99.01480271300558,20199.0,0.0,20199.0,20199.0,0,0,0,0,0,0,0,0,0,0,0,0,0,0,32,32,49.50740135650279,49.50740135650279,0.0,0.0,0.0,0.0,0.0,0,0,0,0,1,0,0,0,1.0,0.0,0.0,0.0,32,0,0,0,0,0,0,1,0,1,0,5261,72,0,32,0,0,0,0,0,0,0,0,BENIGN
10.42.0.151-104.244.43.195-37985-443-6,10.42.0.151,37985,104.244.43.195,443,6,21/07/2017 04:49:38,11523154,64,58,3999.0,68070.0,517.0,0.0,62.484375,164.35588488046682,1448.0,0.0,1173.6206896551726,501.2860593001154,6254.277257771613,10.587379115127682,95232.67768595042,920192.5699698969,1.0125155E7,5.0,1397785.0,22187.063492063495,51186.3277586433,237439.0,7.0,1.1499124E7,201739.01754385966,1339721.3644917589,1.0127665E7,5.0,0,0,0,0,2056,1864,5.554034945640751,5.033344169486931,0.0,1448.0,585.9268292682925,664.9065282605296,442100.6913234705,0,0,0,1,0,0,0,0,0.0,590.7295081967213,62.484375,1173.6206896551723,2056,0,0,0,0,0,0,64,3999,58,68070,65535,74,9,32,1397785.0,0.0,1397785.0,1397785.0,1.0125155E7,0.0,1.0125155E7,1.0125155E7,BENIGN
10.42.0.151-104.244.43.195-37982-443-6,10.42.0.151,37982,104.244.43.195,443,6,21/07/2017 04:49:38,11548741,53,50,3985.0,57897.0,517.0,0.0,75.188679245283,177.50721075318577,1448.0,0.0,1157.9399999999998,519.5512746002801,5358.332999242082,8.918721096957668,113222.95098039214,1001863.7522487713,1.0122922E7,5.0,1425780.0,27418.846153846156,59529.817272073466,265270.0,7.0,1.152444E7,235192.65306122447,1444350.7439170917,1.0127363E7,5.0,0,0,0,0,1704,1608,4.589244836298606,4.329476260659062,0.0,1448.0,595.019230769231,663.8012040223628,440632.03846153844,0,0,0,1,0,0,0,0,0.0,600.7961165048544,75.18867924528301,1157.94,1704,0,0,0,0,0,0,53,3985,50,57897,65535,74,9,32,1425780.0,0.0,1425780.0,1425780.0,1.0122922E7,0.0,1.0122922E7,1.0122922E7,BENIGN
172.217.10.35-10.42.0.151-443-41165-6,10.42.0.151,41165,172.217.10.35,443,6,21/07/2017 04:49:49,323540,2,0,0.0,0.0,0.0,0.0,0.0,0.0,0,0,0,0,0.0,6.181615874389566,323540.0,0.0,323540.0,323540.0,323540.0,323540.0,0.0,323540.0,323540.0,0,0,0,0,0,0,0,0,0,64,0,6.181615874389566,0.0,0.0,0.0,0.0,0.0,0.0,0,0,0,0,1,1,0,0,0.0,0.0,0.0,0.0,64,0,0,0,0,0,0,2,0,0,0,1369,-1,0,32,0,0,0,0,0,0,0,0,BENIGN
172.217.10.35-10.42.0.151-443-41165-6,10.42.0.151,41165,172.217.10.35,443,6,21/07/2017 04:49:50,1319498,2,0,0.0,0.0,0.0,0.0,0.0,0.0,0,0,0,0,0.0,1.5157279510844275,1319498.0,0.0,1319498.0,1319498.0,1319498.0,1319498.0,0.0,1319498.0,1319498.0,0,0,0,0,0,0,0,0,0,64,0,1.5157279510844275,0.0,0.0,0.0,0.0,0.0,0.0,0,0,0,0,1,1,0,0,0.0,0.0,0.0,0.0,64,0,0,0,0,0,0,2,0,0,0,1369,-1,0,32,0,0,0,0,0,0,0,0,BENIGN
157.240.2.35-10.42.0.151-80-51225-6,10.42.0.151,51225,157.240.2.35,80,6,21/07/2017 04:47:01,444145,4,3,401.0,281.0,401.0,0.0,100.25,200.49999999999997,281.0,0.0,93.66666666666667,162.23542564228484,1535.5345664141214,15.760618716860485,74024.16666666667,135052.38963071577,348014.0,2052.0,444145.0,148048.33333333334,173496.31620392788,348014.0,37517.0,406662.0,203331.0,257351.51301284396,385306.0,21356.0,0,0,0,0,136,104,9.006067838205992,6.754550878654493,0.0,401.0,85.25000000000001,161.0773993191738,25945.928571428572,0,0,0,1,0,0,0,0,0.0,97.42857142857143,100.25,93.66666666666667,136,0,0,0,0,0,0,4,401,3,281,65535,114,1,32,0,0,0,0,0,0,0,0,BENIGN
157.240.2.35-10.42.0.151-80-51225-6,10.42.0.151,51225,157.240.2.35,80,6,21/07/2017 04:49:51,34947,1,1,0.0,0.0,0.0,0.0,0.0,0.0,0.0,0.0,0.0,0.0,0.0,57.22951898589292,34947.0,0.0,34947.0,34947.0,0,0,0,0,0,0,0,0,0,0,0,0,0,0,32,32,28.61475949294646,28.61475949294646,0.0,0.0,0.0,0.0,0.0,0,0,0,0,1,1,0,0,1.0,0.0,0.0,0.0,32,0,0,0,0,0,0,1,0,1,0,1386,114,0,32,0,0,0,0,0,0,0,0,BENIGN
172.217.3.99-10.42.0.151-443-60958-6,10.42.0.151,60958,172.217.3.99,443,6,21/07/2017 04:46:06,186932,5,6,272.0,137.0,196.0,0.0,54.4,81.40515954164086,61.0,0.0,22.833333333333332,26.384970469315796,2187.961397727516,58.84492756724371,18693.199999999997,24889.777646433264,77485.0,36.0,109447.0,27361.75,28495.567343887014,65669.0,334.0,149652.0,29930.4,54442.37018444366,125595.0,36.0,1,0,0,0,160,192,26.74769434874714,32.09723321849657,0.0,196.0,50.416666666666664,71.24025717544991,5075.174242424242,0,1,0,0,1,0,0,0,1.0,55.0,54.4,22.833333333333332,160,0,0,0,0,0,0,5,272,6,137,2034,427,2,32,0,0,0,0,0,0,0,0,BENIGN
10.42.0.151-104.244.42.1-55823-443-6,10.42.0.151,55823,104.244.42.1,443,6,21/07/2017 04:49:22,29252421,15,10,821.0,4096.0,303.0,0.0,54.73333333333333,89.88521781111942,1448.0,0.0,409.59999999999997,587.4654032366502,168.0886515341756,0.8546301176234269,1218850.8750000002,5902692.372103122,2.8930989E7,5.0,2.9252421E7,2089458.6428571427,7725606.999509046,2.8930989E7,9.0,275788.0,30643.11111111111,46027.78018611272,116582.0,5.0,0,0,0,0,488,328,0.5127780705740561,0.3418520470493707,0.0,1448.0,189.1153846153846,400.59598868916066,160477.14615384614,0,0,0,1,0,0,0,0,0.0,196.68,54.733333333333334,409.6,488,0,0,0,0,0,0,15,821,10,4096,65535,122,7,32,0,0,0,0,0,0,0,0,BENIGN
172.217.9.238-10.42.0.151-443-56999-6,10.42.0.151,56999,172.217.9.238,443,6,21/07/2017 04:49:49,2539358,19,17,1577.0,5994.0,816.0,0.0,83.00000000000001,192.71625659387314,1418.0,0.0,352.5882352941176,533.9021514780973,2981.4622436064546,14.176811619314803,72553.08571428571,362585.014472255,2153859.0,5.0,2539358.0,141075.44444444444,515876.7150124399,2203384.0,9.0,349340.0,21833.75,30504.497232375426,91977.0,5.0,0,0,0,0,628,552,7.482206132416146,6.694605486898657,0.0,1418.0,204.62162162162167,405.66990900863607,164568.07507507506,0,0,0,1,0,0,0,0,0.0,210.30555555555554,83.0,352.5882352941176,628,0,0,0,0,0,0,19,1577,17,5994,65535,361,9,32,0,0,0,0,0,0,0,0,BENIGN
172.217.9.238-10.42.0.151-443-57000-6,10.42.0.151,57000,172.217.9.238,443,6,21/07/2017 04:49:49,2492540,3,1,0.0,0.0,0.0,0.0,0.0,0.0,0.0,0.0,0.0,0.0,0.0,1.6047886894493169,830846.6666666666,1395855.6155940103,2442586.0,13352.0,2492540.0,1246270.0,1691846.3120839316,2442586.0,49954.0,0,0,0,0,0,0,0,0,0,104,40,1.2035915170869875,0.4011971723623292,0.0,0.0,0.0,0.0,0.0,0,0,0,1,0,0,0,0,0.0,0.0,0.0,0.0,104,0,0,0,0,0,0,3,0,1,0,65535,42408,0,32,0,0,0,0,0,0,0,0,BENIGN
199.16.156.43-10.42.0.151-443-49665-6,10.42.0.151,49665,199.16.156.43,443,6,21/07/2017 04:49:23,28857604,38,33,1151.0,16479.0,305.0,0.0,30.289473684210527,68.76985036070985,1448.0,0.0,499.3636363636364,530.9487274081779,610.930831263746,2.460356722616334,412251.48571428563,2315434.534114279,1.3988314E7,9.0,2.8857604E7,779935.2432432431,3159335.794540817,1.3988314E7,9.0,1.5185545E7,474548.28125,2478717.2451093467,1.4037543E7,12.0,0,0,0,0,1224,1064,1.3168106402735307,1.143546082342803,0.0,1448.0,244.86111111111117,430.2467128977414,185112.23395931153,0,0,0,1,0,0,0,0,0.0,248.30985915492957,30.289473684210527,499.3636363636364,1224,0,0,0,0,0,0,38,1151,33,16479,65535,126,10,32,386212.0,0.0,386212.0,386212.0,1.3988314E7,0.0,1.3988314E7,1.3988314E7,BENIGN
10.42.0.151-104.244.42.194-45314-443-6,10.42.0.151,45314,104.244.42.194,443,6,21/07/2017 04:49:23,28445571,25,17,2095.0,4892.0,584.0,0.0,83.80000000000001,155.48472593795185,1448.0,0.0,287.764705882353,471.0626987742403,245.6269905779005,1.4765040223660828,693794.4146341464,3669997.1150378236,2.3329394E7,9.0,2.8445571E7,1185232.125,4776733.224871505,2.3329394E7,9.0,5021568.0,313848.00000000006,948280.6928860954,3755968.0,17.0,0,0,0,0,820,552,0.8788714418845731,0.5976325804815097,0.0,1448.0,162.48837209302323,330.17357427160465,109014.58914728682,0,0,0,1,0,0,0,0,0.0,166.35714285714286,83.8,287.7647058823529,820,0,0,0,0,0,0,25,2095,17,4892,65535,135,11,32,0,0,0,0,0,0,0,0,BENIGN
172.217.10.46-10.42.0.151-443-37739-6,10.42.0.151,37739,172.217.10.46,443,6,21/07/2017 04:49:34,17485454,13,17,2403.0,1822.0,1368.0,0.0,184.84615384615384,399.726124188768,623.0,0.0,107.17647058823528,197.9644018801479,241.62941379731976,1.7157118139454657,602946.6896551724,3173521.400960432,1.71031E7,12.0,1.7485454E7,1457121.1666666667,4952043.021179273,1.7180944E7,21.0,345122.0,21570.125,46724.1677577033,168520.0,12.0,1,0,0,0,416,544,0.7434751193763685,0.9722366945690972,0.0,1368.0,140.16129032258064,293.7839451903607,86309.00645161288,0,1,0,0,1,0,0,0,1.0,144.83333333333334,184.84615384615384,107.17647058823529,416,0,0,0,0,0,0,13,2403,17,1822,3319,509,7,32,0,0,0,0,0,0,0,0,BENIGN
172.217.6.227-10.42.0.151-443-37590-6,172.217.6.227,443,10.42.0.151,37590,6,21/07/2017 04:47:55,116435063,1,2,0.0,0.0,0.0,0.0,0.0,0.0,0.0,0.0,0.0,0.0,0.0,0.025765434592498998,5.82175315E7,8.22508566561976E7,1.1637767E8,57393.0,0,0,0,0,0,1.1637767E8,1.1637767E8,0.0,1.1637767E8,1.1637767E8,0,0,0,0,32,64,0.008588478197499666,0.017176956394999332,0.0,0.0,0.0,0.0,0.0,0,0,0,0,1,1,0,0,2.0,0.0,0.0,0.0,32,0,0,0,0,0,0,1,0,2,0,181,1635,0,32,0,0,0,0,0,0,0,0,BENIGN
10.42.0.151-104.244.43.195-37981-443-6,10.42.0.151,37981,104.244.43.195,443,6,21/07/2017 04:49:49,2523948,3,0,0.0,0.0,0.0,0.0,0.0,0.0,0,0,0,0,0.0,1.18861402849821,1261974.0,1729280.5450799474,2484760.0,39188.0,2523948.0,1261974.0,1729280.5450799474,2484760.0,39188.0,0,0,0,0,0,0,0,0,0,96,0,1.18861402849821,0.0,0.0,0.0,0.0,0.0,0.0,0,0,0,0,1,0,0,0,0.0,0.0,0.0,0.0,96,0,0,0,0,0,0,3,0,0,0,3994,-1,0,32,0,0,0,0,0,0,0,0,BENIGN
10.42.0.151-104.244.43.195-37982-443-6,10.42.0.151,37982,104.244.43.195,443,6,21/07/2017 04:49:49,2463761,3,0,0.0,0.0,0.0,0.0,0.0,0.0,0,0,0,0,0.0,1.217650575684898,1231880.5,1687969.2456026857,2425455.0,38306.0,2463761.0,1231880.5,1687969.2456026857,2425455.0,38306.0,0,0,0,0,0,0,0,0,0,96,0,1.217650575684898,0.0,0.0,0.0,0.0,0.0,0.0,0,0,0,0,1,0,0,0,0.0,0.0,0.0,0.0,96,0,0,0,0,0,0,3,0,0,0,3224,-1,0,32,0,0,0,0,0,0,0,0,BENIGN
10.42.0.151-104.244.42.1-60561-80-6,10.42.0.151,60561,104.244.42.1,80,6,21/07/2017 04:49:22,29863340,5,3,400.0,328.0,400.0,0.0,80.0,178.88543819998318,328.0,0.0,109.33333333333333,189.37088829419724,24.377715285698116,0.26788698116151777,4266191.428571428,1.1024692272221114E7,2.9265713E7,4304.0,2.986334E7,7465835.0,1.453409907475151E7,2.9265713E7,47590.0,467895.0,233947.5,324377.4576947356,463317.0,4578.0,0,0,0,0,168,104,0.1674293632259486,0.10045761793556916,0.0,400.0,80.88888888888889,161.51504917843138,26087.11111111111,0,0,0,1,0,0,0,0,0.0,91.0,80.0,109.33333333333333,168,0,0,0,0,0,0,5,400,3,328,65535,118,1,32,0,0,0,0,0,0,0,0,BENIGN
10.42.0.151-104.244.43.195-37983-443-6,10.42.0.151,37983,104.244.43.195,443,6,21/07/2017 04:49:49,2537467,3,0,0.0,0.0,0.0,0.0,0.0,0.0,0,0,0,0,0.0,1.1822813853342724,1268733.5,1744527.8886026728,2502301.0,35166.0,2537467.0,1268733.5,1744527.8886026728,2502301.0,35166.0,0,0,0,0,0,0,0,0,0,96,0,1.1822813853342724,0.0,0.0,0.0,0.0,0.0,0.0,0,0,0,0,1,0,0,0,0.0,0.0,0.0,0.0,96,0,0,0,0,0,0,3,0,0,0,3586,-1,0,32,0,0,0,0,0,0,0,0,BENIGN
10.42.0.151-104.244.43.195-37984-443-6,10.42.0.151,37984,104.244.43.195,443,6,21/07/2017 04:49:49,2482326,2,0,0.0,0.0,0.0,0.0,0.0,0.0,0,0,0,0,0.0,0.8056959480745075,2482326.0,0.0,2482326.0,2482326.0,2482326.0,2482326.0,0.0,2482326.0,2482326.0,0,0,0,0,0,0,0,0,0,76,0,0.8056959480745075,0.0,0.0,0.0,0.0,0.0,0.0,0,0,0,0,1,0,0,0,0.0,0.0,0.0,0.0,76,0,0,0,0,0,0,2,0,0,0,5261,-1,0,32,0,0,0,0,0,0,0,0,BENIGN
10.42.0.151-104.244.43.195-37973-443-6,10.42.0.151,37973,104.244.43.195,443,6,21/07/2017 04:49:47,4166840,2,0,0.0,0.0,0.0,0.0,0.0,0.0,0,0,0,0,0.0,0.4799800328306343,4166840.0,0.0,4166840.0,4166840.0,4166840.0,4166840.0,0.0,4166840.0,4166840.0,0,0,0,0,0,0,0,0,0,76,0,0.4799800328306343,0.0,0.0,0.0,0.0,0.0,0.0,0,0,0,0,1,0,0,0,0.0,0.0,0.0,0.0,76,0,0,0,0,0,0,2,0,0,0,8066,-1,0,32,0,0,0,0,0,0,0,0,BENIGN
10.42.0.151-104.244.42.194-45325-443-6,10.42.0.151,45325,104.244.42.194,443,6,21/07/2017 04:49:27,24770726,15,13,1025.0,4343.0,411.0,0.0,68.33333333333333,111.32620450515597,1448.0,0.0,334.07692307692304,530.7131148336267,216.70741503498928,1.1303665463822095,917434.2962962963,4696823.2283381615,2.4418709E7,4.0,2.4770726E7,1769337.5714285714,6529786.224392315,2.4456023E7,38.0,308384.0,25698.666666666668,42090.24094475914,111236.0,19.0,0,0,0,0,488,424,0.6055535069904693,0.5248130393917401,0.0,1448.0,185.10344827586204,381.7576217620272,145738.881773399,0,0,0,1,0,0,0,0,0.0,191.71428571428572,68.33333333333333,334.0769230769231,488,0,0,0,0,0,0,15,1025,13,4343,65535,122,8,32,0,0,0,0,0,0,0,0,BENIGN
10.42.0.151-104.244.43.195-37985-443-6,10.42.0.151,37985,104.244.43.195,443,6,21/07/2017 04:49:49,2467410,3,0,0.0,0.0,0.0,0.0,0.0,0.0,0,0,0,0,0.0,1.215849818230452,1233705.0,1690487.252850491,2429060.0,38350.0,2467410.0,1233705.0,1690487.252850491,2429060.0,38350.0,0,0,0,0,0,0,0,0,0,96,0,1.215849818230452,0.0,0.0,0.0,0.0,0.0,0.0,0,0,0,0,1,0,0,0,0.0,0.0,0.0,0.0,96,0,0,0,0,0,0,3,0,0,0,3586,-1,0,32,0,0,0,0,0,0,0,0,BENIGN
172.217.11.14-10.42.0.151-443-48249-6,10.42.0.151,48249,172.217.11.14,443,6,21/07/2017 04:49:28,23324584,23,27,1281.0,17575.0,331.0,0.0,55.69565217391305,100.03746333822268,1418.0,0.0,650.9259259259258,671.7184005865923,808.417419148826,2.143660954467612,476011.9183673469,3244171.6683194716,2.2721218E7,10.0,2.3324584E7,1060208.3636363635,4855183.337018838,2.2796955E7,11.0,566820.0,21800.76923076923,38611.47083166627,140424.0,10.0,0,0,0,0,744,872,0.9860840390551017,1.1575769154125106,0.0,1418.0,369.72549019607857,574.3054267001618,329826.7231372549,0,0,0,1,0,0,0,0,1.0,377.12,55.69565217391305,650.925925925926,744,0,0,0,0,0,0,23,1281,27,17575,65535,365,10,32,0,0,0,0,0,0,0,0,BENIGN
10.42.0.151-104.244.43.195-37986-443-6,10.42.0.151,37986,104.244.43.195,443,6,21/07/2017 04:49:49,2553608,3,0,0.0,0.0,0.0,0.0,0.0,0.0,0,0,0,0,0.0,1.1748083495979023,1276804.0,1752851.2425240197,2516257.0,37351.0,2553608.0,1276804.0,1752851.2425240197,2516257.0,37351.0,0,0,0,0,0,0,0,0,0,96,0,1.1748083495979023,0.0,0.0,0.0,0.0,0.0,0.0,0,0,0,0,1,0,0,0,0.0,0.0,0.0,0.0,96,0,0,0,0,0,0,3,0,0,0,2727,-1,0,32,0,0,0,0,0,0,0,0,BENIGN
10.42.0.151-104.244.43.195-37987-443-6,10.42.0.151,37987,104.244.43.195,443,6,21/07/2017 04:49:49,2761715,2,0,0.0,0.0,0.0,0.0,0.0,0.0,0,0,0,0,0.0,0.7241876877230271,2761715.0,0.0,2761715.0,2761715.0,2761715.0,2761715.0,0.0,2761715.0,2761715.0,0,0,0,0,0,0,0,0,0,76,0,0.7241876877230271,0.0,0.0,0.0,0.0,0.0,0.0,0,0,0,0,1,0,0,0,0.0,0.0,0.0,0.0,76,0,0,0,0,0,0,2,0,0,0,1731,-1,0,32,0,0,0,0,0,0,0,0,BENIGN
10.42.0.151-104.244.43.195-37988-443-6,10.42.0.151,37988,104.244.43.195,443,6,21/07/2017 04:49:49,2770072,3,0,0.0,0.0,0.0,0.0,0.0,0.0,0,0,0,0,0.0,1.0830043406813974,1385036.0,1916072.7008253105,2739904.0,30168.0,2770072.0,1385036.0,1916072.7008253105,2739904.0,30168.0,0,0,0,0,0,0,0,0,0,96,0,1.0830043406813974,0.0,0.0,0.0,0.0,0.0,0.0,0,0,0,0,1,0,0,0,0.0,0.0,0.0,0.0,96,0,0,0,0,0,0,3,0,0,0,1686,-1,0,32,0,0,0,0,0,0,0,0,BENIGN
10.42.0.151-104.244.43.195-37989-443-6,104.244.43.195,443,10.42.0.151,37989,6,21/07/2017 04:49:49,2770477,1,3,0.0,0.0,0.0,0.0,0.0,0.0,0.0,0.0,0.0,0.0,0.0,1.4437946967255098,923492.3333333334,1594365.913796558,2764505.0,352.0,0,0,0,0,0,2770125.0,1385062.5,1950826.2920138482,2764505.0,5620.0,0,0,0,0,32,108,0.36094867418137744,1.0828460225441323,0.0,0.0,0.0,0.0,0.0,0,0,0,0,1,1,0,0,3.0,0.0,0.0,0.0,32,0,0,0,0,0,0,1,0,3,0,65,1731,0,32,0,0,0,0,0,0,0,0,BENIGN
10.42.0.151-104.244.43.195-37990-443-6,104.244.43.195,443,10.42.0.151,37990,6,21/07/2017 04:49:49,2778199,1,3,0.0,0.0,0.0,0.0,0.0,0.0,0.0,0.0,0.0,0.0,0.0,1.4397816715073326,926066.3333333334,1592653.15022083,2765103.0,5078.0,0,0,0,0,0,2770181.0,1385090.5,1951632.393744401,2765103.0,5078.0,0,0,0,0,32,108,0.35994541787683315,1.0798362536304995,0.0,0.0,0.0,0.0,0.0,0,0,0,0,1,1,0,0,3.0,0.0,0.0,0.0,32,0,0,0,0,0,0,1,0,3,0,65,1731,0,32,0,0,0,0,0,0,0,0,BENIGN
10.42.0.151-104.244.43.195-37991-443-6,104.244.43.195,443,10.42.0.151,37991,6,21/07/2017 04:49:49,2771942,1,3,0.0,0.0,0.0,0.0,0.0,0.0,0.0,0.0,0.0,0.0,0.0,1.4430316363040785,923980.6666666666,1594443.0796266554,2765084.0,1810.0,0,0,0,0,0,2770132.0,1385066.0,1951640.1719189938,2765084.0,5048.0,0,0,0,0,32,108,0.3607579090760196,1.082273727228059,0.0,0.0,0.0,0.0,0.0,0,0,0,0,1,1,0,0,3.0,0.0,0.0,0.0,32,0,0,0,0,0,0,1,0,3,0,65,1731,0,32,0,0,0,0,0,0,0,0,BENIGN
10.42.0.151-104.244.43.195-37992-443-6,10.42.0.151,37992,104.244.43.195,443,6,21/07/2017 04:49:49,2770122,3,0,0.0,0.0,0.0,0.0,0.0,0.0,0,0,0,0,0.0,1.0829847927275404,1385061.0,1916255.1343748567,2740058.0,30064.0,2770122.0,1385061.0,1916255.1343748567,2740058.0,30064.0,0,0,0,0,0,0,0,0,0,96,0,1.0829847927275404,0.0,0.0,0.0,0.0,0.0,0.0,0,0,0,0,1,0,0,0,0.0,0.0,0.0,0.0,96,0,0,0,0,0,0,3,0,0,0,1731,-1,0,32,0,0,0,0,0,0,0,0,BENIGN
172.217.3.99-10.42.0.151-443-60958-6,10.42.0.151,60958,172.217.3.99,443,6,21/07/2017 04:49:52,37288,1,1,0.0,0.0,0.0,0.0,0.0,0.0,0.0,0.0,0.0,0.0,0.0,53.63655867839519,37288.0,0.0,37288.0,37288.0,0,0,0,0,0,0,0,0,0,0,0,0,0,0,32,32,26.818279339197595,26.818279339197595,0.0,0.0,0.0,0.0,0.0,0,0,0,0,1,1,0,0,1.0,0.0,0.0,0.0,32,0,0,0,0,0,0,1,0,1,0,2034,427,0,32,0,0,0,0,0,0,0,0,BENIGN
10.42.0.151-104.244.42.194-45314-443-6,104.244.42.194,443,10.42.0.151,45314,6,21/07/2017 04:49:52,45,2,0,31.0,0.0,31.0,0.0,15.5,21.920310216782973,0,0,0,0,688888.8888888889,44444.444444444445,45.0,0.0,45.0,45.0,45.0,45.0,0.0,45.0,45.0,0,0,0,0,0,1,0,0,0,64,0,44444.444444444445,0.0,0.0,31.0,20.666666666666664,17.8978583448784,320.33333333333337,0,1,0,0,1,0,0,0,0.0,31.0,15.5,0.0,64,0,0,0,0,0,0,2,31,0,0,135,-1,0,32,0,0,0,0,0,0,0,0,BENIGN
10.42.0.151-104.244.42.1-55823-443-6,104.244.42.1,443,10.42.0.151,55823,6,21/07/2017 04:49:52,14,2,0,31.0,0.0,31.0,0.0,15.5,21.920310216782973,0,0,0,0,2214285.714285714,142857.14285714287,14.0,0.0,14.0,14.0,14.0,14.0,0.0,14.0,14.0,0,0,0,0,0,1,0,0,0,64,0,142857.14285714287,0.0,0.0,31.0,20.666666666666664,17.8978583448784,320.33333333333337,0,1,0,0,1,0,0,0,0.0,31.0,15.5,0.0,64,0,0,0,0,0,0,2,31,0,0,122,-1,0,32,0,0,0,0,0,0,0,0,BENIGN
199.16.156.43-10.42.0.151-443-49665-6,199.16.156.43,443,10.42.0.151,49665,6,21/07/2017 04:49:52,34,2,0,31.0,0.0,31.0,0.0,15.5,21.920310216782973,0,0,0,0,911764.7058823529,58823.529411764706,34.0,0.0,34.0,34.0,34.0,34.0,0.0,34.0,34.0,0,0,0,0,0,1,0,0,0,64,0,58823.529411764706,0.0,0.0,31.0,20.666666666666664,17.8978583448784,320.33333333333337,0,1,0,0,1,0,0,0,0.0,31.0,15.5,0.0,64,0,0,0,0,0,0,2,31,0,0,126,-1,0,32,0,0,0,0,0,0,0,0,BENIGN
10.42.0.151-104.244.42.194-45325-443-6,104.244.42.194,443,10.42.0.151,45325,6,21/07/2017 04:49:52,38,2,0,31.0,0.0,31.0,0.0,15.5,21.920310216782973,0,0,0,0,815789.4736842104,52631.57894736842,38.0,0.0,38.0,38.0,38.0,38.0,0.0,38.0,38.0,0,0,0,0,0,1,0,0,0,64,0,52631.57894736842,0.0,0.0,31.0,20.666666666666664,17.8978583448784,320.33333333333337,0,1,0,0,1,0,0,0,0.0,31.0,15.5,0.0,64,0,0,0,0,0,0,2,31,0,0,122,-1,0,32,0,0,0,0,0,0,0,0,BENIGN
172.217.12.206-10.42.0.151-443-59300-6,10.42.0.151,59300,172.217.12.206,443,6,21/07/2017 04:45:58,18009401,74,75,34430.0,41452.0,1368.0,0.0,465.27027027027015,604.8402097893362,1418.0,0.0,552.6933333333332,624.8896329219532,4213.466066972466,8.273456735179588,121685.14189189192,1118748.2943344214,1.3577645E7,6.0,1.8009401E7,246704.12328767122,1589392.011994541,1.3577645E7,9.0,1.7952892E7,242606.64864864864,1594115.714847838,1.3697772E7,6.0,0,0,0,0,2380,2400,4.108965089954963,4.164491645224625,0.0,1418.0,505.8799999999998,613.8451143647967,376805.8244295303,0,0,0,0,1,0,0,0,1.0,509.2751677852349,465.27027027027026,552.6933333333334,2380,0,0,0,0,0,0,74,34430,75,41452,1369,960,31,32,4094785.0,0.0,4094785.0,4094785.0,1.3577645E7,0.0,1.3577645E7,1.3577645E7,BENIGN
172.217.6.227-10.42.0.151-443-37590-6,10.42.0.151,37590,172.217.6.227,443,6,21/07/2017 04:49:52,1237175,2,0,0.0,0.0,0.0,0.0,0.0,0.0,0,0,0,0,0.0,1.6165861741467458,1237175.0,0.0,1237175.0,1237175.0,1237175.0,1237175.0,0.0,1237175.0,1237175.0,0,0,0,0,0,0,0,0,0,64,0,1.6165861741467458,0.0,0.0,0.0,0.0,0.0,0.0,0,0,0,0,1,1,0,0,0.0,0.0,0.0,0.0,64,0,0,0,0,0,0,2,0,0,0,1635,-1,0,32,0,0,0,0,0,0,0,0,BENIGN
172.217.10.35-10.42.0.151-443-41165-6,10.42.0.151,41165,172.217.10.35,443,6,21/07/2017 04:49:54,5301154,2,0,0.0,0.0,0.0,0.0,0.0,0.0,0,0,0,0,0.0,0.37727634398095206,5301154.0,0.0,5301154.0,5301154.0,5301154.0,5301154.0,0.0,5301154.0,5301154.0,0,0,0,0,0,0,0,0,0,64,0,0.37727634398095206,0.0,0.0,0.0,0.0,0.0,0.0,0,0,0,0,1,1,0,0,0.0,0.0,0.0,0.0,64,0,0,0,0,0,0,2,0,0,0,1369,-1,0,32,0,0,0,0,0,0,0,0,BENIGN
172.217.6.227-10.42.0.151-443-37590-6,10.42.0.151,37590,172.217.6.227,443,6,21/07/2017 04:49:56,4972961,2,0,0.0,0.0,0.0,0.0,0.0,0.0,0,0,0,0,0.0,0.4021748813232197,4972961.0,0.0,4972961.0,4972961.0,4972961.0,4972961.0,0.0,4972961.0,4972961.0,0,0,0,0,0,0,0,0,0,64,0,0.4021748813232197,0.0,0.0,0.0,0.0,0.0,0.0,0,0,0,0,1,1,0,0,0.0,0.0,0.0,0.0,64,0,0,0,0,0,0,2,0,0,0,1635,-1,0,32,0,0,0,0,0,0,0,0,BENIGN
172.217.6.206-10.42.0.151-443-55263-6,10.42.0.151,55263,172.217.6.206,443,6,21/07/2017 04:50:06,249226,6,8,1341.0,1712.0,773.0,0.0,223.5,336.95860279862274,1418.0,0.0,214.0,491.0056735197379,12249.92577018449,56.17391443910346,19171.23076923077,22313.99105626276,76442.0,11.0,191744.0,38348.8,31144.695972187623,84533.0,5610.0,212522.0,30360.285714285714,34149.683262144055,84463.0,11.0,0,0,0,0,200,264,24.07453475961577,32.09937967948769,0.0,1418.0,203.53333333333333,405.322246872194,164286.1238095238,0,0,0,1,0,0,0,0,1.0,218.07142857142858,223.5,214.0,200,0,0,0,0,0,0,6,1341,8,1712,65535,352,3,32,0,0,0,0,0,0,0,0,BENIGN
206.126.112.142-10.42.0.151-443-46834-6,10.42.0.151,46834,206.126.112.142,443,6,21/07/2017 04:50:07,1079420,153,1197,1195.0,1712293.0,627.0,0.0,7.810457516339875,65.57867428897771,1448.0,0.0,1430.4870509607345,142.13404881960705,1587415.4638602212,1250.671657000982,800.1630837657527,3919.723557302074,101569.0,1.0,977851.0,6433.230263157898,11166.459021510716,57029.0,3.0,1063546.0,889.252508361204,5183.94368913952,121815.0,2.0,0,0,0,0,5348,38312,141.74278779344462,1108.9288692075374,0.0,1448.0,1268.310880829016,472.19127121840495,222964.59661485325,0,0,0,1,0,0,0,0,7.0,1269.2503703703703,7.810457516339869,1430.4870509607351,5348,0,0,0,0,0,0,153,1195,1197,1712293,65535,123,3,32,0,0,0,0,0,0,0,0,BENIGN
206.126.112.142-10.42.0.151-443-46834-6,10.42.0.151,46834,206.126.112.142,443,6,21/07/2017 04:50:08,483517,3,0,31.0,0.0,31.0,0.0,10.333333333333332,17.8978583448784,0,0,0,0,64.11356787868885,6.204538826969889,241758.5,341840.1667629186,483476.0,41.0,483517.0,241758.5,341840.1667629186,483476.0,41.0,0,0,0,0,0,0,0,0,0,96,0,6.204538826969889,0.0,0.0,31.0,7.75,15.500000000000002,240.25000000000003,0,0,0,0,1,0,0,0,0.0,10.333333333333334,10.333333333333334,0.0,96,0,0,0,0,0,0,3,31,0,0,580,-1,1,32,0,0,0,0,0,0,0,0,BENIGN
206.126.112.142-10.42.0.151-443-44241-6,10.42.0.151,44241,206.126.112.142,443,6,21/07/2017 04:50:03,6682590,3584,14756,1297.0,2.1294344E7,1032.0,0.0,0.3618861607142845,17.543754429049716,1448.0,0.0,1443.0973163458982,71.14760419555267,3186734.634325912,2744.4448933721806,364.392278750204,1962.942382420684,149159.0,-5.0,6659345.0,1858.5947530002823,6305.772916076039,178527.0,2.0,6666699.0,451.82643171806365,2839.6131462853473,167590.0,1.0,0,0,0,0,117432,472200,536.3190020635711,2208.1258913086094,0.0,1448.0,1161.0948694182412,575.7430346311098,331480.0419262394,0,0,0,1,0,0,0,0,4.0,1161.1581788440567,0.3618861607142857,1443.0973163458932,117432,0,0,0,0,0,0,3584,1297,14756,21294344,65535,126,3,32,0,0,0,0,0,0,0,0,BENIGN
172.217.6.228-10.42.0.151-443-57070-6,10.42.0.151,57070,172.217.6.228,443,6,21/07/2017 04:49:59,12439021,14,12,747.0,4458.0,448.0,0.0,53.35714285714286,122.94502032200418,1418.0,0.0,371.4999999999999,535.8139941842097,418.4412905163517,2.09019664811242,497560.84,2375510.1014976706,1.1899431E7,12.0,1.2402501E7,954038.5384615385,3288876.371505361,1.1899431E7,79.0,1.2402407E7,1127491.5454545454,3597633.3252765313,1.1973638E7,12.0,0,0,0,0,456,392,1.1254905028297644,0.9647061452826553,0.0,1418.0,192.77777777777777,394.53773665015314,155660.0256410256,0,0,0,1,0,0,0,0,0.0,200.19230769230768,53.357142857142854,371.5,456,0,0,0,0,0,0,14,747,12,4458,65535,175,5,32,503070.0,0.0,503070.0,503070.0,1.1899431E7,0.0,1.1899431E7,1.1899431E7,BENIGN
157.240.18.19-10.42.0.151-443-41906-6,10.42.0.151,41906,157.240.18.19,443,6,21/07/2017 04:49:52,30801200,2,0,0.0,0.0,0.0,0.0,0.0,0.0,0,0,0,0,0.0,0.06493253509603522,3.08012E7,0.0,3.08012E7,3.08012E7,3.08012E7,3.08012E7,0.0,3.08012E7,3.08012E7,0,0,0,0,0,0,0,0,0,64,0,0.06493253509603522,0.0,0.0,0.0,0.0,0.0,0.0,0,0,0,0,1,1,0,0,0.0,0.0,0.0,0.0,64,0,0,0,0,0,0,2,0,0,0,1369,-1,0,32,0,0,0,0,0,0,0,0,BENIGN
8.0.6.4-8.6.0.1-0-0-0,8.6.0.1,0,8.0.6.4,0,0,21/07/2017 04:48:09,103835170,4,0,0.0,0.0,0.0,0.0,0.0,0.0,0,0,0,0,0.0,0.03852259306745489,3.4611723333333336E7,2830388.4842035966,3.7583272E7,3.1947593E7,1.0383517E8,3.4611723333333336E7,2830388.4842035966,3.7583272E7,3.1947593E7,0,0,0,0,0,0,0,0,0,0,0,0.03852259306745489,0.0,0.0,0.0,0.0,0.0,0.0,0,0,0,0,0,0,0,0,0.0,0.0,0.0,0.0,0,0,0,0,0,0,0,4,0,0,0,-1,-1,0,0,0,0,0,0,3.4611723333333336E7,2830388.4842035966,3.7583272E7,3.1947593E7,BENIGN
172.217.6.227-10.42.0.151-443-37590-6,10.42.0.151,37590,172.217.6.227,443,6,21/07/2017 04:50:11,19881544,2,0,0.0,0.0,0.0,0.0,0.0,0.0,0,0,0,0,0.0,0.10059580885669643,1.9881544E7,0.0,1.9881544E7,1.9881544E7,1.9881544E7,1.9881544E7,0.0,1.9881544E7,1.9881544E7,0,0,0,0,0,0,0,0,0,64,0,0.10059580885669643,0.0,0.0,0.0,0.0,0.0,0.0,0,0,0,0,1,1,0,0,0.0,0.0,0.0,0.0,64,0,0,0,0,0,0,2,0,0,0,1635,-1,0,32,0,0,0,0,0,0,0,0,BENIGN
172.217.10.35-10.42.0.151-443-41165-6,10.42.0.151,41165,172.217.10.35,443,6,21/07/2017 04:50:10,21178448,2,0,0.0,0.0,0.0,0.0,0.0,0.0,0,0,0,0,0.0,0.09443562625552165,2.1178448E7,0.0,2.1178448E7,2.1178448E7,2.1178448E7,2.1178448E7,0.0,2.1178448E7,2.1178448E7,0,0,0,0,0,0,0,0,0,64,0,0.09443562625552165,0.0,0.0,0.0,0.0,0.0,0.0,0,0,0,0,1,1,0,0,0.0,0.0,0.0,0.0,64,0,0,0,0,0,0,2,0,0,0,1369,-1,0,32,0,0,0,0,0,0,0,0,BENIGN
172.217.6.202-10.42.0.151-443-44339-6,10.42.0.151,44339,172.217.6.202,443,6,21/07/2017 04:46:33,241389,9,10,682.0,4717.0,331.0,0.0,75.77777777777777,124.6903943551565,1418.0,0.0,471.70000000000005,566.7074593160429,22366.387863572905,78.71112602479815,13410.500000000004,21224.07005722789,77639.0,5.0,241389.0,30173.625000000004,29437.430739681946,82410.0,247.0,202594.0,22510.444444444445,31550.10527760213,81720.0,5.0,0,0,0,0,296,328,37.28421759069386,41.42690843410429,0.0,1418.0,269.95000000000005,449.2114113702624,201790.89210526313,0,0,0,1,0,0,0,0,1.0,284.1578947368421,75.77777777777777,471.7,296,0,0,0,0,0,0,9,682,10,4717,65535,349,3,32,0,0,0,0,0,0,0,0,BENIGN
172.217.1.176-10.42.0.151-443-46439-6,10.42.0.151,46439,172.217.1.176,443,6,21/07/2017 04:46:33,356173,14,12,1872.0,10725.0,260.0,0.0,133.71428571428572,124.56905935845606,1418.0,0.0,893.7499999999999,501.7786772164506,35367.64437506493,72.99823400426197,14246.92,11141.729204212425,38243.0,24.0,356173.0,27397.923076923078,17626.483145452556,61437.0,89.0,295051.0,26822.81818181818,18344.59145807386,54290.0,24.0,0,0,0,0,456,392,39.30674138691029,33.69149261735168,0.0,1418.0,466.5555555555555,516.2702283862093,266534.94871794875,0,0,0,1,0,0,0,0,0.0,484.5,133.71428571428572,893.75,456,0,0,0,0,0,0,14,1872,12,10725,65535,390,8,32,0,0,0,0,0,0,0,0,BENIGN
172.217.10.35-10.42.0.151-443-34881-6,10.42.0.151,34881,172.217.10.35,443,6,21/07/2017 04:46:40,311804,43,42,257.0,59378.0,257.0,0.0,5.976744186046511,39.19213257547939,1418.0,1240.0,1413.7619047619048,27.46599629325236,191257.9697502277,272.6071506459186,3711.95238095238,14836.486041037406,108024.0,8.0,311804.0,7423.904761904761,35421.26834283463,211763.0,8.0,197584.0,4819.121951219513,18047.50962071377,108024.0,8.0,1,0,0,0,1376,1344,137.90714679734705,134.70000384857153,0.0,1418.0,696.4186046511628,706.2700610808919,498817.3991792068,0,1,0,0,1,0,0,0,0.0,704.6117647058824,5.976744186046512,1413.7619047619048,1376,0,0,0,0,0,0,43,257,42,59378,5313,374,0,32,0,0,0,0,0,0,0,0,BENIGN
172.217.10.35-10.42.0.151-443-34881-6,10.42.0.151,34881,172.217.10.35,443,6,21/07/2017 04:50:40,407812,1,1,0.0,0.0,0.0,0.0,0.0,0.0,0.0,0.0,0.0,0.0,0.0,4.904220572224456,407812.0,0.0,407812.0,407812.0,0,0,0,0,0,0,0,0,0,0,0,0,0,0,32,32,2.452110286112228,2.452110286112228,0.0,0.0,0.0,0.0,0.0,0,0,0,0,1,1,0,0,1.0,0.0,0.0,0.0,32,0,0,0,0,0,0,1,0,1,0,374,374,0,32,0,0,0,0,0,0,0,0,BENIGN
172.217.6.206-10.42.0.151-443-44277-6,10.42.0.151,44277,172.217.6.206,443,6,21/07/2017 04:50:00,46727468,11,12,1232.0,5023.0,919.0,0.0,111.99999999999997,275.0192720519782,1418.0,0.0,418.5833333333333,600.5190873256438,133.86130829943536,0.4922158418684274,2123975.8181818184,9788148.448698469,4.5947011E7,7.0,4.6690451E7,4669045.1,1.450381523241796E7,4.5947011E7,122.0,4.6690811E7,4244619.181818183,1.3880177696332213E7,4.609398E7,7.0,0,0,0,0,360,392,0.2354075765457696,0.25680826532265777,0.0,1418.0,260.625,481.55227378894637,231892.59239130435,0,0,0,1,0,0,0,0,1.0,271.95652173913044,112.0,418.5833333333333,360,0,0,0,0,0,0,11,1232,12,5023,65535,362,4,32,743440.0,0.0,743440.0,743440.0,4.5947011E7,0.0,4.5947011E7,4.5947011E7,BENIGN
172.217.10.98-10.42.0.151-443-39968-6,10.42.0.151,39968,172.217.10.98,443,6,21/07/2017 04:49:52,56141320,12,7,729.0,4911.0,441.0,0.0,60.74999999999999,131.54613777544503,1418.0,0.0,701.5714285714286,632.7226504408961,100.46076579603044,0.3384316578235068,3118962.2222222225,1.3074603562314622E7,5.55076E7,6.0,5.614132E7,5103756.363636363,1.6717224139044102E7,5.55076E7,71.0,521858.0,86976.33333333334,128944.97732081954,332660.0,6.0,0,0,0,0,392,232,0.21374631020432008,0.12468534761918672,0.0,1418.0,282.0,486.2098312457287,236400.0,0,0,0,1,0,0,0,0,0.0,296.8421052631579,60.75,701.5714285714286,392,0,0,0,0,0,0,12,729,7,4911,65535,349,4,32,633649.0,0.0,633649.0,633649.0,5.55076E7,0.0,5.55076E7,5.55076E7,BENIGN
172.217.12.170-10.42.0.151-443-58481-6,10.42.0.151,58481,172.217.12.170,443,6,21/07/2017 04:50:00,50193389,15,15,2783.0,6290.0,1207.0,0.0,185.53333333333336,416.76232806629497,1418.0,0.0,419.3333333333333,504.1525657217362,180.760856773389,0.5976882732504872,1730806.5172413792,8878422.655616349,4.7875976E7,5.0,5.0193389E7,3585242.0714285714,1.2752383118417365E7,4.7875976E7,11.0,2277241.0,162660.0714285714,380817.55203902366,1433917.0,5.0,0,0,0,0,500,488,0.2988441366252436,0.2988441366252436,0.0,1418.0,292.6774193548387,465.0638943268458,216284.4258064516,0,0,0,1,0,0,0,0,1.0,302.43333333333334,185.53333333333333,419.3333333333333,500,0,0,0,0,0,0,15,2783,15,6290,65535,383,5,32,2317311.0,0.0,2317311.0,2317311.0,4.7875976E7,0.0,4.7875976E7,4.7875976E7,BENIGN
172.217.12.170-10.42.0.151-443-58481-6,172.217.12.170,443,10.42.0.151,58481,6,21/07/2017 04:50:50,44,2,0,0.0,0.0,0.0,0.0,0.0,0.0,0,0,0,0,0.0,45454.545454545456,44.0,0.0,44.0,44.0,44.0,44.0,0.0,44.0,44.0,0,0,0,0,0,0,0,0,0,64,0,45454.545454545456,0.0,0.0,0.0,0.0,0.0,0.0,0,0,0,0,1,0,0,0,0.0,0.0,0.0,0.0,64,0,0,0,0,0,0,2,0,0,0,383,-1,0,32,0,0,0,0,0,0,0,0,BENIGN
172.217.6.206-10.42.0.151-443-52393-6,10.42.0.151,52393,172.217.6.206,443,6,21/07/2017 04:50:06,44982847,15,12,9246.0,749.0,1368.0,0.0,616.4,663.4327180872009,428.0,0.0,62.41666666666667,128.19265213188336,222.1958072151369,0.6002287938778086,1730109.4999999998,8762187.981701858,4.4690212E7,14.0,4.4946036E7,3210431.1428571427,1.1938722851065041E7,4.4690212E7,14.0,4.4946086E7,4086007.8181818184,1.3493327557545431E7,4.4769866E7,14.0,0,0,0,0,488,392,0.333460441043227,0.2667683528345816,0.0,1368.0,356.9642857142858,561.772820970321,315588.70238095237,0,0,0,1,0,0,0,0,0.0,370.18518518518516,616.4,62.416666666666664,488,0,0,0,0,0,0,15,9246,12,749,65535,490,10,32,255824.0,0.0,255824.0,255824.0,4.4690212E7,0.0,4.4690212E7,4.4690212E7,BENIGN
172.217.12.170-10.42.0.151-443-32778-6,10.42.0.151,32778,172.217.12.170,443,6,21/07/2017 04:49:56,58920758,92,102,8968.0,129215.0,1368.0,0.0,97.47826086956523,325.60339517699805,1418.0,0.0,1266.8137254901958,396.71559332595365,2345.234594571916,3.2925577773456345,305288.9015544042,3682358.013696068,5.0907462E7,4.0,5.8920758E7,647480.8571428572,5357608.468003786,5.0907462E7,7.0,7968895.0,78899.95049504952,553185.6361839012,5258773.0,5.0,0,0,0,0,2952,3272,1.5614191521432905,1.7311386252023437,0.0,1418.0,708.6307692307685,689.3449132021304,475196.4093576527,0,0,0,1,0,0,0,0,1.0,712.2835051546392,97.47826086956522,1266.813725490196,2952,0,0,0,0,0,0,92,8968,102,129215,65535,504,10,32,2715561.0,0.0,2715561.0,2715561.0,5184378.0,0.0,5184378.0,5184378.0,BENIGN
172.217.12.170-10.42.0.151-443-47711-6,10.42.0.151,47711,172.217.12.170,443,6,21/07/2017 04:50:04,51018621,35,38,1521.0,43925.0,961.0,0.0,43.45714285714286,182.02784900977667,1418.0,0.0,1155.9210526315792,521.2642314644919,890.7728023460296,1.430850120390357,708591.9583333334,5969415.509627983,5.0657141E7,6.0,5.1018621E7,1500547.6764705884,8685781.025222192,5.0657141E7,8.0,318327.0,8603.432432432432,21132.60379858118,94863.0,6.0,0,0,0,0,1128,1224,0.6860240303241437,0.7448260900662133,0.0,1418.0,614.1351351351352,683.5645157860099,467260.44724176213,0,0,0,1,0,0,0,0,1.0,622.5479452054794,43.457142857142856,1155.921052631579,1128,0,0,0,0,0,0,35,1521,38,43925,65535,362,3,32,0,0,0,0,0,0,0,0,BENIGN
172.217.10.42-10.42.0.151-443-56398-6,10.42.0.151,56398,172.217.10.42,443,6,21/07/2017 04:50:57,116427,8,5,293.0,3871.0,208.0,0.0,36.625,75.3637607114416,1418.0,0.0,774.2,723.834373320306,35764.8998943544,111.65794875759059,9702.25,14190.27458331938,36882.0,6.0,116427.0,16632.42857142857,22862.398444149458,57709.0,13.0,40602.0,10150.5,19423.60705430379,39273.0,6.0,0,0,0,0,264,168,68.71258385082498,42.94536490676561,0.0,1418.0,297.42857142857144,548.050350618615,300359.1868131868,0,0,0,1,0,0,0,0,0.0,320.3076923076923,36.625,774.2,264,0,0,0,0,0,0,8,293,5,3871,65535,340,2,32,0,0,0,0,0,0,0,0,BENIGN
172.217.10.45-10.42.0.151-443-59593-6,10.42.0.151,59593,172.217.10.45,443,6,21/07/2017 04:50:57,164300,8,5,449.0,3817.0,242.0,0.0,56.125,104.34344048107945,1418.0,0.0,763.4,719.3592982647823,25964.698721850273,79.12355447352404,13691.666666666666,20905.483088211935,62009.0,6.0,164300.0,23471.428571428572,24532.04112894769,62009.0,14.0,41454.0,10363.5,19765.35240431262,39996.0,6.0,0,0,0,0,264,168,48.691418137553256,30.432136335970785,0.0,1418.0,304.71428571428567,539.6088937756291,291177.7582417582,0,0,0,1,0,0,0,0,0.0,328.15384615384613,56.125,763.4,264,0,0,0,0,0,0,8,449,5,3817,65535,340,2,32,0,0,0,0,0,0,0,0,BENIGN
172.217.10.42-10.42.0.151-443-56398-6,172.217.10.42,443,10.42.0.151,56398,6,21/07/2017 04:50:57,14878,3,2,366.0,0.0,305.0,0.0,122.0,161.39082997494003,0.0,0.0,0.0,0.0,24600.08065600215,336.06667562844467,3719.5,5916.2246125943075,12451.0,46.0,14878.0,7439.0,10455.28086662429,14832.0,46.0,77.0,77.0,0.0,77.0,77.0,1,0,0,0,96,40,201.6400053770668,134.42667025137786,0.0,305.0,111.83333333333333,151.4799216618053,22946.166666666664,0,1,0,0,1,0,0,0,0.0,134.2,122.0,0.0,96,0,0,0,0,0,0,3,366,2,0,340,0,1,32,0,0,0,0,0,0,0,0,BENIGN
172.217.10.45-10.42.0.151-443-59593-6,172.217.10.45,443,10.42.0.151,59593,6,21/07/2017 04:50:57,21347,3,2,397.0,0.0,336.0,0.0,132.33333333333331,178.99813779292046,0.0,0.0,0.0,0.0,18597.461001545882,234.22494964163582,5336.75,9064.757263710926,18837.0,47.0,21347.0,10673.5,15028.140420557695,21300.0,47.0,99.0,99.0,0.0,99.0,99.0,1,0,0,0,96,40,140.53496978498148,93.68997985665432,0.0,336.0,122.16666666666666,167.31098788384062,27992.966666666667,0,1,0,0,1,0,0,0,0.0,146.6,132.33333333333334,0.0,96,0,0,0,0,0,0,3,397,2,0,349,0,1,32,0,0,0,0,0,0,0,0,BENIGN
10.42.0.151-104.244.42.66-46343-443-6,10.42.0.151,46343,104.244.42.66,443,6,21/07/2017 04:51:02,372273,8,5,325.0,3422.0,199.0,0.0,40.625,77.71180733968295,1448.0,0.0,684.4,729.3948176399391,10065.194091432899,34.920609337770934,31022.750000000007,47269.651209600364,164941.0,3.0,372273.0,53181.857142857145,77985.82674954164,208976.0,118.0,214169.0,53542.24999999999,104148.74544731683,209739.0,3.0,0,0,0,0,264,168,21.489605746320574,13.43100359145036,0.0,1448.0,267.6428571428571,520.554675639044,270977.1703296703,0,0,0,1,0,0,0,0,0.0,288.2307692307692,40.625,684.4,264,0,0,0,0,0,0,8,325,5,3422,65535,118,2,32,0,0,0,0,0,0,0,0,BENIGN
10.42.0.151-104.244.42.66-46343-443-6,104.244.42.66,443,10.42.0.151,46343,6,21/07/2017 04:51:03,10904,4,0,317.0,0.0,242.0,0.0,79.25,110.05869646087339,0,0,0,0,29071.900220102714,366.8378576669112,3634.666666666667,6214.8869928047225,10811.0,46.0,10904.0,3634.666666666667,6214.8869928047225,10811.0,46.0,0,0,0,0,0,1,0,0,0,128,0,366.8378576669112,0.0,0.0,242.0,111.8,119.92581039959664,14382.2,0,1,0,0,1,0,0,0,0.0,139.75,79.25,0.0,128,0,0,0,0,0,0,4,317,0,0,118,-1,2,32,0,0,0,0,0,0,0,0,BENIGN
10.42.0.151-31.13.80.5-37686-443-6,10.42.0.151,37686,31.13.80.5,443,6,21/07/2017 04:51:06,193874,6,7,1079.0,201.0,537.0,0.0,179.83333333333331,260.0041666332804,137.0,0.0,28.714285714285715,50.07898523237828,6602.226188142815,67.05385972332546,16156.166666666666,34110.671107796195,119977.0,16.0,51224.0,10244.8,13029.37142382548,24575.0,285.0,171271.0,28545.166666666668,46489.32338254308,119977.0,16.0,0,0,0,0,200,232,30.947935256919443,36.105924466406016,0.0,537.0,91.4285714285714,183.1017851804393,33526.26373626374,0,0,0,1,0,0,0,0,1.0,98.46153846153847,179.83333333333334,28.714285714285715,200,0,0,0,0,0,0,6,1079,7,201,65535,122,3,32,0,0,0,0,0,0,0,0,BENIGN
10.42.0.151-31.13.80.5-37686-443-6,10.42.0.151,37686,31.13.80.5,443,6,21/07/2017 04:51:07,18460,2,1,31.0,0.0,31.0,0.0,15.5,21.920310216782973,0.0,0.0,0.0,0.0,1679.3066088840735,162.51354279523292,9230.0,12657.2113832392,18180.0,280.0,280.0,280.0,0.0,280.0,280.0,0,0,0,0,0,1,0,0,0,64,32,108.34236186348862,54.17118093174431,0.0,31.0,15.499999999999998,17.897858344878397,320.3333333333333,0,1,0,0,1,0,0,0,0.0,20.666666666666668,15.5,0.0,64,0,0,0,0,0,0,2,31,1,0,1369,122,0,32,0,0,0,0,0,0,0,0,BENIGN
10.42.0.151-104.244.43.195-38003-443-6,10.42.0.151,38003,104.244.43.195,443,6,21/07/2017 04:50:58,10206769,8,7,328.0,4315.0,202.0,0.0,41.0,78.587530817554,1448.0,0.0,616.4285714285714,695.9836820747206,454.89419815418574,1.4696129597916834,729054.9285714285,2684978.7930606846,1.0057585E7,8.0,149140.0,21305.714285714286,19969.160479051072,52558.0,8.0,1.0182908E7,1697151.3333333335,4098526.895197574,1.0062956E7,17.0,0,0,0,0,264,232,0.7837935785555645,0.685819381236119,0.0,1448.0,290.1875,533.8906528182215,285039.2291666667,0,0,0,1,0,0,0,0,0.0,309.53333333333336,41.0,616.4285714285714,264,0,0,0,0,0,0,8,328,7,4315,65535,59,2,32,149140.0,0.0,149140.0,149140.0,1.0057585E7,0.0,1.0057585E7,1.0057585E7,BENIGN
10.42.0.151-104.244.43.195-38002-443-6,10.42.0.151,38002,104.244.43.195,443,6,21/07/2017 04:50:58,10235668,8,7,328.0,4315.0,202.0,0.0,41.0,78.587530817554,1448.0,0.0,616.4285714285714,695.9836820747206,453.60986698669785,1.4654637098428749,731119.1428571428,2696718.4281086423,1.0100479E7,13.0,135146.0,19306.571428571428,15612.885510128517,40893.0,69.0,1.0211721E7,1701953.5,4115618.2738029896,1.0102708E7,13.0,0,0,0,0,264,232,0.7815806452495333,0.6838830645933416,0.0,1448.0,290.1875,533.8906528182215,285039.2291666667,0,0,0,1,0,0,0,0,0.0,309.53333333333336,41.0,616.4285714285714,264,0,0,0,0,0,0,8,328,7,4315,65535,59,2,32,135146.0,0.0,135146.0,135146.0,1.0100479E7,0.0,1.0100479E7,1.0100479E7,BENIGN
10.42.0.151-104.244.43.195-38006-443-6,10.42.0.151,38006,104.244.43.195,443,6,21/07/2017 04:50:58,10259522,8,7,328.0,4315.0,202.0,0.0,41.0,78.587530817554,1448.0,0.0,616.4285714285714,695.9836820747206,452.55519701600133,1.4620564193926382,732823.0,2693573.006542282,1.0091105E7,9.0,168113.0,24016.142857142855,25439.709539933636,73559.0,9.0,1.0235529E7,1705921.5,4109169.8708562413,1.009332E7,21.0,0,0,0,0,264,232,0.7797634236760738,0.6822929957165645,0.0,1448.0,290.1875,533.8906528182215,285039.2291666667,0,0,0,1,0,0,0,0,0.0,309.53333333333336,41.0,616.4285714285714,264,0,0,0,0,0,0,8,328,7,4315,65535,59,2,32,168113.0,0.0,168113.0,168113.0,1.0091105E7,0.0,1.0091105E7,1.0091105E7,BENIGN
10.42.0.151-104.244.43.195-38004-443-6,10.42.0.151,38004,104.244.43.195,443,6,21/07/2017 04:50:58,10274767,8,7,328.0,4315.0,202.0,0.0,41.0,78.587530817554,1448.0,0.0,616.4285714285714,695.9836820747206,451.8837264144286,1.4598871195813976,733911.9285714285,2700981.2179247425,1.0118001E7,11.0,156724.0,22389.14285714286,21577.674337368328,61393.0,11.0,1.0250986E7,1708497.6666666667,4120898.8305897373,1.0119921E7,21.0,0,0,0,0,264,232,0.7786064637767455,0.6812806558046522,0.0,1448.0,290.1875,533.8906528182215,285039.2291666667,0,0,0,1,0,0,0,0,0.0,309.53333333333336,41.0,616.4285714285714,264,0,0,0,0,0,0,8,328,7,4315,65535,59,2,32,156724.0,0.0,156724.0,156724.0,1.0118001E7,0.0,1.0118001E7,1.0118001E7,BENIGN
10.42.0.151-104.244.43.195-38005-443-6,10.42.0.151,38005,104.244.43.195,443,6,21/07/2017 04:50:58,10292533,8,7,328.0,4315.0,202.0,0.0,41.0,78.587530817554,1448.0,0.0,616.4285714285714,695.9836820747206,451.10372733320355,1.457367200085732,735180.9285714286,2698055.6064316584,1.0108977E7,41.0,183510.0,26215.714285714286,28066.46934044422,83647.0,143.0,1.0268612E7,1711435.3333333333,4115120.9735835306,1.011086E7,41.0,0,0,0,0,264,232,0.7772625067123904,0.6801046933733416,0.0,1448.0,290.1875,533.8906528182215,285039.2291666667,0,0,0,1,0,0,0,0,0.0,309.53333333333336,41.0,616.4285714285714,264,0,0,0,0,0,0,8,328,7,4315,65535,59,2,32,183510.0,0.0,183510.0,183510.0,1.0108977E7,0.0,1.0108977E7,1.0108977E7,BENIGN
10.42.0.151-108.168.176.243-41191-443-6,10.42.0.151,41191,108.168.176.243,443,6,21/07/2017 04:49:05,85149216,20,15,521.0,360.0,313.0,0.0,26.049999999999997,69.90405078240798,67.0,0.0,24.0,24.84236013632475,10.346542709212967,0.41104312692673534,2504388.7058823532,7213031.08681904,3.261375E7,16.0,8.5149216E7,4481537.684210528,9282374.771391336,3.261375E7,16.0,8.4976972E7,6069783.714285715,1.0490414074678788E7,3.2689199E7,390.0,1,0,0,0,640,480,0.23488178681527733,0.17616134011145798,0.0,313.0,24.555555555555554,53.983830618565484,2914.253968253968,0,1,0,0,1,0,0,0,0.0,25.257142857142856,26.05,24.0,640,0,0,0,0,0,0,20,521,15,360,1464,514,11,32,359323.5,349309.7197182848,882839.0,169960.0,2.08582185E7,7950186.236627772,3.261375E7,1.5559935E7,BENIGN
10.42.0.151-72.21.91.70-35233-443-6,10.42.0.151,35233,72.21.91.70,443,6,21/07/2017 04:50:59,19871665,10,13,325.0,5472.0,199.0,0.0,32.5,70.64347103589971,1448.0,0.0,420.9230769230769,611.5733073445981,291.721906543815,1.157426919183672,903257.5,4198899.225780498,1.9702565E7,5.0,169040.0,18782.222222222223,19439.82068961657,58670.0,12.0,1.9847875E7,1653989.583333333,5684542.478246544,1.9704714E7,5.0,0,0,0,0,340,424,0.5032290952972486,0.6541978238864232,0.0,1448.0,241.54166666666669,486.6394950971465,236817.99818840568,0,0,0,1,0,0,0,0,1.0,252.04347826086956,32.5,420.9230769230769,340,0,0,0,0,0,0,10,325,13,5472,65535,285,2,32,169040.0,0.0,169040.0,169040.0,1.9702565E7,0.0,1.9702565E7,1.9702565E7,BENIGN
10.42.0.151-72.21.91.70-35233-443-6,10.42.0.151,35233,72.21.91.70,443,6,21/07/2017 04:51:19,16881,2,1,0.0,0.0,0.0,0.0,0.0,0.0,0.0,0.0,0.0,0.0,0.0,177.7145903678692,8440.5,11851.816759467723,16821.0,60.0,60.0,60.0,0.0,60.0,60.0,0,0,0,0,0,0,0,0,0,64,32,118.47639357857946,59.23819678928973,0.0,0.0,0.0,0.0,0.0,0,0,0,0,1,0,0,0,0.0,0.0,0.0,0.0,64,0,0,0,0,0,0,2,0,1,0,1550,285,0,32,0,0,0,0,0,0,0,0,BENIGN
10.42.0.151-104.244.42.66-46329-443-6,10.42.0.151,46329,104.244.42.66,443,6,21/07/2017 04:50:58,30145925,9,10,329.0,3785.0,203.0,0.0,36.55555555555556,75.04850283501848,1448.0,0.0,378.49999999999994,586.992191884469,136.46952282937082,0.6302676066499867,1674773.6111111112,7044106.310626847,2.9899946E7,6.0,245923.0,30740.375,37059.93464236585,101518.0,9.0,3.0102211E7,3344690.111111111,9959132.081454983,2.9902136E7,6.0,0,0,0,0,296,328,0.2985478136763095,0.3317197929736772,0.0,1448.0,205.70000000000002,443.9355216339655,197078.74736842103,0,0,0,1,0,0,0,0,1.0,216.52631578947367,36.55555555555556,378.5,296,0,0,0,0,0,0,9,329,10,3785,65535,118,2,32,245923.0,0.0,245923.0,245923.0,2.9899946E7,0.0,2.9899946E7,2.9899946E7,BENIGN
10.42.0.151-104.244.42.66-46330-443-6,10.42.0.151,46330,104.244.42.66,443,6,21/07/2017 04:50:58,30145544,8,9,329.0,3785.0,203.0,0.0,41.125,78.88044751394352,1448.0,0.0,420.5555555555555,606.4093318689759,136.47124762452452,0.5639307753079527,1884096.5,7464056.040289935,2.9874191E7,9.0,271317.0,38759.57142857143,41766.95923756458,100895.0,9.0,3.010135E7,3762668.75,1.056648037600426E7,2.9913167E7,20.0,0,0,0,0,264,296,0.265379188380213,0.29855158692773964,0.0,1448.0,228.55555555555557,463.3933943298034,214733.4379084967,0,0,0,1,0,0,0,0,1.0,242.0,41.125,420.55555555555554,264,0,0,0,0,0,0,8,329,9,3785,65535,118,2,32,271317.0,0.0,271317.0,271317.0,2.9874191E7,0.0,2.9874191E7,2.9874191E7,BENIGN
199.59.150.44-10.42.0.151-443-56373-6,10.42.0.151,56373,199.59.150.44,443,6,21/07/2017 04:50:59,30183723,8,10,318.0,4235.0,192.0,0.0,39.75,75.68685486925719,1448.0,0.0,423.5000000000001,618.244692658174,150.84288972569752,0.5963479057901505,1775513.1176470588,7215581.227625472,2.977574E7,24.0,407580.0,58225.71428571429,61308.02384058791,163652.0,28.0,3.0095414E7,3343934.888888889,9940229.121806417,2.9850847E7,24.0,0,0,0,0,264,328,0.26504351368451134,0.33130439210563917,0.0,1448.0,239.63157894736844,482.7731478455505,233069.91228070177,0,0,0,1,0,0,0,0,1.0,252.94444444444446,39.75,423.5,264,0,0,0,0,0,0,8,318,10,4235,65535,118,2,32,407580.0,0.0,407580.0,407580.0,2.977574E7,0.0,2.977574E7,2.977574E7,BENIGN
8.0.6.4-8.6.0.1-0-0-0,8.6.0.1,0,8.0.6.4,0,0,21/07/2017 04:50:24,69120816,3,0,0.0,0.0,0.0,0.0,0.0,0.0,0,0,0,0,0.0,0.04340226538992248,3.4560408E7,5865042.042222886,3.8707619E7,3.0413197E7,6.9120816E7,3.4560408E7,5865042.042222886,3.8707619E7,3.0413197E7,0,0,0,0,0,0,0,0,0,0,0,0.04340226538992248,0.0,0.0,0.0,0.0,0.0,0.0,0,0,0,0,0,0,0,0,0.0,0.0,0.0,0.0,0,0,0,0,0,0,0,3,0,0,0,-1,-1,0,0,0,0,0,0,3.4560408E7,5865042.042222886,3.8707619E7,3.0413197E7,BENIGN
172.217.12.170-10.42.0.151-443-54292-6,10.42.0.151,54292,172.217.12.170,443,6,21/07/2017 04:49:58,1247411,20,16,1605.0,4086.0,1194.0,0.0,80.25,265.84698309563834,1418.0,0.0,255.37499999999991,495.0730417490601,4562.249330813982,28.85977436466409,35640.31428571429,74016.08282217788,385468.0,9.0,1171119.0,61637.84210526316,104230.35539092308,385468.0,9.0,1210559.0,80703.93333333333,119238.31442264009,424756.0,12.0,0,0,0,0,660,520,16.03320798036894,12.826566384295152,0.0,1418.0,153.8108108108108,384.28156906664714,147672.3243243243,0,0,0,1,0,0,0,0,0.0,158.08333333333334,80.25,255.375,660,0,0,0,0,0,0,20,1605,16,4086,65535,362,7,32,0,0,0,0,0,0,0,0,BENIGN
172.217.12.170-10.42.0.151-443-54292-6,10.42.0.151,54292,172.217.12.170,443,6,21/07/2017 04:53:59,27,1,1,55.0,0.0,55.0,55.0,55.0,0.0,0.0,0.0,0.0,0.0,2037037.037037037,74074.07407407407,27.0,0.0,27.0,27.0,0,0,0,0,0,0,0,0,0,0,1,0,0,0,32,32,37037.03703703704,37037.03703703704,0.0,55.0,36.66666666666667,31.754264805429415,1008.3333333333333,0,1,0,0,1,0,0,0,1.0,55.0,55.0,0.0,32,0,0,0,0,0,0,1,55,1,0,362,362,0,32,0,0,0,0,0,0,0,0,BENIGN
172.217.12.170-10.42.0.151-443-54292-6,10.42.0.151,54292,172.217.12.170,443,6,21/07/2017 04:53:59,24473,4,0,61.0,0.0,38.0,0.0,15.25,18.64358692240668,0,0,0,0,2492.542802271891,163.4454296571732,8157.666666666666,4832.3021773615665,13040.0,3377.0,24473.0,8157.666666666666,4832.3021773615665,13040.0,3377.0,0,0,0,0,0,0,0,0,0,128,0,163.4454296571732,0.0,0.0,38.0,12.2,17.527121840165314,307.2,0,0,0,0,1,0,0,0,0.0,15.25,15.25,0.0,128,0,0,0,0,0,0,4,61,0,0,1502,-1,2,32,0,0,0,0,0,0,0,0,BENIGN
172.217.12.170-10.42.0.151-443-54452-6,10.42.0.151,54452,172.217.12.170,443,6,21/07/2017 04:50:02,470994,10,8,1015.0,4235.0,761.0,0.0,101.5,238.4870133897348,1418.0,0.0,529.3749999999999,625.0810090357431,11146.638810685487,38.21704735092167,27705.529411764706,28679.981060658076,76789.0,17.0,470994.0,52332.666666666664,46840.01719416849,154182.0,116.0,415243.0,59320.42857142857,58992.28891659525,128930.0,17.0,0,0,0,0,328,264,21.23169297273426,16.985354378187406,0.0,1418.0,276.31578947368416,479.65474303359065,230068.6725146199,0,0,0,1,0,0,0,0,0.0,291.6666666666667,101.5,529.375,328,0,0,0,0,0,0,10,1015,8,4235,65535,352,3,32,0,0,0,0,0,0,0,0,BENIGN
172.217.12.170-10.42.0.151-443-35026-6,10.42.0.151,35026,172.217.12.170,443,6,21/07/2017 04:50:01,761574,10,8,1178.0,4106.0,858.0,0.0,117.8,268.9294827025603,1418.0,0.0,513.25,628.382219899413,6938.262073022451,23.635260657532953,44798.4705882353,63582.80861907332,261906.0,6.0,761574.0,84619.33333333333,87226.20642043307,261906.0,120.0,685011.0,97858.71428571429,118537.17163505335,300998.0,6.0,0,0,0,0,328,264,13.130700365296084,10.504560292236867,0.0,1418.0,278.1052631578948,482.5638581503825,232867.87719298244,0,0,0,1,0,0,0,0,0.0,293.55555555555554,117.8,513.25,328,0,0,0,0,0,0,10,1178,8,4106,65535,362,3,32,0,0,0,0,0,0,0,0,BENIGN
172.217.10.238-10.42.0.151-443-53612-6,10.42.0.151,53612,172.217.10.238,443,6,21/07/2017 04:50:02,898349,10,7,1014.0,5553.0,763.0,0.0,101.4,239.0096232372245,1418.0,0.0,793.2857142857143,729.7131204077655,7310.076596066785,18.9236031876253,56146.8125,134379.10468284308,551498.0,26.0,898349.0,99816.55555555556,175026.088541188,551498.0,117.0,801452.0,133575.33333333334,269136.7712533289,680525.0,26.0,0,0,0,0,328,232,11.131531286838412,7.792071900786889,0.0,1418.0,364.83333333333337,585.164255472216,342417.2058823529,0,0,0,1,0,0,0,0,0.0,386.29411764705884,101.4,793.2857142857143,328,0,0,0,0,0,0,10,1014,7,5553,65535,352,3,32,0,0,0,0,0,0,0,0,BENIGN
172.217.12.170-10.42.0.151-443-44136-6,10.42.0.151,44136,172.217.12.170,443,6,21/07/2017 04:50:06,305819,14,11,8586.0,1094.0,1368.0,0.0,613.2857142857142,680.8790052426494,586.0,0.0,99.45454545454545,191.24819666410642,31652.70960927869,81.7477004371867,12742.458333333332,14299.656636130527,38616.0,14.0,305819.0,23524.53846153846,23908.349889440247,70427.0,73.0,220809.0,22080.9,29452.14605819639,85648.0,14.0,0,0,0,0,456,360,45.778712244824554,35.96898819236215,0.0,1368.0,372.3076923076923,571.4208795086696,326521.82153846155,0,0,0,1,0,0,0,0,0.0,387.2,613.2857142857143,99.45454545454545,456,0,0,0,0,0,0,14,8586,11,1094,65535,468,9,32,0,0,0,0,0,0,0,0,BENIGN
172.217.6.206-10.42.0.151-443-38442-6,10.42.0.151,38442,172.217.6.206,443,6,21/07/2017 04:50:02,6591427,49,48,17741.0,5606.0,1368.0,0.0,362.06122448979585,492.83023649813,407.0,0.0,116.79166666666667,162.38592831988876,3542.025118384835,14.716084999500108,68660.69791666666,169553.33391585512,820303.0,5.0,6591427.0,137321.39583333334,230689.4206410234,827977.0,5.0,6546489.0,139287.0,239667.2115751702,899349.0,8.0,0,0,0,0,1576,1544,7.4338986079949,7.282186391505208,0.0,1368.0,238.23469387755102,385.4795861796647,148594.51136124553,0,0,0,1,0,0,0,0,0.0,240.69072164948454,362.0612244897959,116.79166666666667,1576,0,0,0,0,0,0,49,17741,48,5606,65535,789,23,32,0,0,0,0,0,0,0,0,BENIGN
172.217.12.170-10.42.0.151-443-49403-6,10.42.0.151,49403,172.217.12.170,443,6,21/07/2017 04:50:10,3074067,25,28,6769.0,21708.0,1368.0,0.0,270.76,484.4522061049986,1418.0,0.0,775.2857142857142,693.7904399767802,9263.62372713412,17.241003530502102,59116.67307692308,257857.13128767765,1838004.0,3.0,3074067.0,128086.12500000003,379049.3859113431,1838004.0,10.0,2994053.0,110890.85185185187,364592.347371449,1889670.0,3.0,0,0,0,0,820,916,8.1325488351425,9.108454695359601,0.0,1418.0,527.351851851852,648.2815064462965,420268.91160027956,0,0,0,1,0,0,0,0,1.0,537.3018867924528,270.76,775.2857142857143,820,0,0,0,0,0,0,25,6769,28,21708,65535,468,9,32,0,0,0,0,0,0,0,0,BENIGN
172.217.12.170-10.42.0.151-443-47085-6,10.42.0.151,47085,172.217.12.170,443,6,21/07/2017 04:50:39,526119,13,15,1173.0,4293.0,754.0,0.0,90.23076923076924,206.4885605572997,1418.0,0.0,286.2,505.5497997230342,10389.284553494552,53.21989892020626,19485.88888888889,26177.239149443918,80354.0,12.0,450240.0,37519.99999999999,47832.53895338688,117165.0,13.0,489308.0,34950.57142857143,49465.79793183333,126667.0,12.0,0,0,0,0,424,488,24.70923878438148,28.510660135824786,0.0,1418.0,188.48275862068968,396.14342827257246,156929.61576354675,0,0,0,1,0,0,0,0,1.0,195.21428571428572,90.23076923076923,286.2,424,0,0,0,0,0,0,13,1173,15,4293,65535,352,7,32,0,0,0,0,0,0,0,0,BENIGN
172.217.12.170-10.42.0.151-443-47085-6,10.42.0.151,47085,172.217.12.170,443,6,21/07/2017 04:54:40,261,1,1,55.0,0.0,55.0,55.0,55.0,0.0,0.0,0.0,0.0,0.0,210727.969348659,7662.835249042146,261.0,0.0,261.0,261.0,0,0,0,0,0,0,0,0,0,0,1,0,0,0,32,32,3831.417624521073,3831.417624521073,0.0,55.0,36.66666666666667,31.754264805429415,1008.3333333333333,0,1,0,0,1,0,0,0,1.0,55.0,55.0,0.0,32,0,0,0,0,0,0,1,55,1,0,352,352,0,32,0,0,0,0,0,0,0,0,BENIGN
172.217.12.170-10.42.0.151-443-47085-6,10.42.0.151,47085,172.217.12.170,443,6,21/07/2017 04:54:40,45704,4,0,61.0,0.0,38.0,0.0,15.25,18.64358692240668,0,0,0,0,1334.675301942937,87.5196919306844,15234.666666666668,26240.981885846675,45535.0,4.0,45704.0,15234.666666666668,26240.981885846675,45535.0,4.0,0,0,0,0,0,0,0,0,0,128,0,87.5196919306844,0.0,0.0,38.0,12.2,17.527121840165314,307.2,0,0,0,0,1,0,0,0,0.0,15.25,15.25,0.0,128,0,0,0,0,0,0,4,61,0,0,1546,-1,2,32,0,0,0,0,0,0,0,0,BENIGN
172.217.12.170-10.42.0.151-443-49981-6,10.42.0.151,49981,172.217.12.170,443,6,21/07/2017 04:50:46,1757077,20,20,6453.0,11350.0,1368.0,0.0,322.65000000000003,528.3427192148752,1418.0,0.0,567.5,674.7658073263954,10132.168368261608,22.765080870104157,45053.2564102564,142856.05680649643,850567.0,10.0,1757077.0,92477.73684210527,204113.70273203723,850567.0,10.0,1713902.0,90205.36842105261,225081.0308773291,965023.0,11.0,0,0,0,0,648,648,11.382540435052078,11.382540435052078,0.0,1418.0,434.2195121951219,607.1947592080782,368685.4756097561,0,0,0,1,0,0,0,0,1.0,445.075,322.65,567.5,648,0,0,0,0,0,0,20,6453,20,11350,65535,468,8,32,0,0,0,0,0,0,0,0,BENIGN
172.217.12.170-10.42.0.151-443-33540-6,10.42.0.151,33540,172.217.12.170,443,6,21/07/2017 04:50:48,510435,10,10,1515.0,4778.0,1261.0,0.0,151.5,393.8957137788292,1418.0,0.0,477.8,561.6647477712029,12328.700030366257,39.18226610636027,26864.999999999996,29825.444668381166,82695.0,8.0,510435.0,56715.0,50672.266344618925,119726.0,97.0,452417.0,50268.55555555555,77096.36469236262,184697.0,8.0,0,0,0,0,328,328,19.591133053180133,19.591133053180133,0.0,1418.0,299.6666666666667,493.06382277889065,243111.9333333333,0,0,0,1,0,0,0,0,1.0,314.65,151.5,477.8,328,0,0,0,0,0,0,10,1515,10,4778,65535,362,3,32,0,0,0,0,0,0,0,0,BENIGN
172.217.12.170-10.42.0.151-443-40476-6,10.42.0.151,40476,172.217.12.170,443,6,21/07/2017 04:50:49,549353,11,9,3410.0,4245.0,1368.0,0.0,310.0,502.18303436097875,1418.0,0.0,471.6666666666667,608.4221396366178,13934.573944258063,36.406463603548175,28913.315789473683,27260.32910262871,85988.0,11.0,549353.0,54935.3,52897.28237726395,140774.0,50.0,426408.0,53301.0,56809.701125776046,114573.0,11.0,0,0,0,0,360,296,20.023554981951495,16.38290862159668,0.0,1418.0,364.5238095238095,536.2925152421594,287609.66190476186,0,0,0,1,0,0,0,0,0.0,382.75,310.0,471.6666666666667,360,0,0,0,0,0,0,11,3410,9,4245,65535,391,5,32,0,0,0,0,0,0,0,0,BENIGN
172.217.12.170-10.42.0.151-443-53942-6,10.42.0.151,53942,172.217.12.170,443,6,21/07/2017 04:50:50,838705,18,16,10091.0,1341.0,1368.0,0.0,560.6111111111111,665.1501501332027,637.0,0.0,83.8125,187.61208871854,13630.537554920978,40.53868761960403,25415.303030303032,47842.74895979853,255003.0,46.0,838705.0,49335.58823529412,76818.3090928351,255003.0,123.0,797046.0,53136.40000000001,77769.85225724867,303225.0,46.0,0,0,0,0,596,520,21.461658151555074,19.077029468048956,0.0,1368.0,326.6285714285714,544.6179495062294,296608.71092436975,0,0,0,1,0,0,0,0,0.0,336.2352941176471,560.6111111111111,83.8125,596,0,0,0,0,0,0,18,10091,16,1341,65535,511,12,32,0,0,0,0,0,0,0,0,BENIGN
172.217.12.170-10.42.0.151-443-45709-6,10.42.0.151,45709,172.217.12.170,443,6,21/07/2017 04:50:55,515218,17,13,4541.0,5603.0,1368.0,0.0,267.1176470588235,490.39115539956225,1418.0,0.0,430.99999999999994,529.5262033176451,19688.75311033388,58.22777930895272,17766.137931034482,24951.190638244294,78333.0,6.0,515218.0,32201.125000000004,48958.54604577904,142982.0,9.0,441929.0,36827.41666666667,45686.16098688636,142553.0,6.0,0,0,0,0,564,424,32.99574160840654,25.23203770054618,0.0,1418.0,327.22580645161287,500.6997576510578,250700.247311828,0,0,0,1,0,0,0,0,0.0,338.1333333333333,267.11764705882354,431.0,564,0,0,0,0,0,0,17,4541,13,5603,65535,413,6,32,0,0,0,0,0,0,0,0,BENIGN
172.217.10.45-10.42.0.151-443-59595-6,10.42.0.151,59595,172.217.10.45,443,6,21/07/2017 04:50:57,326259,19,17,1666.0,6439.0,991.0,0.0,87.68421052631578,229.27447225046882,1418.0,0.0,378.76470588235287,503.3437604425732,24842.226574592576,110.3417836749331,9321.685714285713,17431.29309227825,77341.0,3.0,248918.0,13828.77777777778,24661.62703128213,88423.0,11.0,289175.0,18073.437499999996,28097.504088367587,85738.0,3.0,0,0,0,0,628,552,58.23594138399247,52.10584229094063,0.0,1418.0,219.05405405405406,401.7114737073216,161372.10810810814,0,0,0,1,0,0,0,0,0.0,225.13888888888889,87.6842105263158,378.7647058823529,628,0,0,0,0,0,0,19,1666,17,6439,65535,370,9,32,0,0,0,0,0,0,0,0,BENIGN
172.217.10.45-10.42.0.151-443-59595-6,10.42.0.151,59595,172.217.10.45,443,6,21/07/2017 04:54:57,410,1,1,55.0,0.0,55.0,55.0,55.0,0.0,0.0,0.0,0.0,0.0,134146.34146341463,4878.048780487805,410.0,0.0,410.0,410.0,0,0,0,0,0,0,0,0,0,0,1,0,0,0,32,32,2439.0243902439024,2439.0243902439024,0.0,55.0,36.66666666666667,31.754264805429415,1008.3333333333333,0,1,0,0,1,0,0,0,1.0,55.0,55.0,0.0,32,0,0,0,0,0,0,1,55,1,0,370,370,0,32,0,0,0,0,0,0,0,0,BENIGN
172.217.12.206-10.42.0.151-443-59300-6,10.42.0.151,59300,172.217.12.206,443,6,21/07/2017 04:49:52,65999599,23,23,16374.0,3717.0,1368.0,0.0,711.9130434782609,651.0516606400251,1418.0,0.0,161.60869565217388,325.928288143048,304.4109404361684,0.6969739316143421,1466657.7555555557,6837375.891063968,3.5918503E7,9.0,6.5999599E7,2999981.7727272725,9650680.180260634,3.5918503E7,9.0,6.5937456E7,2997157.0909090913,9673286.168028127,3.5966792E7,12.0,0,0,0,0,736,736,0.34848696580717103,0.34848696580717103,0.0,1418.0,456.5744680851064,589.6480433157766,347684.814986124,0,0,0,0,1,0,0,0,1.0,466.5,711.9130434782609,161.6086956521739,736,0,0,0,0,0,0,23,16374,23,3717,2920,1238,12,32,232714.0,109983.3887457556,310484.0,154944.0,3.2652609E7,4618671.5880729165,3.5918503E7,2.9386715E7,BENIGN
172.217.9.238-10.42.0.151-443-57017-6,10.42.0.151,57017,172.217.9.238,443,6,21/07/2017 04:50:59,572624,23,25,3867.0,7196.0,1368.0,0.0,168.1304347826087,354.1565273290926,1418.0,0.0,287.8399999999999,469.5379537375014,19319.832909553214,83.82463885551427,12183.489361702128,21152.641407545034,101394.0,4.0,522958.0,23770.818181818184,48395.16972614634,207672.0,6.0,535333.0,22305.54166666666,36376.273589512406,133987.0,4.0,0,0,0,0,756,808,40.16597278493391,43.658666070580345,0.0,1418.0,225.7755102040816,415.1875713310252,172380.71938775512,0,0,0,1,0,0,0,0,1.0,230.47916666666666,168.1304347826087,287.84,756,0,0,0,0,0,0,23,3867,25,7196,65535,413,13,32,0,0,0,0,0,0,0,0,BENIGN
172.217.9.238-10.42.0.151-443-57017-6,10.42.0.151,57017,172.217.9.238,443,6,21/07/2017 04:55:00,28,1,1,55.0,0.0,55.0,55.0,55.0,0.0,0.0,0.0,0.0,0.0,1964285.7142857143,71428.57142857143,28.0,0.0,28.0,28.0,0,0,0,0,0,0,0,0,0,0,1,0,0,0,32,32,35714.28571428572,35714.28571428572,0.0,55.0,36.66666666666667,31.754264805429415,1008.3333333333333,0,1,0,0,1,0,0,0,1.0,55.0,55.0,0.0,32,0,0,0,0,0,0,1,55,1,0,413,413,0,32,0,0,0,0,0,0,0,0,BENIGN
172.217.9.238-10.42.0.151-443-57017-6,10.42.0.151,57017,172.217.9.238,443,6,21/07/2017 04:55:00,277,2,0,0.0,0.0,0.0,0.0,0.0,0.0,0,0,0,0,0.0,7220.216606498195,277.0,0.0,277.0,277.0,277.0,277.0,0.0,277.0,277.0,0,0,0,0,0,0,0,0,0,64,0,7220.216606498195,0.0,0.0,0.0,0.0,0.0,0.0,0,0,0,0,1,0,0,0,0.0,0.0,0.0,0.0,64,0,0,0,0,0,0,2,0,0,0,1679,-1,0,32,0,0,0,0,0,0,0,0,BENIGN
172.217.6.228-10.42.0.151-443-35971-6,10.42.0.151,35971,172.217.6.228,443,6,21/07/2017 04:51:02,326247,18,17,1272.0,5673.0,633.0,0.0,70.66666666666666,156.80598728064825,1418.0,0.0,333.7058823529411,511.34586689268866,21287.552069444315,107.2806799756013,9595.499999999998,16856.917104191256,75921.0,6.0,250326.0,14725.058823529409,25813.894985236602,94954.0,7.0,289336.0,18083.5,28095.253032021858,83046.0,6.0,0,0,0,0,596,552,55.17292113030924,52.10775884529206,0.0,1418.0,192.91666666666663,387.1059932369944,149851.04999999996,0,0,0,1,0,0,0,0,0.0,198.42857142857142,70.66666666666667,333.70588235294116,596,0,0,0,0,0,0,18,1272,17,5673,65535,179,8,32,0,0,0,0,0,0,0,0,BENIGN
172.217.6.228-10.42.0.151-443-35971-6,10.42.0.151,35971,172.217.6.228,443,6,21/07/2017 04:55:02,18,1,1,55.0,0.0,55.0,55.0,55.0,0.0,0.0,0.0,0.0,0.0,3055555.5555555555,111111.11111111111,18.0,0.0,18.0,18.0,0,0,0,0,0,0,0,0,0,0,1,0,0,0,32,32,55555.555555555555,55555.555555555555,0.0,55.0,36.66666666666667,31.754264805429415,1008.3333333333333,0,1,0,0,1,0,0,0,1.0,55.0,55.0,0.0,32,0,0,0,0,0,0,1,55,1,0,179,179,0,32,0,0,0,0,0,0,0,0,BENIGN
172.217.11.14-10.42.0.151-443-48284-6,10.42.0.151,48284,172.217.11.14,443,6,21/07/2017 04:51:04,243314,16,15,1157.0,4779.0,508.0,0.0,72.31250000000001,138.01822041551858,1418.0,0.0,318.6,533.3568625762144,24396.45889673426,127.4073830523521,8110.466666666666,12101.819603090567,36907.0,11.0,206341.0,13756.066666666666,21831.114059219854,75981.0,11.0,206407.0,14743.357142857143,21693.668752416233,69006.0,11.0,0,0,0,0,520,488,65.75864931734301,61.64873373500908,0.0,1418.0,185.5,392.40515599519455,153981.80645161297,0,0,0,1,0,0,0,0,0.0,191.48387096774192,72.3125,318.6,520,0,0,0,0,0,0,16,1157,15,4779,65535,357,8,32,0,0,0,0,0,0,0,0,BENIGN
172.217.11.14-10.42.0.151-443-48284-6,10.42.0.151,48284,172.217.11.14,443,6,21/07/2017 04:55:04,27,1,1,55.0,0.0,55.0,55.0,55.0,0.0,0.0,0.0,0.0,0.0,2037037.037037037,74074.07407407407,27.0,0.0,27.0,27.0,0,0,0,0,0,0,0,0,0,0,1,0,0,0,32,32,37037.03703703704,37037.03703703704,0.0,55.0,36.66666666666667,31.754264805429415,1008.3333333333333,0,1,0,0,1,0,0,0,1.0,55.0,55.0,0.0,32,0,0,0,0,0,0,1,55,1,0,357,357,0,32,0,0,0,0,0,0,0,0,BENIGN
10.42.0.151-108.168.176.243-41191-443-6,10.42.0.151,41191,108.168.176.243,443,6,21/07/2017 04:51:13,117867744,19,15,516.0,324.0,297.0,0.0,27.1578947368421,68.0067506109134,67.0,0.0,21.600000000000005,25.334335819763883,7.126631693230677,0.28845890186886075,3571749.818181818,1.6928385876801748E7,9.6499245E7,12.0,1.17867744E8,6548208.0,2.278069870097942E7,9.6499245E7,12.0,1.17736142E8,8409724.42857143,2.5775755124235198E7,9.6670177E7,251.0,1,0,0,0,608,480,0.16119762163259865,0.1272612802362621,0.0,297.0,24.08571428571429,52.28618725965072,2733.845378151261,0,1,0,0,1,0,0,0,0.0,24.794117647058822,27.157894736842106,21.6,608,0,0,0,0,0,0,19,516,15,324,1464,514,11,32,2341750.0,2877274.0611905567,4376290.0,307210.0,5.647712E7,5.6599831969991304E7,9.6499245E7,1.6454995E7,BENIGN
8.0.6.4-8.6.0.1-0-0-0,8.6.0.1,0,8.0.6.4,0,0,21/07/2017 04:53:16,113460582,6,0,0.0,0.0,0.0,0.0,0.0,0.0,0,0,0,0,0.0,0.052881801716828845,2.26921164E7,2.0666983035980623E7,4.7612697E7,5480.0,1.13460582E8,2.26921164E7,2.0666983035980623E7,4.7612697E7,5480.0,0,0,0,0,0,0,0,0,0,0,0,0.052881801716828845,0.0,0.0,0.0,0.0,0.0,0.0,0,0,0,0,0,0,0,0,0.0,0.0,0.0,0.0,0,0,0,0,0,0,0,6,0,0,0,-1,-1,0,0,5480.0,0.0,5480.0,5480.0,2.83637755E7,1.884270338270482E7,4.7612697E7,8637427.0,BENIGN
10.42.0.151-31.13.80.5-37688-443-6,10.42.0.151,37688,31.13.80.5,443,6,21/07/2017 04:56:14,191857,6,7,1080.0,201.0,537.0,0.0,180.0,260.24373191298963,137.0,0.0,28.714285714285715,50.07898523237828,6676.84786064621,67.75879952256108,15988.083333333334,33192.22310738776,116969.0,3.0,52348.0,10469.6,12643.44084100527,24393.0,320.0,169512.0,28252.000000000004,45255.11583014676,116969.0,3.0,0,0,0,0,200,232,31.273292087335882,36.485507435225195,0.0,537.0,91.50000000000001,183.26976753493113,33587.807692307695,0,0,0,1,0,0,0,0,1.0,98.53846153846153,180.0,28.714285714285715,200,0,0,0,0,0,0,6,1080,7,201,65535,122,3,32,0,0,0,0,0,0,0,0,BENIGN
10.42.0.151-74.125.22.188-49885-5228-6,10.42.0.151,49885,74.125.22.188,5228,6,21/07/2017 04:49:53,76061472,12,10,2960.0,1065.0,1040.0,0.0,246.66666666666663,405.0369979359536,338.0,0.0,106.5,133.7454049054895,52.91772423231568,0.28923973493439625,3621974.8571428573,1.195477374946464E7,4.9956531E7,40.0,7.6061472E7,6914679.272727273,1.6149122570288017E7,4.9956531E7,117.0,7.5954696E7,8439410.666666668,1.7742922980708204E7,5.0152607E7,40.0,0,0,0,0,392,328,0.1577671281460343,0.13147260678836192,0.0,1040.0,175.0,309.3083192603076,95671.63636363637,0,0,0,1,0,0,0,0,0.0,182.95454545454547,246.66666666666666,106.5,392,0,0,0,0,0,0,12,2960,10,1065,65535,196,5,32,353641.0,234035.37400999875,519129.0,188153.0,3.7608666E7,1.746251814935206E7,4.9956531E7,2.5260801E7,BENIGN
8.0.6.4-8.6.0.1-0-0-0,8.6.0.1,0,8.0.6.4,0,0,21/07/2017 04:55:46,76289111,3,0,0.0,0.0,0.0,0.0,0.0,0.0,0,0,0,0,0.0,0.03932409174357793,3.81445555E7,7604392.494973711,4.3521673E7,3.2767438E7,7.6289111E7,3.81445555E7,7604392.494973711,4.3521673E7,3.2767438E7,0,0,0,0,0,0,0,0,0,0,0,0.03932409174357793,0.0,0.0,0.0,0.0,0.0,0.0,0,0,0,0,0,0,0,0,0.0,0.0,0.0,0.0,0,0,0,0,0,0,0,3,0,0,0,-1,-1,0,0,0,0,0,0,3.81445555E7,7604392.494973711,4.3521673E7,3.2767438E7,BENIGN
216.58.219.202-10.42.0.151-443-58168-6,10.42.0.151,58168,216.58.219.202,443,6,21/07/2017 04:55:44,529882,10,10,1092.0,4826.0,740.0,0.0,109.2,234.5931703088467,1418.0,0.0,482.6,553.0230455314578,11168.524312960244,37.744252493951485,27888.52631578947,37510.97346165433,127929.0,3.0,529882.0,58875.77777777778,66812.04820572742,194636.0,3.0,365352.0,40594.666666666664,66629.62184531742,184060.0,4.0,0,0,0,0,328,328,18.872126246975743,18.872126246975743,0.0,1418.0,281.8095238095238,448.79512241641163,201417.06190476188,0,0,0,1,0,0,0,0,1.0,295.9,109.2,482.6,328,0,0,0,0,0,0,10,1092,10,4826,65535,352,3,32,0,0,0,0,0,0,0,0,BENIGN
10.42.0.151-108.168.176.243-41191-443-6,10.42.0.151,41191,108.168.176.243,443,6,21/07/2017 04:55:41,98274739,7,4,102.0,39.0,37.0,0.0,14.571428571428571,16.84099307104684,39.0,0.0,9.75,19.5,1.43475323806253,0.1119311036786371,9827473.9,3.087688747969975E7,9.770463E7,43099.0,9.8274739E7,1.6379123166666666E7,3.9876706801037654E7,9.7777081E7,54151.0,9.8018256E7,3.2672752E7,5.6381915491363905E7,9.7776972E7,92391.0,1,0,0,0,224,128,0.0712288841591327,0.040702219519504396,0.0,39.0,14.833333333333332,17.67809807403363,312.51515151515156,0,1,0,0,1,0,0,0,0.0,16.181818181818183,14.571428571428571,9.75,224,0,0,0,0,0,0,7,102,4,39,514,514,4,32,347641.0,0.0,347641.0,347641.0,9.770463E7,0.0,9.770463E7,9.770463E7,BENIGN
172.217.10.238-10.42.0.151-443-54443-6,10.42.0.151,54443,172.217.10.238,443,6,21/07/2017 04:56:57,493181,17,17,1576.0,6096.0,816.0,0.0,92.70588235294117,201.98136198232575,1418.0,0.0,358.5882352941176,535.070329352078,15556.154839703882,68.94020653674818,14944.878787878788,23277.763227162708,76264.0,0.0,416917.0,26057.312500000004,42952.26600265113,106207.0,3.0,456427.0,28526.6875,45231.09836932808,112363.0,0.0,0,0,0,0,552,552,34.47010326837409,34.47010326837409,0.0,1418.0,219.20000000000002,415.99998585972827,173055.98823529412,0,0,0,1,0,0,0,0,1.0,225.64705882352942,92.70588235294117,358.5882352941176,552,0,0,0,0,0,0,17,1576,17,6096,65535,361,9,32,0,0,0,0,0,0,0,0,BENIGN
172.217.10.238-10.42.0.151-443-54443-6,10.42.0.151,54443,172.217.10.238,443,6,21/07/2017 05:00:58,26,1,1,55.0,0.0,55.0,55.0,55.0,0.0,0.0,0.0,0.0,0.0,2115384.6153846155,76923.07692307692,26.0,0.0,26.0,26.0,0,0,0,0,0,0,0,0,0,0,1,0,0,0,32,32,38461.53846153846,38461.53846153846,0.0,55.0,36.66666666666667,31.754264805429415,1008.3333333333333,0,1,0,0,1,0,0,0,1.0,55.0,55.0,0.0,32,0,0,0,0,0,0,1,55,1,0,361,361,0,32,0,0,0,0,0,0,0,0,BENIGN
172.217.10.238-10.42.0.151-443-54443-6,10.42.0.151,54443,172.217.10.238,443,6,21/07/2017 05:00:58,289967,2,1,0.0,0.0,0.0,0.0,0.0,0.0,0.0,0.0,0.0,0.0,0.0,10.346004890211645,144983.5,153288.72934596334,253375.0,36592.0,289967.0,289967.0,0.0,289967.0,289967.0,0,0,0,0,0,0,0,0,0,64,32,6.897336593474431,3.4486682967372153,0.0,0.0,0.0,0.0,0.0,0,0,0,0,1,1,0,0,0.0,0.0,0.0,0.0,64,0,0,0,0,0,0,2,0,1,0,1635,361,0,32,0,0,0,0,0,0,0,0,BENIGN
10.42.0.151-104.244.46.199-45462-443-6,10.42.0.151,45462,104.244.46.199,443,6,21/07/2017 04:50:59,151256,8,5,329.0,4278.0,203.0,0.0,41.125,78.88044751394352,1448.0,0.0,855.6,687.6254794581132,30458.295869254773,85.94700375522294,12604.666666666668,14671.000079521958,39728.0,7.0,151256.0,21608.0,23077.33494145284,63456.0,15.0,87980.0,21995.0,27663.064532573633,57507.0,7.0,0,0,0,0,264,168,52.89046384936796,33.056539905854976,0.0,1448.0,329.07142857142856,561.0858242709419,314817.30219780223,0,0,0,1,0,0,0,0,0.0,354.38461538461536,41.125,855.6,264,0,0,0,0,0,0,8,329,5,4278,65535,59,2,32,0,0,0,0,0,0,0,0,BENIGN
10.42.0.151-104.244.46.199-45462-443-6,10.42.0.151,45462,104.244.46.199,443,6,21/07/2017 05:00:59,14,1,2,58.0,31.0,58.0,58.0,58.0,0.0,31.0,0.0,15.5,21.920310216782973,6357142.857142857,214285.7142857143,7.0,5.656854249492381,11.0,3.0,0,0,0,0,0,3.0,3.0,0.0,3.0,3.0,1,0,0,0,32,64,71428.57142857143,142857.14285714287,0.0,58.0,36.75,27.608875384557045,762.25,0,1,0,0,1,0,0,0,2.0,49.0,58.0,15.5,32,0,0,0,0,0,0,1,58,2,31,59,59,0,32,0,0,0,0,0,0,0,0,BENIGN
10.42.0.151-104.244.46.199-45464-443-6,10.42.0.151,45464,104.244.46.199,443,6,21/07/2017 04:50:59,158009,8,5,327.0,4278.0,201.0,0.0,40.875,78.29511479013235,1448.0,0.0,855.6,687.6254794581132,29143.90952414103,82.27379453069129,13167.416666666668,14660.32422101065,41941.0,18.0,158009.0,22572.714285714286,23111.324574143917,66247.0,37.0,91897.0,22974.25,27531.49009619106,55484.0,18.0,0,0,0,0,264,168,50.63002740350233,31.643767127188955,0.0,1448.0,328.92857142857144,561.1206457802806,314856.3791208791,0,0,0,1,0,0,0,0,0.0,354.2307692307692,40.875,855.6,264,0,0,0,0,0,0,8,327,5,4278,65535,59,2,32,0,0,0,0,0,0,0,0,BENIGN
10.42.0.151-104.244.46.199-45464-443-6,10.42.0.151,45464,104.244.46.199,443,6,21/07/2017 05:00:59,5,1,1,58.0,31.0,58.0,58.0,58.0,0.0,31.0,31.0,31.0,0.0,1.78E7,399999.99999999994,5.0,0.0,5.0,5.0,0,0,0,0,0,0,0,0,0,0,1,0,0,0,32,32,199999.99999999997,199999.99999999997,31.0,58.0,49.0,15.588457268119896,243.0,0,1,0,0,1,0,0,0,1.0,73.5,58.0,31.0,32,0,0,0,0,0,0,1,58,1,31,59,59,0,32,0,0,0,0,0,0,0,0,BENIGN
10.42.0.151-108.168.176.243-41191-443-6,10.42.0.151,41191,108.168.176.243,443,6,21/07/2017 04:59:49,87565508,9,7,150.0,62.0,45.0,0.0,16.666666666666668,18.445866745696716,39.0,0.0,8.857142857142856,15.815905195177958,2.4210445966921132,0.18272034692015948,5837700.533333333,1.5819822427283142E7,5.4519165E7,2869.0,8.7519493E7,1.0939936625E7,2.092615929810469E7,5.4591037E7,16311.0,8.7404995E7,1.4567499166666666E7,2.350122957534088E7,5.4591082E7,2869.0,1,0,0,0,288,224,0.10278019514258971,0.07994015177756977,0.0,45.0,14.64705882352941,17.666851645350498,312.11764705882354,0,1,0,0,1,0,0,0,0.0,15.5625,16.666666666666668,8.857142857142858,288,0,0,0,0,0,0,9,150,7,62,514,514,6,32,297915.5,71405.76408456113,348407.0,247424.0,4.34036075E7,1.5719772169837974E7,5.4519165E7,3.228805E7,BENIGN
10.42.0.151-108.168.176.243-41191-443-6,10.42.0.151,41191,108.168.176.243,443,6,21/07/2017 05:01:17,8383,2,0,0.0,0.0,0.0,0.0,0.0,0.0,0,0,0,0,0.0,238.57807467493737,8383.0,0.0,8383.0,8383.0,8383.0,8383.0,0.0,8383.0,8383.0,0,0,0,0,0,0,0,0,0,64,0,238.57807467493737,0.0,0.0,0.0,0.0,0.0,0.0,0,0,0,0,1,0,0,0,0.0,0.0,0.0,0.0,64,0,0,0,0,0,0,2,0,0,0,1464,-1,0,32,0,0,0,0,0,0,0,0,BENIGN
8.0.6.4-8.6.0.1-0-0-0,8.6.0.1,0,8.0.6.4,0,0,21/07/2017 04:58:54,114894325,3,0,0.0,0.0,0.0,0.0,0.0,0.0,0,0,0,0,0.0,0.02611095021446882,5.74471625E7,3138185.856846675,5.9666195E7,5.522813E7,1.14894325E8,5.74471625E7,3138185.856846675,5.9666195E7,5.522813E7,0,0,0,0,0,0,0,0,0,0,0,0.02611095021446882,0.0,0.0,0.0,0.0,0.0,0.0,0,0,0,0,0,0,0,0,0.0,0.0,0.0,0.0,0,0,0,0,0,0,0,3,0,0,0,-1,-1,0,0,0,0,0,0,5.74471625E7,3138185.856846675,5.9666195E7,5.522813E7,BENIGN
172.217.10.46-10.42.0.151-443-37739-6,172.217.10.46,443,10.42.0.151,37739,6,21/07/2017 04:49:52,1681,1,1,0.0,0.0,0.0,0.0,0.0,0.0,0.0,0.0,0.0,0.0,0.0,1189.767995240928,1681.0,0.0,1681.0,1681.0,0,0,0,0,0,0,0,0,0,0,0,0,0,0,32,32,594.883997620464,594.883997620464,0.0,0.0,0.0,0.0,0.0,0,0,0,0,1,1,0,0,1.0,0.0,0.0,0.0,32,0,0,0,0,0,0,1,0,1,0,509,3408,0,32,0,0,0,0,0,0,0,0,BENIGN
172.217.12.206-10.42.0.151-443-48012-6,10.42.0.151,48012,172.217.12.206,443,6,21/07/2017 04:46:03,1144,3,0,31.0,0.0,31.0,0.0,10.333333333333332,17.8978583448784,0,0,0,0,27097.902097902097,2622.377622377622,572.0,63.63961030678928,617.0,527.0,1144.0,572.0,63.63961030678928,617.0,527.0,0,0,0,0,0,0,0,0,0,96,0,2622.377622377622,0.0,0.0,31.0,7.75,15.500000000000002,240.25000000000003,0,0,0,0,1,0,0,0,0.0,10.333333333333334,10.333333333333334,0.0,96,0,0,0,0,0,0,3,31,0,0,1591,-1,1,32,0,0,0,0,0,0,0,0,BENIGN
206.126.112.142-10.42.0.151-443-50995-6,206.126.112.142,443,10.42.0.151,50995,6,21/07/2017 04:46:13,8874,2,0,0.0,0.0,0.0,0.0,0.0,0.0,0,0,0,0,0.0,225.377507324769,8874.0,0.0,8874.0,8874.0,8874.0,8874.0,0.0,8874.0,8874.0,0,0,0,0,0,0,0,0,0,64,0,225.377507324769,0.0,0.0,0.0,0.0,0.0,0.0,0,0,0,0,1,0,0,0,0.0,0.0,0.0,0.0,64,0,0,0,0,0,0,2,0,0,0,123,-1,0,32,0,0,0,0,0,0,0,0,BENIGN
172.217.12.170-10.42.0.151-443-47711-6,172.217.12.170,443,10.42.0.151,47711,6,21/07/2017 04:50:55,15012,1,1,0.0,0.0,0.0,0.0,0.0,0.0,0.0,0.0,0.0,0.0,0.0,133.2267519317879,15012.0,0.0,15012.0,15012.0,0,0,0,0,0,0,0,0,0,0,0,0,0,0,32,32,66.61337596589395,66.61337596589395,0.0,0.0,0.0,0.0,0.0,0,0,0,0,1,1,0,0,1.0,0.0,0.0,0.0,32,0,0,0,0,0,0,1,0,1,0,362,2761,0,32,0,0,0,0,0,0,0,0,BENIGN
172.217.6.202-10.42.0.151-443-60927-6,172.217.6.202,443,10.42.0.151,60927,6,21/07/2017 04:48:21,2159,1,1,0.0,0.0,0.0,0.0,0.0,0.0,0.0,0.0,0.0,0.0,0.0,926.3547938860584,2159.0,0.0,2159.0,2159.0,0,0,0,0,0,0,0,0,0,0,0,0,0,0,32,32,463.1773969430292,463.1773969430292,0.0,0.0,0.0,0.0,0.0,0,0,0,0,1,1,0,0,1.0,0.0,0.0,0.0,32,0,0,0,0,0,0,1,0,1,0,597,1407,0,32,0,0,0,0,0,0,0,0,BENIGN
10.42.0.151-10.42.0.1-3254-53-17,10.42.0.151,3254,10.42.0.1,53,17,21/07/2017 04:50:49,2178,1,1,37.0,215.0,37.0,37.0,37.0,0.0,215.0,215.0,215.0,0.0,115702.47933884298,918.2736455463729,2178.0,0.0,2178.0,2178.0,0,0,0,0,0,0,0,0,0,0,0,0,0,0,32,32,459.13682277318645,459.13682277318645,37.0,215.0,96.33333333333334,102.7683479157534,10561.333333333334,0,0,0,0,0,0,0,0,1.0,144.5,37.0,215.0,32,0,0,0,0,0,0,1,37,1,215,-1,-1,0,32,0,0,0,0,0,0,0,0,BENIGN
199.16.156.75-10.42.0.151-443-36173-6,10.42.0.151,36173,199.16.156.75,443,6,21/07/2017 04:49:23,14081069,10,7,318.0,4158.0,192.0,0.0,31.8,68.82150826594838,1448.0,0.0,594.0000000000001,678.3106466312712,317.87359326198884,1.2072947018440148,880066.8125,3452785.0734991156,1.382769E7,10.0,1.4081069E7,1564563.2222222222,4598794.777496132,1.382769E7,10.0,172444.0,28740.666666666664,49953.89865332501,123729.0,10.0,0,0,0,0,328,232,0.7101733540258911,0.4971213478181238,0.0,1448.0,248.66666666666669,495.28316321545384,245305.41176470587,0,0,0,1,0,0,0,0,0.0,263.29411764705884,31.8,594.0,328,0,0,0,0,0,0,10,318,7,4158,65535,118,2,32,253379.0,0.0,253379.0,253379.0,1.382769E7,0.0,1.382769E7,1.382769E7,BENIGN
199.16.156.43-10.42.0.151-443-49665-6,10.42.0.151,49665,199.16.156.43,443,6,21/07/2017 04:49:52,11,2,0,0.0,0.0,0.0,0.0,0.0,0.0,0,0,0,0,0.0,181818.18181818182,11.0,0.0,11.0,11.0,11.0,11.0,0.0,11.0,11.0,0,0,0,0,0,0,0,0,0,40,0,181818.18181818182,0.0,0.0,0.0,0.0,0.0,0.0,1,0,0,0,0,0,0,0,0.0,0.0,0.0,0.0,40,0,0,0,0,0,0,2,0,0,0,0,-1,0,20,0,0,0,0,0,0,0,0,BENIGN
10.42.0.151-10.42.0.1-16786-53-17,10.42.0.151,16786,10.42.0.1,53,17,21/07/2017 04:51:04,49541,1,1,31.0,106.0,31.0,31.0,31.0,0.0,106.0,106.0,106.0,0.0,2765.386245735855,40.37060212753073,49541.0,0.0,49541.0,49541.0,0,0,0,0,0,0,0,0,0,0,0,0,0,0,32,32,20.185301063765365,20.185301063765365,31.0,106.0,56.0,43.30127018922193,1875.0,0,0,0,0,0,0,0,0,1.0,84.0,31.0,106.0,32,0,0,0,0,0,0,1,31,1,106,-1,-1,0,32,0,0,0,0,0,0,0,0,BENIGN
172.217.12.170-10.42.0.151-443-45709-6,10.42.0.151,45709,172.217.12.170,443,6,21/07/2017 04:54:56,147722,2,0,0.0,0.0,0.0,0.0,0.0,0.0,0,0,0,0,0.0,13.538944774644264,147722.0,0.0,147722.0,147722.0,147722.0,147722.0,0.0,147722.0,147722.0,0,0,0,0,0,0,0,0,0,64,0,13.538944774644264,0.0,0.0,0.0,0.0,0.0,0.0,0,0,0,0,1,1,0,0,0.0,0.0,0.0,0.0,64,0,0,0,0,0,0,2,0,0,0,413,-1,0,32,0,0,0,0,0,0,0,0,BENIGN
10.42.0.151-31.13.80.37-57067-443-6,10.42.0.151,57067,31.13.80.37,443,6,21/07/2017 04:48:08,74583917,4,0,0.0,0.0,0.0,0.0,0.0,0.0,0,0,0,0,0.0,0.05363086521722907,2.4861305666666668E7,4.302732241212944E7,7.4544973E7,128.0,7.4583917E7,2.4861305666666668E7,4.302732241212944E7,7.4544973E7,128.0,0,0,0,0,0,0,0,0,0,128,0,0.05363086521722907,0.0,0.0,0.0,0.0,0.0,0.0,0,0,0,0,1,0,0,0,0.0,0.0,0.0,0.0,128,0,0,0,0,0,0,4,0,0,0,1500,-1,0,32,38944.0,0.0,38944.0,38944.0,7.4544973E7,0.0,7.4544973E7,7.4544973E7,BENIGN
172.217.1.176-10.42.0.151-443-46439-6,10.42.0.151,46439,172.217.1.176,443,6,21/07/2017 04:50:33,48321,2,0,0.0,0.0,0.0,0.0,0.0,0.0,0,0,0,0,0.0,41.38987189834647,48321.0,0.0,48321.0,48321.0,48321.0,48321.0,0.0,48321.0,48321.0,0,0,0,0,0,0,0,0,0,64,0,41.38987189834647,0.0,0.0,0.0,0.0,0.0,0.0,0,0,0,0,1,1,0,0,0.0,0.0,0.0,0.0,64,0,0,0,0,0,0,2,0,0,0,390,-1,0,32,0,0,0,0,0,0,0,0,BENIGN
10.42.0.151-104.244.43.195-38005-443-6,10.42.0.151,38005,104.244.43.195,443,6,21/07/2017 04:51:08,31942,2,0,0.0,0.0,0.0,0.0,0.0,0.0,0,0,0,0,0.0,62.61348694508798,31942.0,0.0,31942.0,31942.0,31942.0,31942.0,0.0,31942.0,31942.0,0,0,0,0,0,0,0,0,0,64,0,62.61348694508798,0.0,0.0,0.0,0.0,0.0,0.0,0,0,0,0,1,0,0,0,0.0,0.0,0.0,0.0,64,0,0,0,0,0,0,2,0,0,0,1505,-1,0,32,0,0,0,0,0,0,0,0,BENIGN
172.217.6.202-10.42.0.151-443-44339-6,10.42.0.151,44339,172.217.6.202,443,6,21/07/2017 04:50:33,57505,2,0,0.0,0.0,0.0,0.0,0.0,0.0,0,0,0,0,0.0,34.779584383966615,57505.0,0.0,57505.0,57505.0,57505.0,57505.0,0.0,57505.0,57505.0,0,0,0,0,0,0,0,0,0,64,0,34.779584383966615,0.0,0.0,0.0,0.0,0.0,0.0,0,0,0,0,1,1,0,0,0.0,0.0,0.0,0.0,64,0,0,0,0,0,0,2,0,0,0,349,-1,0,32,0,0,0,0,0,0,0,0,BENIGN
172.217.6.206-10.42.0.151-443-38442-6,10.42.0.151,38442,172.217.6.206,443,6,21/07/2017 04:54:08,89578,2,0,0.0,0.0,0.0,0.0,0.0,0.0,0,0,0,0,0.0,22.326910625376765,89578.0,0.0,89578.0,89578.0,89578.0,89578.0,0.0,89578.0,89578.0,0,0,0,0,0,0,0,0,0,64,0,22.326910625376765,0.0,0.0,0.0,0.0,0.0,0.0,0,0,0,0,1,1,0,0,0.0,0.0,0.0,0.0,64,0,0,0,0,0,0,2,0,0,0,789,-1,0,32,0,0,0,0,0,0,0,0,BENIGN
172.217.10.45-10.42.0.151-443-59595-6,10.42.0.151,59595,172.217.10.45,443,6,21/07/2017 04:54:58,37054,1,1,0.0,0.0,0.0,0.0,0.0,0.0,0.0,0.0,0.0,0.0,0.0,53.9752793220705,37054.0,0.0,37054.0,37054.0,0,0,0,0,0,0,0,0,0,0,0,0,0,0,32,32,26.98763966103525,26.98763966103525,0.0,0.0,0.0,0.0,0.0,0,0,0,0,1,1,0,0,1.0,0.0,0.0,0.0,32,0,0,0,0,0,0,1,0,1,0,1591,370,0,32,0,0,0,0,0,0,0,0,BENIGN
172.217.6.228-10.42.0.151-443-35971-6,10.42.0.151,35971,172.217.6.228,443,6,21/07/2017 04:55:02,36561,1,1,0.0,0.0,0.0,0.0,0.0,0.0,0.0,0.0,0.0,0.0,0.0,54.70309893055441,36561.0,0.0,36561.0,36561.0,0,0,0,0,0,0,0,0,0,0,0,0,0,0,32,32,27.351549465277206,27.351549465277206,0.0,0.0,0.0,0.0,0.0,0,0,0,0,1,1,0,0,1.0,0.0,0.0,0.0,32,0,0,0,0,0,0,1,0,1,0,1591,179,0,32,0,0,0,0,0,0,0,0,BENIGN
172.217.10.98-10.42.0.151-443-39968-6,172.217.10.98,443,10.42.0.151,39968,6,21/07/2017 04:50:49,26384,1,1,0.0,0.0,0.0,0.0,0.0,0.0,0.0,0.0,0.0,0.0,0.0,75.80351728320194,26384.0,0.0,26384.0,26384.0,0,0,0,0,0,0,0,0,0,0,0,0,0,0,32,32,37.90175864160097,37.90175864160097,0.0,0.0,0.0,0.0,0.0,0,0,0,0,1,1,0,0,1.0,0.0,0.0,0.0,32,0,0,0,0,0,0,1,0,1,0,349,1591,0,32,0,0,0,0,0,0,0,0,BENIGN
172.217.9.238-10.42.0.151-443-57000-6,172.217.9.238,443,10.42.0.151,57000,6,21/07/2017 04:49:52,1903,1,1,0.0,0.0,0.0,0.0,0.0,0.0,0.0,0.0,0.0,0.0,0.0,1050.9721492380452,1903.0,0.0,1903.0,1903.0,0,0,0,0,0,0,0,0,0,0,0,0,0,0,32,32,525.4860746190226,525.4860746190226,0.0,0.0,0.0,0.0,0.0,0,0,0,0,1,1,0,0,1.0,0.0,0.0,0.0,32,0,0,0,0,0,0,1,0,1,0,332,1369,0,32,0,0,0,0,0,0,0,0,BENIGN
10.42.0.151-104.244.42.194-45325-443-6,10.42.0.151,45325,104.244.42.194,443,6,21/07/2017 04:49:52,115,2,0,0.0,0.0,0.0,0.0,0.0,0.0,0,0,0,0,0.0,17391.304347826088,115.0,0.0,115.0,115.0,115.0,115.0,0.0,115.0,115.0,0,0,0,0,0,0,0,0,0,40,0,17391.304347826088,0.0,0.0,0.0,0.0,0.0,0.0,1,0,0,0,0,0,0,0,0.0,0.0,0.0,0.0,40,0,0,0,0,0,0,2,0,0,0,0,-1,0,20,0,0,0,0,0,0,0,0,BENIGN
172.217.6.206-10.42.0.151-443-55263-6,10.42.0.151,55263,172.217.6.206,443,6,21/07/2017 04:50:07,72,3,0,31.0,0.0,31.0,0.0,10.333333333333332,17.8978583448784,0,0,0,0,430555.55555555556,41666.666666666664,36.0,35.35533905932738,61.0,11.0,72.0,36.0,35.35533905932738,61.0,11.0,0,0,0,0,0,0,0,0,0,96,0,41666.666666666664,0.0,0.0,31.0,7.75,15.500000000000002,240.25000000000003,0,0,0,0,1,0,0,0,0.0,10.333333333333334,10.333333333333334,0.0,96,0,0,0,0,0,0,3,31,0,0,1414,-1,1,32,0,0,0,0,0,0,0,0,BENIGN
10.42.0.151-10.42.0.1-20731-53-17,10.42.0.151,20731,10.42.0.1,53,17,21/07/2017 04:50:59,144997,1,1,29.0,182.0,29.0,29.0,29.0,0.0,182.0,182.0,182.0,0.0,1455.202521431478,13.793388828734388,144997.0,0.0,144997.0,144997.0,0,0,0,0,0,0,0,0,0,0,0,0,0,0,32,32,6.896694414367194,6.896694414367194,29.0,182.0,80.0,88.33459118601274,7803.0,0,0,0,0,0,0,0,0,1.0,120.0,29.0,182.0,32,0,0,0,0,0,0,1,29,1,182,-1,-1,0,32,0,0,0,0,0,0,0,0,BENIGN
10.42.0.151-10.42.0.1-3435-53-17,10.42.0.151,3435,10.42.0.1,53,17,21/07/2017 04:49:28,51957,1,1,42.0,102.0,42.0,42.0,42.0,0.0,102.0,102.0,102.0,0.0,2771.5226052312487,38.493369517100675,51957.0,0.0,51957.0,51957.0,0,0,0,0,0,0,0,0,0,0,0,0,0,0,32,32,19.246684758550337,19.246684758550337,42.0,102.0,62.0,34.64101615137755,1200.0,0,0,0,0,0,0,0,0,1.0,93.0,42.0,102.0,32,0,0,0,0,0,0,1,42,1,102,-1,-1,0,32,0,0,0,0,0,0,0,0,BENIGN
206.126.112.142-10.42.0.151-443-44241-6,10.42.0.151,44241,206.126.112.142,443,6,21/07/2017 04:50:10,36640,2,1,31.0,0.0,31.0,0.0,15.5,21.920310216782973,0.0,0.0,0.0,0.0,846.0698689956332,81.87772925764192,18320.0,4043.236574824679,21179.0,15461.0,21179.0,21179.0,0.0,21179.0,21179.0,0,0,0,0,0,0,0,0,0,64,20,54.58515283842795,27.292576419213976,0.0,31.0,7.75,15.500000000000002,240.25000000000003,0,0,0,0,1,0,0,0,0.0,10.333333333333334,15.5,0.0,64,0,0,0,0,0,0,2,31,1,0,8202,0,1,32,0,0,0,0,0,0,0,0,BENIGN
172.217.12.170-10.42.0.151-443-40476-6,10.42.0.151,40476,172.217.12.170,443,6,21/07/2017 04:54:50,115387,2,0,0.0,0.0,0.0,0.0,0.0,0.0,0,0,0,0,0.0,17.332975118514216,115387.0,0.0,115387.0,115387.0,115387.0,115387.0,0.0,115387.0,115387.0,0,0,0,0,0,0,0,0,0,64,0,17.332975118514216,0.0,0.0,0.0,0.0,0.0,0.0,0,0,0,0,1,1,0,0,0.0,0.0,0.0,0.0,64,0,0,0,0,0,0,2,0,0,0,391,-1,0,32,0,0,0,0,0,0,0,0,BENIGN
172.217.11.14-10.42.0.151-443-48284-6,10.42.0.151,48284,172.217.11.14,443,6,21/07/2017 04:55:04,36544,2,1,0.0,0.0,0.0,0.0,0.0,0.0,0.0,0.0,0.0,0.0,0.0,82.09281961471103,18272.0,23540.99895926254,34918.0,1626.0,1626.0,1626.0,0.0,1626.0,1626.0,0,0,0,0,0,0,0,0,0,64,32,54.72854640980736,27.36427320490368,0.0,0.0,0.0,0.0,0.0,0,0,0,0,1,1,0,0,0.0,0.0,0.0,0.0,64,0,0,0,0,0,0,2,0,1,0,1546,357,0,32,0,0,0,0,0,0,0,0,BENIGN
10.42.0.151-10.42.0.1-47106-53-17,10.42.0.151,47106,10.42.0.1,53,17,21/07/2017 04:49:57,1971,1,1,45.0,223.0,45.0,45.0,45.0,0.0,223.0,223.0,223.0,0.0,135971.58802638255,1014.7133434804667,1971.0,0.0,1971.0,1971.0,0,0,0,0,0,0,0,0,0,0,0,0,0,0,32,32,507.35667174023337,507.35667174023337,45.0,223.0,104.33333333333334,102.7683479157534,10561.333333333334,0,0,0,0,0,0,0,0,1.0,156.5,45.0,223.0,32,0,0,0,0,0,0,1,45,1,223,-1,-1,0,32,0,0,0,0,0,0,0,0,BENIGN
10.42.0.151-10.42.0.1-1546-53-17,10.42.0.151,1546,10.42.0.1,53,17,21/07/2017 04:49:53,77042,1,1,34.0,79.0,34.0,34.0,34.0,0.0,79.0,79.0,79.0,0.0,1466.7324316606525,25.959866047091197,77042.0,0.0,77042.0,77042.0,0,0,0,0,0,0,0,0,0,0,0,0,0,0,32,32,12.979933023545598,12.979933023545598,34.0,79.0,49.0,25.98076211353316,675.0,0,0,0,0,0,0,0,0,1.0,73.5,34.0,79.0,32,0,0,0,0,0,0,1,34,1,79,-1,-1,0,32,0,0,0,0,0,0,0,0,BENIGN
10.42.0.151-104.244.42.1-55823-443-6,10.42.0.151,55823,104.244.42.1,443,6,21/07/2017 04:49:52,22,2,0,0.0,0.0,0.0,0.0,0.0,0.0,0,0,0,0,0.0,90909.09090909091,22.0,0.0,22.0,22.0,22.0,22.0,0.0,22.0,22.0,0,0,0,0,0,0,0,0,0,40,0,90909.09090909091,0.0,0.0,0.0,0.0,0.0,0.0,1,0,0,0,0,0,0,0,0.0,0.0,0.0,0.0,40,0,0,0,0,0,0,2,0,0,0,0,-1,0,20,0,0,0,0,0,0,0,0,BENIGN
10.42.0.151-10.42.0.1-3111-53-17,10.42.0.151,3111,10.42.0.1,53,17,21/07/2017 04:49:23,49331,1,1,31.0,86.0,31.0,31.0,31.0,0.0,86.0,86.0,86.0,0.0,2371.733798220186,40.54245808923395,49331.0,0.0,49331.0,49331.0,0,0,0,0,0,0,0,0,0,0,0,0,0,0,32,40,20.271229044616977,20.271229044616977,31.0,86.0,49.33333333333333,31.754264805429415,1008.3333333333333,0,0,0,0,0,0,0,0,1.0,74.0,31.0,86.0,32,0,0,0,0,0,0,1,31,1,86,-1,-1,0,32,0,0,0,0,0,0,0,0,BENIGN
10.42.0.151-104.244.46.199-45464-443-6,10.42.0.151,45464,104.244.46.199,443,6,21/07/2017 05:00:59,37422,2,0,0.0,0.0,0.0,0.0,0.0,0.0,0,0,0,0,0.0,53.44449788894234,37422.0,0.0,37422.0,37422.0,37422.0,37422.0,0.0,37422.0,37422.0,0,0,0,0,0,0,0,0,0,64,0,53.44449788894234,0.0,0.0,0.0,0.0,0.0,0.0,0,0,0,0,1,0,0,0,0.0,0.0,0.0,0.0,64,0,0,0,0,0,0,2,0,0,0,1505,-1,0,32,0,0,0,0,0,0,0,0,BENIGN
10.42.0.151-10.42.0.1-64995-53-17,10.42.0.151,64995,10.42.0.1,53,17,21/07/2017 04:50:59,50986,1,1,37.0,77.0,37.0,37.0,37.0,0.0,77.0,77.0,77.0,0.0,2235.907896285255,39.22645432079395,50986.0,0.0,50986.0,50986.0,0,0,0,0,0,0,0,0,0,0,0,0,0,0,32,32,19.613227160396974,19.613227160396974,37.0,77.0,50.333333333333336,23.094010767585033,533.3333333333334,0,0,0,0,0,0,0,0,1.0,75.5,37.0,77.0,32,0,0,0,0,0,0,1,37,1,77,-1,-1,0,32,0,0,0,0,0,0,0,0,BENIGN
172.217.12.170-10.42.0.151-443-44136-6,10.42.0.151,44136,172.217.12.170,443,6,21/07/2017 04:54:06,80126,2,0,0.0,0.0,0.0,0.0,0.0,0.0,0,0,0,0,0.0,24.960686918103985,80126.0,0.0,80126.0,80126.0,80126.0,80126.0,0.0,80126.0,80126.0,0,0,0,0,0,0,0,0,0,64,0,24.960686918103985,0.0,0.0,0.0,0.0,0.0,0.0,0,0,0,0,1,1,0,0,0.0,0.0,0.0,0.0,64,0,0,0,0,0,0,2,0,0,0,468,-1,0,32,0,0,0,0,0,0,0,0,BENIGN
10.42.0.151-104.244.42.66-46328-443-6,10.42.0.151,46328,104.244.42.66,443,6,21/07/2017 04:50:58,6528779,22,14,2045.0,4610.0,583.0,0.0,92.95454545454545,158.40769500089897,1448.0,0.0,329.2857142857143,499.2612124346916,1019.3330177051482,5.5140478793967445,186536.54285714286,886019.4542068257,5214477.0,11.0,6528779.0,310894.23809523816,1138020.9914444417,5214477.0,11.0,6477069.0,498236.076923077,1466427.9041048728,5297536.0,18.0,0,0,0,0,712,456,3.369695926298011,2.144351953098734,0.0,1448.0,179.8648648648649,344.7404145925648,118845.95345345343,0,0,0,1,0,0,0,0,0.0,184.86111111111111,92.95454545454545,329.2857142857143,712,0,0,0,0,0,0,22,2045,14,4610,65535,131,11,32,262350.0,0.0,262350.0,262350.0,5214477.0,0.0,5214477.0,5214477.0,BENIGN
10.42.0.151-10.42.0.1-42330-53-17,10.42.0.151,42330,10.42.0.1,53,17,21/07/2017 04:47:34,952,1,1,36.0,93.0,36.0,36.0,36.0,0.0,93.0,93.0,93.0,0.0,135504.20168067227,2100.8403361344535,952.0,0.0,952.0,952.0,0,0,0,0,0,0,0,0,0,0,0,0,0,0,32,40,1050.4201680672268,1050.4201680672268,36.0,93.0,55.0,32.90896534380867,1083.0,0,0,0,0,0,0,0,0,1.0,82.5,36.0,93.0,32,0,0,0,0,0,0,1,36,1,93,-1,-1,0,32,0,0,0,0,0,0,0,0,BENIGN
10.42.0.151-10.42.0.1-40387-53-17,10.42.0.151,40387,10.42.0.1,53,17,21/07/2017 04:49:52,51282,1,1,47.0,103.0,47.0,47.0,47.0,0.0,103.0,103.0,103.0,0.0,2925.0029250029247,39.000039000038996,51282.0,0.0,51282.0,51282.0,0,0,0,0,0,0,0,0,0,0,0,0,0,0,32,32,19.500019500019498,19.500019500019498,47.0,103.0,65.66666666666667,32.331615074619044,1045.3333333333335,0,0,0,0,0,0,0,0,1.0,98.5,47.0,103.0,32,0,0,0,0,0,0,1,47,1,103,-1,-1,0,32,0,0,0,0,0,0,0,0,BENIGN
10.42.0.151-10.42.0.1-13131-53-17,10.42.0.151,13131,10.42.0.1,53,17,21/07/2017 04:46:03,102670,1,1,43.0,88.0,43.0,43.0,43.0,0.0,88.0,88.0,88.0,0.0,1275.9325995909223,19.479887016655304,102670.0,0.0,102670.0,102670.0,0,0,0,0,0,0,0,0,0,0,0,0,0,0,32,32,9.739943508327652,9.739943508327652,43.0,88.0,58.0,25.98076211353316,675.0,0,0,0,0,0,0,0,0,1.0,87.0,43.0,88.0,32,0,0,0,0,0,0,1,43,1,88,-1,-1,0,32,0,0,0,0,0,0,0,0,BENIGN
10.42.0.151-10.42.0.1-23393-53-17,10.42.0.151,23393,10.42.0.1,53,17,21/07/2017 04:50:57,141803,1,1,32.0,71.0,32.0,32.0,32.0,0.0,71.0,71.0,71.0,0.0,726.3598090308385,14.104073961763854,141803.0,0.0,141803.0,141803.0,0,0,0,0,0,0,0,0,0,0,0,0,0,0,32,32,7.052036980881927,7.052036980881927,32.0,71.0,45.0,22.516660498395403,507.0,0,0,0,0,0,0,0,0,1.0,67.5,32.0,71.0,32,0,0,0,0,0,0,1,32,1,71,-1,-1,0,32,0,0,0,0,0,0,0,0,BENIGN
172.217.10.238-10.42.0.151-443-54443-6,172.217.10.238,443,10.42.0.151,54443,6,21/07/2017 05:00:58,2067,1,1,0.0,0.0,0.0,0.0,0.0,0.0,0.0,0.0,0.0,0.0,0.0,967.5858732462507,2067.0,0.0,2067.0,2067.0,0,0,0,0,0,0,0,0,0,0,0,0,0,0,32,20,483.79293662312534,483.79293662312534,0.0,0.0,0.0,0.0,0.0,0,0,0,0,1,0,0,0,1.0,0.0,0.0,0.0,32,0,0,0,0,0,0,1,0,1,0,361,0,0,32,0,0,0,0,0,0,0,0,BENIGN
10.42.0.151-31.13.80.5-37630-443-6,10.42.0.151,37630,31.13.80.5,443,6,21/07/2017 04:49:05,22501,4,1,31.0,0.0,31.0,0.0,7.75,15.500000000000002,0.0,0.0,0.0,0.0,1377.7165459312919,222.21234611795032,5625.25,10776.96473579953,21790.0,117.0,711.0,237.0,122.57650672131263,362.0,117.0,0,0,0,0,0,0,0,0,0,152,20,177.76987689436024,44.44246922359006,0.0,31.0,5.166666666666667,12.655697004379753,160.16666666666666,0,0,0,0,1,0,0,0,0.0,6.2,7.75,0.0,152,0,0,0,0,0,0,4,31,1,0,1369,0,1,32,0,0,0,0,0,0,0,0,BENIGN
10.42.0.151-31.13.80.5-37625-443-6,10.42.0.151,37625,31.13.80.5,443,6,21/07/2017 04:47:13,4068,1,1,0.0,0.0,0.0,0.0,0.0,0.0,0.0,0.0,0.0,0.0,0.0,491.6420845624386,4068.0,0.0,4068.0,4068.0,0,0,0,0,0,0,0,0,0,0,0,0,0,0,20,20,245.8210422812193,245.8210422812193,0.0,0.0,0.0,0.0,0.0,1,0,0,0,0,0,0,0,1.0,0.0,0.0,0.0,20,0,0,0,0,0,0,1,0,1,0,0,0,0,20,0,0,0,0,0,0,0,0,BENIGN
10.42.0.151-10.42.0.1-44435-53-17,10.42.0.151,44435,10.42.0.1,53,17,21/07/2017 04:49:49,131214,1,1,37.0,77.0,37.0,37.0,37.0,0.0,77.0,77.0,77.0,0.0,868.8097306689835,15.242275976648834,131214.0,0.0,131214.0,131214.0,0,0,0,0,0,0,0,0,0,0,0,0,0,0,32,32,7.621137988324417,7.621137988324417,37.0,77.0,50.333333333333336,23.094010767585033,533.3333333333334,0,0,0,0,0,0,0,0,1.0,75.5,37.0,77.0,32,0,0,0,0,0,0,1,37,1,77,-1,-1,0,32,0,0,0,0,0,0,0,0,BENIGN
10.42.0.151-104.244.43.195-38004-443-6,10.42.0.151,38004,104.244.43.195,443,6,21/07/2017 04:51:08,39556,2,0,0.0,0.0,0.0,0.0,0.0,0.0,0,0,0,0,0.0,50.561229649105066,39556.0,0.0,39556.0,39556.0,39556.0,39556.0,0.0,39556.0,39556.0,0,0,0,0,0,0,0,0,0,64,0,50.561229649105066,0.0,0.0,0.0,0.0,0.0,0.0,0,0,0,0,1,0,0,0,0.0,0.0,0.0,0.0,64,0,0,0,0,0,0,2,0,0,0,1505,-1,0,32,0,0,0,0,0,0,0,0,BENIGN
172.217.12.206-10.42.0.151-443-42118-6,172.217.12.206,443,10.42.0.151,42118,6,21/07/2017 04:46:16,18122,1,1,0.0,0.0,0.0,0.0,0.0,0.0,0.0,0.0,0.0,0.0,0.0,110.36309458117206,18122.0,0.0,18122.0,18122.0,0,0,0,0,0,0,0,0,0,0,0,0,0,0,32,32,55.18154729058603,55.18154729058603,0.0,0.0,0.0,0.0,0.0,0,0,0,0,1,1,0,0,1.0,0.0,0.0,0.0,32,0,0,0,0,0,0,1,0,1,0,575,1403,0,32,0,0,0,0,0,0,0,0,BENIGN
10.42.0.151-10.42.0.1-27365-53-17,10.42.0.151,27365,10.42.0.1,53,17,21/07/2017 04:49:23,233248,1,1,29.0,182.0,29.0,29.0,29.0,0.0,182.0,182.0,182.0,0.0,904.6165454794896,8.574564412127863,233248.0,0.0,233248.0,233248.0,0,0,0,0,0,0,0,0,0,0,0,0,0,0,32,32,4.2872822060639315,4.2872822060639315,29.0,182.0,80.0,88.33459118601274,7803.0,0,0,0,0,0,0,0,0,1.0,120.0,29.0,182.0,32,0,0,0,0,0,0,1,29,1,182,-1,-1,0,32,0,0,0,0,0,0,0,0,BENIGN
172.217.9.238-10.42.0.151-443-56999-6,172.217.9.238,443,10.42.0.151,56999,6,21/07/2017 04:49:52,2302,1,1,0.0,0.0,0.0,0.0,0.0,0.0,0.0,0.0,0.0,0.0,0.0,868.8097306689835,2302.0,0.0,2302.0,2302.0,0,0,0,0,0,0,0,0,0,0,0,0,0,0,32,32,434.4048653344918,434.4048653344918,0.0,0.0,0.0,0.0,0.0,0,0,0,0,1,1,0,0,1.0,0.0,0.0,0.0,32,0,0,0,0,0,0,1,0,1,0,361,1635,0,32,0,0,0,0,0,0,0,0,BENIGN
172.217.12.170-10.42.0.151-443-54452-6,10.42.0.151,54452,172.217.12.170,443,6,21/07/2017 04:54:02,79178,2,0,0.0,0.0,0.0,0.0,0.0,0.0,0,0,0,0,0.0,25.259541791911897,79178.0,0.0,79178.0,79178.0,79178.0,79178.0,0.0,79178.0,79178.0,0,0,0,0,0,0,0,0,0,64,0,25.259541791911897,0.0,0.0,0.0,0.0,0.0,0.0,0,0,0,0,1,1,0,0,0.0,0.0,0.0,0.0,64,0,0,0,0,0,0,2,0,0,0,352,-1,0,32,0,0,0,0,0,0,0,0,BENIGN
157.240.2.35-10.42.0.151-443-52051-6,157.240.2.35,443,10.42.0.151,52051,6,21/07/2017 04:48:08,1882,1,1,0.0,0.0,0.0,0.0,0.0,0.0,0.0,0.0,0.0,0.0,0.0,1062.6992561105208,1882.0,0.0,1882.0,1882.0,0,0,0,0,0,0,0,0,0,0,0,0,0,0,32,20,531.3496280552604,531.3496280552604,0.0,0.0,0.0,0.0,0.0,0,0,0,0,1,0,0,0,1.0,0.0,0.0,0.0,32,0,0,0,0,0,0,1,0,1,0,118,0,0,32,0,0,0,0,0,0,0,0,BENIGN
10.42.0.151-10.42.0.1-1934-53-17,10.42.0.151,1934,10.42.0.1,53,17,21/07/2017 04:49:23,31808,1,1,36.0,68.0,36.0,36.0,36.0,0.0,68.0,68.0,68.0,0.0,3269.617706237424,62.877263581488926,31808.0,0.0,31808.0,31808.0,0,0,0,0,0,0,0,0,0,0,0,0,0,0,32,32,31.438631790744463,31.438631790744463,36.0,68.0,46.666666666666664,18.475208614068023,341.3333333333333,0,0,0,0,0,0,0,0,1.0,70.0,36.0,68.0,32,0,0,0,0,0,0,1,36,1,68,-1,-1,0,32,0,0,0,0,0,0,0,0,BENIGN
10.42.0.151-10.42.0.1-1849-53-17,10.42.0.151,1849,10.42.0.1,53,17,21/07/2017 04:50:02,51886,1,1,37.0,53.0,37.0,37.0,37.0,0.0,53.0,53.0,53.0,0.0,1734.5719461897236,38.546043248660524,51886.0,0.0,51886.0,51886.0,0,0,0,0,0,0,0,0,0,0,0,0,0,0,32,32,19.273021624330262,19.273021624330262,37.0,53.0,42.333333333333336,9.237604307034012,85.33333333333333,0,0,0,0,0,0,0,0,1.0,63.5,37.0,53.0,32,0,0,0,0,0,0,1,37,1,53,-1,-1,0,32,0,0,0,0,0,0,0,0,BENIGN
199.59.150.44-10.42.0.151-443-56373-6,10.42.0.151,56373,199.59.150.44,443,6,21/07/2017 04:51:29,33950,3,0,0.0,0.0,0.0,0.0,0.0,0.0,0,0,0,0,0.0,88.36524300441826,16975.0,23699.390878248327,33733.0,217.0,33950.0,16975.0,23699.390878248327,33733.0,217.0,0,0,0,0,0,0,0,0,0,96,0,88.36524300441826,0.0,0.0,0.0,0.0,0.0,0.0,0,0,0,0,1,0,0,0,0.0,0.0,0.0,0.0,96,0,0,0,0,0,0,3,0,0,0,1505,-1,0,32,0,0,0,0,0,0,0,0,BENIGN
10.42.0.151-10.42.0.1-47431-53-17,10.42.0.151,47431,10.42.0.1,53,17,21/07/2017 04:46:33,50936,1,1,40.0,98.0,40.0,40.0,40.0,0.0,98.0,98.0,98.0,0.0,2709.2822365321185,39.26495994974085,50936.0,0.0,50936.0,50936.0,0,0,0,0,0,0,0,0,0,0,0,0,0,0,32,32,19.632479974870424,19.632479974870424,40.0,98.0,59.33333333333333,33.48631561299829,1121.3333333333333,0,0,0,0,0,0,0,0,1.0,89.0,40.0,98.0,32,0,0,0,0,0,0,1,40,1,98,-1,-1,0,32,0,0,0,0,0,0,0,0,BENIGN
10.42.0.151-10.42.0.1-5563-53-17,10.42.0.151,5563,10.42.0.1,53,17,21/07/2017 04:47:24,24816,1,1,36.0,94.0,36.0,36.0,36.0,0.0,94.0,94.0,94.0,0.0,5238.555770470663,80.59316569954868,24816.0,0.0,24816.0,24816.0,0,0,0,0,0,0,0,0,0,0,0,0,0,0,20,20,40.29658284977434,40.29658284977434,36.0,94.0,55.33333333333333,33.48631561299829,1121.3333333333333,0,0,0,0,0,0,0,0,1.0,83.0,36.0,94.0,20,0,0,0,0,0,0,1,36,1,94,-1,-1,0,20,0,0,0,0,0,0,0,0,BENIGN
10.42.0.151-104.244.42.66-46343-443-6,10.42.0.151,46343,104.244.42.66,443,6,21/07/2017 04:51:03,405,4,0,0.0,0.0,0.0,0.0,0.0,0.0,0,0,0,0,0.0,9876.543209876543,135.0,128.0117182136073,281.0,42.0,405.0,135.0,128.0117182136073,281.0,42.0,0,0,0,0,0,0,0,0,0,80,0,9876.543209876543,0.0,0.0,0.0,0.0,0.0,0.0,1,0,0,0,0,0,0,0,0.0,0.0,0.0,0.0,80,0,0,0,0,0,0,4,0,0,0,0,-1,0,20,0,0,0,0,0,0,0,0,BENIGN
10.42.0.151-10.42.0.1-45191-53-17,10.42.0.151,45191,10.42.0.1,53,17,21/07/2017 04:49:56,51644,1,1,36.0,214.0,36.0,36.0,36.0,0.0,214.0,214.0,214.0,0.0,4840.833397877778,38.72666718302223,51644.0,0.0,51644.0,51644.0,0,0,0,0,0,0,0,0,0,0,0,0,0,0,32,32,19.363333591511115,19.363333591511115,36.0,214.0,95.33333333333334,102.7683479157534,10561.333333333334,0,0,0,0,0,0,0,0,1.0,143.0,36.0,214.0,32,0,0,0,0,0,0,1,36,1,214,-1,-1,0,32,0,0,0,0,0,0,0,0,BENIGN
199.16.156.43-10.42.0.151-443-49698-6,10.42.0.151,49698,199.16.156.43,443,6,21/07/2017 04:50:58,6473308,27,19,1035.0,10242.0,335.0,0.0,38.33333333333334,78.58067877616656,1448.0,0.0,539.0526315789474,604.736992757477,1742.07684849848,7.106104019768563,143851.2888888889,765526.3338084228,5102225.0,6.0,6390289.0,245780.34615384613,1003208.3122258483,5102225.0,9.0,6429307.0,357183.72222222225,1215251.3038324893,5160230.0,6.0,0,0,0,0,884,616,4.1709740985598085,2.9351299212087545,0.0,1448.0,239.93617021276594,456.7884775566172,208655.71322849218,0,0,0,1,0,0,0,0,0.0,245.15217391304347,38.333333333333336,539.0526315789474,884,0,0,0,0,0,0,27,1035,19,10242,65535,126,9,32,1209981.0,0.0,1209981.0,1209981.0,5102225.0,0.0,5102225.0,5102225.0,BENIGN
10.42.0.151-10.42.0.1-60406-53-17,10.42.0.151,60406,10.42.0.1,53,17,21/07/2017 04:50:57,51413,1,1,36.0,52.0,36.0,36.0,36.0,0.0,52.0,52.0,52.0,0.0,1711.6293544434286,38.90066714644156,51413.0,0.0,51413.0,51413.0,0,0,0,0,0,0,0,0,0,0,0,0,0,0,32,32,19.45033357322078,19.45033357322078,36.0,52.0,41.333333333333336,9.237604307034012,85.33333333333333,0,0,0,0,0,0,0,0,1.0,62.0,36.0,52.0,32,0,0,0,0,0,0,1,36,1,52,-1,-1,0,32,0,0,0,0,0,0,0,0,BENIGN
216.58.219.202-10.42.0.151-443-58168-6,10.42.0.151,58168,216.58.219.202,443,6,21/07/2017 04:59:45,136553,2,0,0.0,0.0,0.0,0.0,0.0,0.0,0,0,0,0,0.0,14.64632779946248,136553.0,0.0,136553.0,136553.0,136553.0,136553.0,0.0,136553.0,136553.0,0,0,0,0,0,0,0,0,0,64,0,14.64632779946248,0.0,0.0,0.0,0.0,0.0,0.0,0,0,0,0,1,1,0,0,0.0,0.0,0.0,0.0,64,0,0,0,0,0,0,2,0,0,0,352,-1,0,32,0,0,0,0,0,0,0,0,BENIGN
10.42.0.151-10.42.0.1-42138-53-17,10.42.0.151,42138,10.42.0.1,53,17,21/07/2017 04:50:59,25515,1,1,22.0,54.0,22.0,22.0,22.0,0.0,54.0,54.0,54.0,0.0,2978.640015677053,78.38526357044876,25515.0,0.0,25515.0,25515.0,0,0,0,0,0,0,0,0,0,0,0,0,0,0,32,32,39.19263178522438,39.19263178522438,22.0,54.0,32.666666666666664,18.475208614068023,341.3333333333333,0,0,0,0,0,0,0,0,1.0,49.0,22.0,54.0,32,0,0,0,0,0,0,1,22,1,54,-1,-1,0,32,0,0,0,0,0,0,0,0,BENIGN
10.42.0.151-104.244.42.194-45314-443-6,10.42.0.151,45314,104.244.42.194,443,6,21/07/2017 04:49:52,1917,2,0,0.0,0.0,0.0,0.0,0.0,0.0,0,0,0,0,0.0,1043.2968179447053,1917.0,0.0,1917.0,1917.0,1917.0,1917.0,0.0,1917.0,1917.0,0,0,0,0,0,0,0,0,0,40,0,1043.2968179447053,0.0,0.0,0.0,0.0,0.0,0.0,1,0,0,0,0,0,0,0,0.0,0.0,0.0,0.0,40,0,0,0,0,0,0,2,0,0,0,0,-1,0,20,0,0,0,0,0,0,0,0,BENIGN
10.42.0.151-104.244.43.195-38006-443-6,10.42.0.151,38006,104.244.43.195,443,6,21/07/2017 04:51:08,34983,2,0,0.0,0.0,0.0,0.0,0.0,0.0,0,0,0,0,0.0,57.17062573249864,34983.0,0.0,34983.0,34983.0,34983.0,34983.0,0.0,34983.0,34983.0,0,0,0,0,0,0,0,0,0,64,0,57.17062573249864,0.0,0.0,0.0,0.0,0.0,0.0,0,0,0,0,1,0,0,0,0.0,0.0,0.0,0.0,64,0,0,0,0,0,0,2,0,0,0,1505,-1,0,32,0,0,0,0,0,0,0,0,BENIGN
10.42.0.151-10.42.0.1-36879-53-17,10.42.0.151,36879,10.42.0.1,53,17,21/07/2017 04:50:57,51154,1,1,33.0,49.0,33.0,33.0,33.0,0.0,49.0,49.0,49.0,0.0,1603.0026977362475,39.09762677405482,51154.0,0.0,51154.0,51154.0,0,0,0,0,0,0,0,0,0,0,0,0,0,0,40,40,19.54881338702741,19.54881338702741,33.0,49.0,38.333333333333336,9.237604307034012,85.33333333333333,0,0,0,0,0,0,0,0,1.0,57.5,33.0,49.0,40,0,0,0,0,0,0,1,33,1,49,-1,-1,0,40,0,0,0,0,0,0,0,0,BENIGN
10.42.0.151-104.244.42.66-46342-443-6,10.42.0.151,46342,104.244.42.66,443,6,21/07/2017 04:51:02,557555,15,11,1038.0,4343.0,400.0,0.0,69.2,109.6020072808888,1448.0,0.0,394.81818181818176,558.2183834632855,9651.065814134929,46.63217081722879,22302.199999999997,41699.30340345427,171212.0,16.0,557555.0,39825.35714285714,69618.28822239515,214821.0,49.0,381436.0,38143.6,72390.87464928773,214961.0,16.0,0,0,0,0,488,360,26.90317547147815,19.728995345750644,0.0,1448.0,199.2962962962963,392.15213048929553,153783.29344729346,0,0,0,1,0,0,0,0,0.0,206.96153846153845,69.2,394.8181818181818,488,0,0,0,0,0,0,15,1038,11,4343,65535,122,8,32,0,0,0,0,0,0,0,0,BENIGN
10.42.0.151-10.42.0.1-21777-53-17,10.42.0.151,21777,10.42.0.1,53,17,21/07/2017 04:49:23,47619,1,1,33.0,88.0,33.0,33.0,33.0,0.0,88.0,88.0,88.0,0.0,2541.002541002541,42.000042000042,47619.0,0.0,47619.0,47619.0,0,0,0,0,0,0,0,0,0,0,0,0,0,0,32,40,21.000021000021,21.000021000021,33.0,88.0,51.33333333333333,31.754264805429415,1008.3333333333333,0,0,0,0,0,0,0,0,1.0,77.0,33.0,88.0,32,0,0,0,0,0,0,1,33,1,88,-1,-1,0,32,0,0,0,0,0,0,0,0,BENIGN
10.42.0.151-10.42.0.1-34033-53-17,10.42.0.151,34033,10.42.0.1,53,17,21/07/2017 04:50:01,1909,1,1,40.0,218.0,40.0,40.0,40.0,0.0,218.0,218.0,218.0,0.0,135149.29282346778,1047.6689366160292,1909.0,0.0,1909.0,1909.0,0,0,0,0,0,0,0,0,0,0,0,0,0,0,32,32,523.8344683080146,523.8344683080146,40.0,218.0,99.33333333333334,102.7683479157534,10561.333333333334,0,0,0,0,0,0,0,0,1.0,149.0,40.0,218.0,32,0,0,0,0,0,0,1,40,1,218,-1,-1,0,32,0,0,0,0,0,0,0,0,BENIGN
10.42.0.151-10.42.0.1-49899-53-17,10.42.0.151,49899,10.42.0.1,53,17,21/07/2017 04:51:04,50010,1,1,32.0,107.0,32.0,32.0,32.0,0.0,107.0,107.0,107.0,0.0,2779.4441111777646,39.992001599680066,50010.0,0.0,50010.0,50010.0,0,0,0,0,0,0,0,0,0,0,0,0,0,0,32,32,19.996000799840033,19.996000799840033,32.0,107.0,57.0,43.30127018922193,1875.0,0,0,0,0,0,0,0,0,1.0,85.5,32.0,107.0,32,0,0,0,0,0,0,1,32,1,107,-1,-1,0,32,0,0,0,0,0,0,0,0,BENIGN
10.42.0.151-10.42.0.1-17726-53-17,10.42.0.151,17726,10.42.0.1,53,17,21/07/2017 04:50:00,128034,1,1,44.0,84.0,44.0,44.0,44.0,0.0,84.0,84.0,84.0,0.0,999.734445537904,15.62085071152975,128034.0,0.0,128034.0,128034.0,0,0,0,0,0,0,0,0,0,0,0,0,0,0,44,32,7.810425355764875,7.810425355764875,44.0,84.0,57.333333333333336,23.094010767585033,533.3333333333334,0,0,0,0,0,0,0,0,1.0,86.0,44.0,84.0,44,0,0,0,0,0,0,1,44,1,84,-1,-1,0,44,0,0,0,0,0,0,0,0,BENIGN
10.42.0.151-104.244.46.199-45462-443-6,10.42.0.151,45462,104.244.46.199,443,6,21/07/2017 05:00:59,37659,3,0,0.0,0.0,0.0,0.0,0.0,0.0,0,0,0,0,0.0,79.66223213574445,18829.5,26288.108804172276,37418.0,241.0,37659.0,18829.5,26288.108804172276,37418.0,241.0,0,0,0,0,0,0,0,0,0,96,0,79.66223213574445,0.0,0.0,0.0,0.0,0.0,0.0,0,0,0,0,1,0,0,0,0.0,0.0,0.0,0.0,96,0,0,0,0,0,0,3,0,0,0,1505,-1,0,32,0,0,0,0,0,0,0,0,BENIGN
10.42.0.151-10.42.0.1-57448-53-17,10.42.0.151,57448,10.42.0.1,53,17,21/07/2017 04:50:57,51210,1,1,37.0,53.0,37.0,37.0,37.0,0.0,53.0,53.0,53.0,0.0,1757.469244288225,39.05487209529389,51210.0,0.0,51210.0,51210.0,0,0,0,0,0,0,0,0,0,0,0,0,0,0,32,32,19.527436047646944,19.527436047646944,37.0,53.0,42.333333333333336,9.237604307034012,85.33333333333333,0,0,0,0,0,0,0,0,1.0,63.5,37.0,53.0,32,0,0,0,0,0,0,1,37,1,53,-1,-1,0,32,0,0,0,0,0,0,0,0,BENIGN
10.42.0.151-10.42.0.1-38920-53-17,10.42.0.151,38920,10.42.0.1,53,17,21/07/2017 04:46:06,68420,1,1,35.0,51.0,35.0,35.0,35.0,0.0,51.0,51.0,51.0,0.0,1256.9424144986847,29.231218941829876,68420.0,0.0,68420.0,68420.0,0,0,0,0,0,0,0,0,0,0,0,0,0,0,44,32,14.615609470914938,14.615609470914938,35.0,51.0,40.333333333333336,9.237604307034012,85.33333333333333,0,0,0,0,0,0,0,0,1.0,60.5,35.0,51.0,44,0,0,0,0,0,0,1,35,1,51,-1,-1,0,44,0,0,0,0,0,0,0,0,BENIGN
10.42.0.151-104.244.46.7-59485-443-6,10.42.0.151,59485,104.244.46.7,443,6,21/07/2017 04:49:23,14065367,9,5,327.0,4278.0,201.0,0.0,36.333333333333336,74.49496627289659,1448.0,0.0,855.6,687.6254794581132,327.39991782653095,0.9953526274856532,1081951.3076923077,3856213.974834803,1.3916057E7,7.0,1.4065367E7,1758170.875,4912576.963822419,1.3916057E7,34.0,120741.0,30185.25,43821.0774808577,93002.0,7.0,0,0,0,0,296,168,0.6398695462407771,0.35548308124487615,0.0,1448.0,307.0,547.3386259241818,299579.5714285714,0,0,0,1,0,0,0,0,0.0,328.92857142857144,36.333333333333336,855.6,296,0,0,0,0,0,0,9,327,5,4278,65535,59,2,32,149310.0,0.0,149310.0,149310.0,1.3916057E7,0.0,1.3916057E7,1.3916057E7,BENIGN
172.217.12.170-10.42.0.151-443-35026-6,10.42.0.151,35026,172.217.12.170,443,6,21/07/2017 04:54:02,129937,2,0,0.0,0.0,0.0,0.0,0.0,0.0,0,0,0,0,0.0,15.392074620777763,129937.0,0.0,129937.0,129937.0,129937.0,129937.0,0.0,129937.0,129937.0,0,0,0,0,0,0,0,0,0,64,0,15.392074620777763,0.0,0.0,0.0,0.0,0.0,0.0,0,0,0,0,1,1,0,0,0.0,0.0,0.0,0.0,64,0,0,0,0,0,0,2,0,0,0,362,-1,0,32,0,0,0,0,0,0,0,0,BENIGN
157.240.18.19-10.42.0.151-443-41904-6,10.42.0.151,41904,157.240.18.19,443,6,21/07/2017 04:47:03,258356,10,7,325.0,3811.0,207.0,0.0,32.5,71.65542547497712,1398.0,0.0,544.4285714285714,629.9052460867579,16008.917927201228,65.8006781340476,16147.25,21552.537349463055,65748.0,13.0,258356.0,28706.222222222223,29747.480354551786,77359.0,27.0,155165.0,25860.833333333336,39592.96303343142,78611.0,13.0,0,0,0,0,328,232,38.70628125532212,27.094396878725483,0.0,1398.0,229.77777777777774,457.73824469187053,209524.30065359475,0,0,0,1,0,0,0,0,0.0,243.2941176470588,32.5,544.4285714285714,328,0,0,0,0,0,0,10,325,7,3811,65535,114,2,32,0,0,0,0,0,0,0,0,BENIGN
10.42.0.151-31.13.80.5-37627-443-6,31.13.80.5,443,10.42.0.151,37627,6,21/07/2017 04:47:30,24679,2,3,0.0,31.0,0.0,0.0,0.0,0.0,31.0,0.0,10.333333333333332,17.8978583448784,1256.1286924105516,202.60140200170184,6169.75,10209.108592330675,21459.0,387.0,24679.0,24679.0,0.0,24679.0,24679.0,1423.0,711.5,458.91230099006935,1036.0,387.0,0,0,0,0,52,108,81.04056080068074,121.56084120102112,0.0,31.0,5.166666666666667,12.655697004379753,160.16666666666666,0,0,0,0,1,1,0,0,1.0,6.2,0.0,10.333333333333334,52,0,0,0,0,0,0,2,0,3,31,122,1369,0,20,0,0,0,0,0,0,0,0,BENIGN
10.42.0.151-10.42.0.1-49267-53-17,10.42.0.151,49267,10.42.0.1,53,17,21/07/2017 04:50:59,8802,1,1,31.0,86.0,31.0,31.0,31.0,0.0,86.0,86.0,86.0,0.0,13292.43353783231,227.2210861167916,8802.0,0.0,8802.0,8802.0,0,0,0,0,0,0,0,0,0,0,0,0,0,0,32,32,113.6105430583958,113.6105430583958,31.0,86.0,49.33333333333333,31.754264805429415,1008.3333333333333,0,0,0,0,0,0,0,0,1.0,74.0,31.0,86.0,32,0,0,0,0,0,0,1,31,1,86,-1,-1,0,32,0,0,0,0,0,0,0,0,BENIGN
10.42.0.151-10.42.0.1-46022-53-17,10.42.0.151,46022,10.42.0.1,53,17,21/07/2017 04:55:44,52015,1,1,37.0,263.0,37.0,37.0,37.0,0.0,263.0,263.0,263.0,0.0,5767.5670479669325,38.45044698644622,52015.0,0.0,52015.0,52015.0,0,0,0,0,0,0,0,0,0,0,0,0,0,0,32,32,19.22522349322311,19.22522349322311,37.0,263.0,112.33333333333333,130.48116083685542,17025.333333333332,0,0,0,0,0,0,0,0,1.0,168.5,37.0,263.0,32,0,0,0,0,0,0,1,37,1,263,-1,-1,0,32,0,0,0,0,0,0,0,0,BENIGN
10.42.0.151-10.42.0.1-45329-53-17,10.42.0.151,45329,10.42.0.1,53,17,21/07/2017 04:49:58,61649,1,1,32.0,48.0,32.0,32.0,32.0,0.0,48.0,48.0,48.0,0.0,1297.6690619474768,32.44172654868692,61649.0,0.0,61649.0,61649.0,0,0,0,0,0,0,0,0,0,0,0,0,0,0,32,32,16.22086327434346,16.22086327434346,32.0,48.0,37.333333333333336,9.237604307034012,85.33333333333333,0,0,0,0,0,0,0,0,1.0,56.0,32.0,48.0,32,0,0,0,0,0,0,1,32,1,48,-1,-1,0,32,0,0,0,0,0,0,0,0,BENIGN
10.42.0.151-104.244.43.195-38002-443-6,10.42.0.151,38002,104.244.43.195,443,6,21/07/2017 04:51:08,39684,2,0,0.0,0.0,0.0,0.0,0.0,0.0,0,0,0,0,0.0,50.39814534825119,39684.0,0.0,39684.0,39684.0,39684.0,39684.0,0.0,39684.0,39684.0,0,0,0,0,0,0,0,0,0,64,0,50.39814534825119,0.0,0.0,0.0,0.0,0.0,0.0,0,0,0,0,1,0,0,0,0.0,0.0,0.0,0.0,64,0,0,0,0,0,0,2,0,0,0,1505,-1,0,32,0,0,0,0,0,0,0,0,BENIGN
10.42.0.151-10.42.0.1-52496-53-17,10.42.0.151,52496,10.42.0.1,53,17,21/07/2017 04:47:13,61308,1,1,40.0,80.0,40.0,40.0,40.0,0.0,80.0,80.0,80.0,0.0,1957.3302016050106,32.622170026750176,61308.0,0.0,61308.0,61308.0,0,0,0,0,0,0,0,0,0,0,0,0,0,0,40,32,16.311085013375088,16.311085013375088,40.0,80.0,53.333333333333336,23.094010767585033,533.3333333333334,0,0,0,0,0,0,0,0,1.0,80.0,40.0,80.0,40,0,0,0,0,0,0,1,40,1,80,-1,-1,0,40,0,0,0,0,0,0,0,0,BENIGN
10.42.0.151-72.21.91.70-35199-443-6,10.42.0.151,35199,72.21.91.70,443,6,21/07/2017 04:49:23,13732066,10,9,325.0,5353.0,199.0,0.0,32.5,70.64347103589971,1448.0,0.0,594.7777777777778,671.0875087829041,413.4847589576106,1.3836228284949985,762892.5555555556,3198313.120193817,1.3578225E7,5.0,1.3732066E7,1525785.111111111,4519735.335432746,1.3578225E7,9.0,87226.0,10903.250000000002,21405.125879764673,57750.0,5.0,0,0,0,0,328,296,0.7282225413131571,0.6554002871818414,0.0,1448.0,283.90000000000003,524.6655977607871,275273.98947368405,0,0,0,1,0,0,0,0,0.0,298.8421052631579,32.5,594.7777777777778,328,0,0,0,0,0,0,10,325,9,5353,65535,285,2,32,153841.0,0.0,153841.0,153841.0,1.3578225E7,0.0,1.3578225E7,1.3578225E7,BENIGN
172.217.10.238-10.42.0.151-80-58566-6,172.217.10.238,80,10.42.0.151,58566,6,21/07/2017 04:47:40,107060,1,1,0.0,0.0,0.0,0.0,0.0,0.0,0.0,0.0,0.0,0.0,0.0,18.681113394358302,107060.0,0.0,107060.0,107060.0,0,0,0,0,0,0,0,0,0,0,0,0,0,0,32,32,9.340556697179151,9.340556697179151,0.0,0.0,0.0,0.0,0.0,0,0,0,0,1,1,0,0,1.0,0.0,0.0,0.0,32,0,0,0,0,0,0,1,0,1,0,340,1369,0,32,0,0,0,0,0,0,0,0,BENIGN
10.42.0.151-104.244.42.66-46329-443-6,10.42.0.151,46329,104.244.42.66,443,6,21/07/2017 04:51:28,32102,3,0,0.0,0.0,0.0,0.0,0.0,0.0,0,0,0,0,0.0,93.45212136315494,16051.0,22508.62305873018,31967.0,135.0,32102.0,16051.0,22508.62305873018,31967.0,135.0,0,0,0,0,0,0,0,0,0,96,0,93.45212136315494,0.0,0.0,0.0,0.0,0.0,0.0,0,0,0,0,1,0,0,0,0.0,0.0,0.0,0.0,96,0,0,0,0,0,0,3,0,0,0,1505,-1,0,32,0,0,0,0,0,0,0,0,BENIGN
10.42.0.151-10.42.0.1-40804-53-17,10.42.0.151,40804,10.42.0.1,53,17,21/07/2017 04:47:03,96774,1,1,37.0,76.0,37.0,37.0,37.0,0.0,76.0,76.0,76.0,0.0,1167.6690020046708,20.666708000082668,96774.0,0.0,96774.0,96774.0,0,0,0,0,0,0,0,0,0,0,0,0,0,0,32,32,10.333354000041334,10.333354000041334,37.0,76.0,50.0,22.516660498395403,507.0,0,0,0,0,0,0,0,0,1.0,75.0,37.0,76.0,32,0,0,0,0,0,0,1,37,1,76,-1,-1,0,32,0,0,0,0,0,0,0,0,BENIGN
10.42.0.151-10.42.0.1-46841-53-17,10.42.0.151,46841,10.42.0.1,53,17,21/07/2017 04:50:57,50287,1,1,31.0,47.0,31.0,31.0,31.0,0.0,47.0,47.0,47.0,0.0,1551.0967049137948,39.771710382405,50287.0,0.0,50287.0,50287.0,0,0,0,0,0,0,0,0,0,0,0,0,0,0,32,40,19.8858551912025,19.8858551912025,31.0,47.0,36.333333333333336,9.237604307034012,85.33333333333333,0,0,0,0,0,0,0,0,1.0,54.5,31.0,47.0,32,0,0,0,0,0,0,1,31,1,47,-1,-1,0,32,0,0,0,0,0,0,0,0,BENIGN
172.217.12.170-10.42.0.151-443-49403-6,10.42.0.151,49403,172.217.12.170,443,6,21/07/2017 04:54:13,116299,2,0,0.0,0.0,0.0,0.0,0.0,0.0,0,0,0,0,0.0,17.19705242521432,116299.0,0.0,116299.0,116299.0,116299.0,116299.0,0.0,116299.0,116299.0,0,0,0,0,0,0,0,0,0,64,0,17.19705242521432,0.0,0.0,0.0,0.0,0.0,0.0,0,0,0,0,1,1,0,0,0.0,0.0,0.0,0.0,64,0,0,0,0,0,0,2,0,0,0,468,-1,0,32,0,0,0,0,0,0,0,0,BENIGN
10.42.0.151-104.244.46.7-59486-443-6,10.42.0.151,59486,104.244.46.7,443,6,21/07/2017 04:49:23,14065009,9,5,329.0,4278.0,203.0,0.0,36.55555555555556,75.04850283501848,1448.0,0.0,855.6,687.6254794581132,327.55044806583487,0.9953779624314496,1081923.7692307692,3853563.6884887293,1.3907155E7,4.0,1.4065009E7,1758126.125,4909015.165428702,1.3907155E7,6.0,132456.0,33114.0,49532.62437357154,104798.0,4.0,0,0,0,0,296,168,0.6398858329916461,0.3554921294398034,0.0,1448.0,307.1333333333333,547.3112024990467,299549.5523809524,0,0,0,1,0,0,0,0,0.0,329.07142857142856,36.55555555555556,855.6,296,0,0,0,0,0,0,9,329,5,4278,65535,59,2,32,157854.0,0.0,157854.0,157854.0,1.3907155E7,0.0,1.3907155E7,1.3907155E7,BENIGN
10.42.0.151-10.42.0.1-44980-53-17,10.42.0.151,44980,10.42.0.1,53,17,21/07/2017 04:47:01,47484,1,1,34.0,79.0,34.0,34.0,34.0,0.0,79.0,79.0,79.0,0.0,2379.7489680734566,42.11945076236206,47484.0,0.0,47484.0,47484.0,0,0,0,0,0,0,0,0,0,0,0,0,0,0,32,32,21.05972538118103,21.05972538118103,34.0,79.0,49.0,25.98076211353316,675.0,0,0,0,0,0,0,0,0,1.0,73.5,34.0,79.0,32,0,0,0,0,0,0,1,34,1,79,-1,-1,0,32,0,0,0,0,0,0,0,0,BENIGN
10.42.0.151-104.244.43.195-38003-443-6,10.42.0.151,38003,104.244.43.195,443,6,21/07/2017 04:51:08,39653,2,0,0.0,0.0,0.0,0.0,0.0,0.0,0,0,0,0,0.0,50.4375457090258,39653.0,0.0,39653.0,39653.0,39653.0,39653.0,0.0,39653.0,39653.0,0,0,0,0,0,0,0,0,0,64,0,50.4375457090258,0.0,0.0,0.0,0.0,0.0,0.0,0,0,0,0,1,0,0,0,0.0,0.0,0.0,0.0,64,0,0,0,0,0,0,2,0,0,0,1505,-1,0,32,0,0,0,0,0,0,0,0,BENIGN
157.240.18.19-10.42.0.151-443-41903-6,10.42.0.151,41903,157.240.18.19,443,6,21/07/2017 04:47:03,259154,10,7,325.0,3812.0,207.0,0.0,32.5,71.65542547497712,1398.0,0.0,544.5714285714286,629.9444041984598,15963.481173356384,65.59806138435061,16197.125,20932.531214595143,53092.0,2.0,259154.0,28794.88888888889,29212.605761231072,77805.0,3.0,168528.0,28087.999999999996,43120.06533854048,88036.0,2.0,0,0,0,0,328,232,38.58709493197095,27.010966452379666,0.0,1398.0,229.83333333333331,457.79770127657656,209578.73529411765,0,0,0,1,0,0,0,0,0.0,243.35294117647058,32.5,544.5714285714286,328,0,0,0,0,0,0,10,325,7,3812,65535,114,2,32,0,0,0,0,0,0,0,0,BENIGN
172.217.6.202-10.42.0.151-443-37458-6,172.217.6.202,443,10.42.0.151,37458,6,21/07/2017 04:46:17,52541,1,1,0.0,0.0,0.0,0.0,0.0,0.0,0.0,0.0,0.0,0.0,0.0,38.06551074399041,52541.0,0.0,52541.0,52541.0,0,0,0,0,0,0,0,0,0,0,0,0,0,0,32,32,19.032755371995204,19.032755371995204,0.0,0.0,0.0,0.0,0.0,0,0,0,0,1,1,0,0,1.0,0.0,0.0,0.0,32,0,0,0,0,0,0,1,0,1,0,362,1546,0,32,0,0,0,0,0,0,0,0,BENIGN
10.42.0.151-31.13.80.5-37688-443-6,31.13.80.5,443,10.42.0.151,37688,6,21/07/2017 04:56:14,29339,2,3,0.0,31.0,0.0,0.0,0.0,0.0,31.0,0.0,10.333333333333332,17.8978583448784,1056.6140631923379,170.42162309553837,7334.75,10304.848482631853,21954.0,12.0,29339.0,29339.0,0.0,29339.0,29339.0,191.0,95.5,118.08683245815344,179.0,12.0,0,0,0,0,52,108,68.16864923821534,102.25297385732301,0.0,31.0,5.166666666666667,12.655697004379753,160.16666666666666,0,0,0,0,1,1,0,0,1.0,6.2,0.0,10.333333333333334,52,0,0,0,0,0,0,2,0,3,31,122,1369,0,20,0,0,0,0,0,0,0,0,BENIGN
10.42.0.151-10.42.0.1-47719-53-17,10.42.0.151,47719,10.42.0.1,53,17,21/07/2017 04:49:05,60884,1,1,40.0,80.0,40.0,40.0,40.0,0.0,80.0,80.0,80.0,0.0,1970.9611720649102,32.84935286774851,60884.0,0.0,60884.0,60884.0,0,0,0,0,0,0,0,0,0,0,0,0,0,0,40,32,16.424676433874254,16.424676433874254,40.0,80.0,53.333333333333336,23.094010767585033,533.3333333333334,0,0,0,0,0,0,0,0,1.0,80.0,40.0,80.0,40,0,0,0,0,0,0,1,40,1,80,-1,-1,0,40,0,0,0,0,0,0,0,0,BENIGN
10.42.0.151-74.125.22.188-49885-5228-6,10.42.0.151,49885,74.125.22.188,5228,6,21/07/2017 04:58:49,304455,3,1,50.0,0.0,27.0,0.0,16.666666666666668,14.571661996262929,0.0,0.0,0.0,0.0,164.22788260990953,13.138230608792762,101485.0,17726.164757216942,121944.0,90718.0,213737.0,106868.5,21319.976559555595,121944.0,91793.0,0,0,0,0,0,1,0,0,0,96,32,9.853672956594572,3.2845576521981905,0.0,27.0,14.6,13.427583550289308,180.3,0,1,0,0,1,0,0,0,0.0,18.25,16.666666666666668,0.0,96,0,0,0,0,0,0,3,50,1,0,196,196,1,32,0,0,0,0,0,0,0,0,BENIGN
10.42.0.151-104.244.42.1-55824-443-6,10.42.0.151,55824,104.244.42.1,443,6,21/07/2017 04:49:22,14899179,9,7,329.0,3889.0,203.0,0.0,36.55555555555556,75.04850283501848,1448.0,0.0,555.5714285714286,657.4115547972613,283.10284747904564,1.073884675122032,993278.6000000001,3761799.931375819,1.4591146E7,18.0,1.4899179E7,1862397.375,5143374.830681225,1.4591146E7,118.0,217533.0,36255.5,56024.34643170771,126603.0,18.0,0,0,0,0,296,232,0.604060129756143,0.46982454536588897,0.0,1448.0,248.11764705882354,485.0439261490836,235267.61029411765,0,0,0,1,0,0,0,0,0.0,263.625,36.55555555555556,555.5714285714286,296,0,0,0,0,0,0,9,329,7,3889,65535,118,2,32,308033.0,0.0,308033.0,308033.0,1.4591146E7,0.0,1.4591146E7,1.4591146E7,BENIGN
10.42.0.151-10.42.0.1-43549-53-17,10.42.0.151,43549,10.42.0.1,53,17,21/07/2017 04:56:57,100631,1,1,37.0,77.0,37.0,37.0,37.0,0.0,77.0,77.0,77.0,0.0,1132.8517057368008,19.874591328715805,100631.0,0.0,100631.0,100631.0,0,0,0,0,0,0,0,0,0,0,0,0,0,0,20,20,9.937295664357903,9.937295664357903,37.0,77.0,50.333333333333336,23.094010767585033,533.3333333333334,0,0,0,0,0,0,0,0,1.0,75.5,37.0,77.0,20,0,0,0,0,0,0,1,37,1,77,-1,-1,0,20,0,0,0,0,0,0,0,0,BENIGN
10.42.0.151-10.42.0.1-25008-53-17,10.42.0.151,25008,10.42.0.1,53,17,21/07/2017 04:50:57,24221,1,1,37.0,76.0,37.0,37.0,37.0,0.0,76.0,76.0,76.0,0.0,4665.373023409438,82.57297386565378,24221.0,0.0,24221.0,24221.0,0,0,0,0,0,0,0,0,0,0,0,0,0,0,32,40,41.28648693282689,41.28648693282689,37.0,76.0,50.0,22.516660498395403,507.0,0,0,0,0,0,0,0,0,1.0,75.0,37.0,76.0,32,0,0,0,0,0,0,1,37,1,76,-1,-1,0,32,0,0,0,0,0,0,0,0,BENIGN
172.217.12.170-10.42.0.151-443-53942-6,10.42.0.151,53942,172.217.12.170,443,6,21/07/2017 04:54:51,67440,2,0,0.0,0.0,0.0,0.0,0.0,0.0,0,0,0,0,0.0,29.655990510083036,67440.0,0.0,67440.0,67440.0,67440.0,67440.0,0.0,67440.0,67440.0,0,0,0,0,0,0,0,0,0,64,0,29.655990510083036,0.0,0.0,0.0,0.0,0.0,0.0,0,0,0,0,1,1,0,0,0.0,0.0,0.0,0.0,64,0,0,0,0,0,0,2,0,0,0,511,-1,0,32,0,0,0,0,0,0,0,0,BENIGN
172.217.11.14-10.42.0.151-443-48249-6,172.217.11.14,443,10.42.0.151,48249,6,21/07/2017 04:49:52,2928,1,1,0.0,0.0,0.0,0.0,0.0,0.0,0.0,0.0,0.0,0.0,0.0,683.0601092896175,2928.0,0.0,2928.0,2928.0,0,0,0,0,0,0,0,0,0,0,0,0,0,0,32,32,341.53005464480873,341.53005464480873,0.0,0.0,0.0,0.0,0.0,0,0,0,0,1,1,0,0,1.0,0.0,0.0,0.0,32,0,0,0,0,0,0,1,0,1,0,365,1990,0,32,0,0,0,0,0,0,0,0,BENIGN
172.217.12.170-10.42.0.151-443-33540-6,10.42.0.151,33540,172.217.12.170,443,6,21/07/2017 04:54:48,46581,2,0,0.0,0.0,0.0,0.0,0.0,0.0,0,0,0,0,0.0,42.9359610141474,46581.0,0.0,46581.0,46581.0,46581.0,46581.0,0.0,46581.0,46581.0,0,0,0,0,0,0,0,0,0,64,0,42.9359610141474,0.0,0.0,0.0,0.0,0.0,0.0,0,0,0,0,1,1,0,0,0.0,0.0,0.0,0.0,64,0,0,0,0,0,0,2,0,0,0,362,-1,0,32,0,0,0,0,0,0,0,0,BENIGN
10.42.0.151-10.42.0.1-55954-53-17,10.42.0.151,55954,10.42.0.1,53,17,21/07/2017 04:50:58,49161,1,1,32.0,83.0,32.0,32.0,32.0,0.0,83.0,83.0,83.0,0.0,2339.252659628567,40.68265495006204,49161.0,0.0,49161.0,49161.0,0,0,0,0,0,0,0,0,0,0,0,0,0,0,32,40,20.34132747503102,20.34132747503102,32.0,83.0,49.0,29.444863728670914,867.0,0,0,0,0,0,0,0,0,1.0,73.5,32.0,83.0,32,0,0,0,0,0,0,1,32,1,83,-1,-1,0,32,0,0,0,0,0,0,0,0,BENIGN
10.42.0.151-10.42.0.1-42094-53-17,10.42.0.151,42094,10.42.0.1,53,17,21/07/2017 04:51:06,62364,1,1,40.0,80.0,40.0,40.0,40.0,0.0,80.0,80.0,80.0,0.0,1924.187030979411,32.06978384965685,62364.0,0.0,62364.0,62364.0,0,0,0,0,0,0,0,0,0,0,0,0,0,0,40,32,16.034891924828425,16.034891924828425,40.0,80.0,53.333333333333336,23.094010767585033,533.3333333333334,0,0,0,0,0,0,0,0,1.0,80.0,40.0,80.0,40,0,0,0,0,0,0,1,40,1,80,-1,-1,0,40,0,0,0,0,0,0,0,0,BENIGN
10.42.0.151-104.244.42.66-46330-443-6,10.42.0.151,46330,104.244.42.66,443,6,21/07/2017 04:51:28,32071,2,0,0.0,0.0,0.0,0.0,0.0,0.0,0,0,0,0,0.0,62.3616351220729,32071.0,0.0,32071.0,32071.0,32071.0,32071.0,0.0,32071.0,32071.0,0,0,0,0,0,0,0,0,0,64,0,62.3616351220729,0.0,0.0,0.0,0.0,0.0,0.0,0,0,0,0,1,0,0,0,0.0,0.0,0.0,0.0,64,0,0,0,0,0,0,2,0,0,0,1505,-1,0,32,0,0,0,0,0,0,0,0,BENIGN
172.217.6.202-10.42.0.151-443-39478-6,172.217.6.202,443,10.42.0.151,39478,6,21/07/2017 04:48:47,1948,1,1,0.0,0.0,0.0,0.0,0.0,0.0,0.0,0.0,0.0,0.0,0.0,1026.694045174538,1948.0,0.0,1948.0,1948.0,0,0,0,0,0,0,0,0,0,0,0,0,0,0,32,20,513.347022587269,513.347022587269,0.0,0.0,0.0,0.0,0.0,0,0,0,0,1,0,0,0,1.0,0.0,0.0,0.0,32,0,0,0,0,0,0,1,0,1,0,365,0,0,32,0,0,0,0,0,0,0,0,BENIGN
10.42.0.151-104.244.42.1-60561-80-6,104.244.42.1,80,10.42.0.151,60561,6,21/07/2017 04:49:52,4300,1,1,0.0,0.0,0.0,0.0,0.0,0.0,0.0,0.0,0.0,0.0,0.0,465.1162790697674,4300.0,0.0,4300.0,4300.0,0,0,0,0,0,0,0,0,0,0,0,0,0,0,32,32,232.5581395348837,232.5581395348837,0.0,0.0,0.0,0.0,0.0,0,0,0,0,1,1,0,0,1.0,0.0,0.0,0.0,32,0,0,0,0,0,0,1,0,1,0,118,1386,0,32,0,0,0,0,0,0,0,0,BENIGN
10.42.0.151-10.42.0.1-28914-53-17,10.42.0.151,28914,10.42.0.1,53,17,21/07/2017 04:50:57,24759,1,1,34.0,79.0,34.0,34.0,34.0,0.0,79.0,79.0,79.0,0.0,4563.996930409145,80.7787067329052,24759.0,0.0,24759.0,24759.0,0,0,0,0,0,0,0,0,0,0,0,0,0,0,32,32,40.3893533664526,40.3893533664526,34.0,79.0,49.0,25.98076211353316,675.0,0,0,0,0,0,0,0,0,1.0,73.5,34.0,79.0,32,0,0,0,0,0,0,1,34,1,79,-1,-1,0,32,0,0,0,0,0,0,0,0,BENIGN
172.217.10.238-10.42.0.151-443-53612-6,10.42.0.151,53612,172.217.10.238,443,6,21/07/2017 04:54:03,138435,2,0,0.0,0.0,0.0,0.0,0.0,0.0,0,0,0,0,0.0,14.447213493697403,138435.0,0.0,138435.0,138435.0,138435.0,138435.0,0.0,138435.0,138435.0,0,0,0,0,0,0,0,0,0,64,0,14.447213493697403,0.0,0.0,0.0,0.0,0.0,0.0,0,0,0,0,1,1,0,0,0.0,0.0,0.0,0.0,64,0,0,0,0,0,0,2,0,0,0,352,-1,0,32,0,0,0,0,0,0,0,0,BENIGN
172.217.10.46-10.42.0.151-80-33912-6,172.217.10.46,80,10.42.0.151,33912,6,21/07/2017 04:48:28,99359,1,1,0.0,0.0,0.0,0.0,0.0,0.0,0.0,0.0,0.0,0.0,0.0,20.129027063476887,99359.0,0.0,99359.0,99359.0,0,0,0,0,0,0,0,0,0,0,0,0,0,0,32,32,10.064513531738443,10.064513531738443,0.0,0.0,0.0,0.0,0.0,0,0,0,0,1,1,0,0,1.0,0.0,0.0,0.0,32,0,0,0,0,0,0,1,0,1,0,340,1369,0,32,0,0,0,0,0,0,0,0,BENIGN
10.42.0.151-104.244.42.194-45326-443-6,10.42.0.151,45326,104.244.42.194,443,6,21/07/2017 04:49:27,95,2,0,0.0,0.0,0.0,0.0,0.0,0.0,0,0,0,0,0.0,21052.631578947367,95.0,0.0,95.0,95.0,95.0,95.0,0.0,95.0,95.0,0,0,0,0,0,0,0,0,0,40,0,21052.631578947367,0.0,0.0,0.0,0.0,0.0,0.0,1,0,0,0,0,0,0,0,0.0,0.0,0.0,0.0,40,0,0,0,0,0,0,2,0,0,0,0,-1,0,20,0,0,0,0,0,0,0,0,BENIGN
10.42.0.151-10.42.0.1-21083-53-17,10.42.0.151,21083,10.42.0.1,53,17,21/07/2017 04:47:02,120520,1,1,32.0,71.0,32.0,32.0,32.0,0.0,71.0,71.0,71.0,0.0,854.629936939927,16.59475605708596,120520.0,0.0,120520.0,120520.0,0,0,0,0,0,0,0,0,0,0,0,0,0,0,32,32,8.29737802854298,8.29737802854298,32.0,71.0,45.0,22.516660498395403,507.0,0,0,0,0,0,0,0,0,1.0,67.5,32.0,71.0,32,0,0,0,0,0,0,1,32,1,71,-1,-1,0,32,0,0,0,0,0,0,0,0,BENIGN
10.42.0.151-104.244.42.1-60560-80-6,104.244.42.1,80,10.42.0.151,60560,6,21/07/2017 04:49:38,3064,1,1,0.0,0.0,0.0,0.0,0.0,0.0,0.0,0.0,0.0,0.0,0.0,652.7415143603133,3064.0,0.0,3064.0,3064.0,0,0,0,0,0,0,0,0,0,0,0,0,0,0,32,32,326.37075718015666,326.37075718015666,0.0,0.0,0.0,0.0,0.0,0,0,0,0,1,1,0,0,1.0,0.0,0.0,0.0,32,0,0,0,0,0,0,1,0,1,0,114,1369,0,32,0,0,0,0,0,0,0,0,BENIGN
10.42.0.151-10.42.0.1-33847-53-17,10.42.0.151,33847,10.42.0.1,53,17,21/07/2017 04:49:38,31817,1,1,33.0,84.0,33.0,33.0,33.0,0.0,84.0,84.0,84.0,0.0,3677.279441807839,62.85947763774083,31817.0,0.0,31817.0,31817.0,0,0,0,0,0,0,0,0,0,0,0,0,0,0,32,32,31.429738818870415,31.429738818870415,33.0,84.0,50.0,29.444863728670914,867.0,0,0,0,0,0,0,0,0,1.0,75.0,33.0,84.0,32,0,0,0,0,0,0,1,33,1,84,-1,-1,0,32,0,0,0,0,0,0,0,0,BENIGN
10.42.0.151-10.42.0.1-24932-53-17,10.42.0.151,24932,10.42.0.1,53,17,21/07/2017 04:50:59,25489,1,1,33.0,88.0,33.0,33.0,33.0,0.0,88.0,88.0,88.0,0.0,4747.145827611911,78.46522029110596,25489.0,0.0,25489.0,25489.0,0,0,0,0,0,0,0,0,0,0,0,0,0,0,32,32,39.23261014555298,39.23261014555298,33.0,88.0,51.33333333333333,31.754264805429415,1008.3333333333333,0,0,0,0,0,0,0,0,1.0,77.0,33.0,88.0,32,0,0,0,0,0,0,1,33,1,88,-1,-1,0,32,0,0,0,0,0,0,0,0,BENIGN
157.240.18.19-10.42.0.151-443-41902-6,10.42.0.151,41902,157.240.18.19,443,6,21/07/2017 04:47:03,259376,9,7,325.0,3812.0,207.0,0.0,36.111111111111114,75.03073444336735,1398.0,0.0,544.5714285714286,629.9444041984598,15949.818024797976,61.68650916044661,17291.733333333337,18908.485564750576,43202.0,6.0,259376.0,32422.0,31734.465545028033,78437.0,19.0,143818.0,23969.666666666664,36941.44621244094,79298.0,6.0,0,0,0,0,296,232,34.69866140275122,26.98784775769539,0.0,1398.0,243.35294117647058,468.16849813615056,219181.74264705883,0,0,0,1,0,0,0,0,0.0,258.5625,36.111111111111114,544.5714285714286,296,0,0,0,0,0,0,9,325,7,3812,65535,114,2,32,0,0,0,0,0,0,0,0,BENIGN
172.217.6.202-10.42.0.151-443-48977-6,172.217.6.202,443,10.42.0.151,48977,6,21/07/2017 04:48:21,2006,1,1,0.0,0.0,0.0,0.0,0.0,0.0,0.0,0.0,0.0,0.0,0.0,997.0089730807578,2006.0,0.0,2006.0,2006.0,0,0,0,0,0,0,0,0,0,0,0,0,0,0,32,32,498.5044865403789,498.5044865403789,0.0,0.0,0.0,0.0,0.0,0,0,0,0,1,1,0,0,1.0,0.0,0.0,0.0,32,0,0,0,0,0,0,1,0,1,0,352,1502,0,32,0,0,0,0,0,0,0,0,BENIGN
172.217.12.170-10.42.0.151-443-49981-6,10.42.0.151,49981,172.217.12.170,443,6,21/07/2017 04:54:48,108966,2,0,0.0,0.0,0.0,0.0,0.0,0.0,0,0,0,0,0.0,18.35434906301048,108966.0,0.0,108966.0,108966.0,108966.0,108966.0,0.0,108966.0,108966.0,0,0,0,0,0,0,0,0,0,64,0,18.35434906301048,0.0,0.0,0.0,0.0,0.0,0.0,0,0,0,0,1,1,0,0,0.0,0.0,0.0,0.0,64,0,0,0,0,0,0,2,0,0,0,468,-1,0,32,0,0,0,0,0,0,0,0,BENIGN
172.217.10.34-10.42.0.151-443-38032-6,172.217.10.34,443,10.42.0.151,38032,6,21/07/2017 04:48:24,62644,2,1,0.0,0.0,0.0,0.0,0.0,0.0,0.0,0.0,0.0,0.0,0.0,47.88966221824915,31322.0,44238.01444459279,62603.0,41.0,41.0,41.0,0.0,41.0,41.0,0,0,0,0,0,0,0,0,0,64,32,31.926441478832768,15.963220739416384,0.0,0.0,0.0,0.0,0.0,0,0,0,0,1,1,0,0,0.0,0.0,0.0,0.0,64,0,0,0,0,0,0,2,0,1,0,349,1386,0,32,0,0,0,0,0,0,0,0,BENIGN
172.217.6.202-10.42.0.151-443-40534-6,172.217.6.202,443,10.42.0.151,40534,6,21/07/2017 04:46:55,2289,1,1,0.0,0.0,0.0,0.0,0.0,0.0,0.0,0.0,0.0,0.0,0.0,873.7439930100481,2289.0,0.0,2289.0,2289.0,0,0,0,0,0,0,0,0,0,0,0,0,0,0,32,32,436.8719965050241,436.8719965050241,0.0,0.0,0.0,0.0,0.0,0,0,0,0,1,1,0,0,1.0,0.0,0.0,0.0,32,0,0,0,0,0,0,1,0,1,0,404,5712,0,32,0,0,0,0,0,0,0,0,BENIGN
10.42.0.151-10.42.0.1-48507-53-17,10.42.0.151,48507,10.42.0.1,53,17,21/07/2017 04:50:57,51444,1,1,30.0,75.0,30.0,30.0,30.0,0.0,75.0,75.0,75.0,0.0,2041.0543503615584,38.87722572117254,51444.0,0.0,51444.0,51444.0,0,0,0,0,0,0,0,0,0,0,0,0,0,0,32,32,19.43861286058627,19.43861286058627,30.0,75.0,45.0,25.98076211353316,675.0,0,0,0,0,0,0,0,0,1.0,67.5,30.0,75.0,32,0,0,0,0,0,0,1,30,1,75,-1,-1,0,32,0,0,0,0,0,0,0,0,BENIGN
10.42.0.151-10.42.0.1-41343-53-17,10.42.0.151,41343,10.42.0.1,53,17,21/07/2017 04:56:14,60447,1,1,40.0,80.0,40.0,40.0,40.0,0.0,80.0,80.0,80.0,0.0,1985.2101841282445,33.08683640213741,60447.0,0.0,60447.0,60447.0,0,0,0,0,0,0,0,0,0,0,0,0,0,0,20,32,16.543418201068704,16.543418201068704,40.0,80.0,53.333333333333336,23.094010767585033,533.3333333333334,0,0,0,0,0,0,0,0,1.0,80.0,40.0,80.0,20,0,0,0,0,0,0,1,40,1,80,-1,-1,0,20,0,0,0,0,0,0,0,0,BENIGN
10.42.0.151-10.42.0.1-58175-53-17,10.42.0.151,58175,10.42.0.1,53,17,21/07/2017 04:50:39,1856,1,1,53.0,231.0,53.0,53.0,53.0,0.0,231.0,231.0,231.0,0.0,153017.24137931035,1077.5862068965516,1856.0,0.0,1856.0,1856.0,0,0,0,0,0,0,0,0,0,0,0,0,0,0,32,32,538.7931034482758,538.7931034482758,53.0,231.0,112.33333333333334,102.7683479157534,10561.333333333334,0,0,0,0,0,0,0,0,1.0,168.5,53.0,231.0,32,0,0,0,0,0,0,1,53,1,231,-1,-1,0,32,0,0,0,0,0,0,0,0,BENIGN
208.80.154.224-10.42.0.151-443-38093-6,10.42.0.151,38093,208.80.154.224,443,6,21/07/2017 04:46:07,55268066,10,8,290.0,4996.0,205.0,0.0,29.0,67.36302975503534,1448.0,0.0,624.4999999999999,704.6766228967318,95.64293420363217,0.3256853605118008,3251062.705882353,1.3365781394356607E7,5.511789E7,4.0,5.5268066E7,6140896.222222222,1.836638615427105E7,5.511789E7,11.0,86413.0,12344.714285714286,21151.638996496116,49388.0,4.0,0,0,0,0,328,264,0.1809363113954449,0.14474904911635592,0.0,1448.0,278.2105263157895,536.1703273056435,287478.6198830409,0,0,0,1,0,0,0,0,0.0,293.6666666666667,29.0,624.5,328,0,0,0,0,0,0,10,290,8,4996,65535,59,2,32,150176.0,0.0,150176.0,150176.0,5.511789E7,0.0,5.511789E7,5.511789E7,BENIGN
172.217.6.225-10.42.0.151-443-47936-6,172.217.6.225,443,10.42.0.151,47936,6,21/07/2017 04:47:55,15170,1,1,0.0,0.0,0.0,0.0,0.0,0.0,0.0,0.0,0.0,0.0,0.0,131.83915622940015,15170.0,0.0,15170.0,15170.0,0,0,0,0,0,0,0,0,0,0,0,0,0,0,32,20,65.91957811470007,65.91957811470007,0.0,0.0,0.0,0.0,0.0,0,0,0,0,1,0,0,0,1.0,0.0,0.0,0.0,32,0,0,0,0,0,0,1,0,1,0,179,0,0,32,0,0,0,0,0,0,0,0,BENIGN
10.42.0.151-10.42.0.1-33272-53-17,10.42.0.151,33272,10.42.0.1,53,17,21/07/2017 04:49:23,47627,1,1,32.0,83.0,32.0,32.0,32.0,0.0,83.0,83.0,83.0,0.0,2414.596762340689,41.99298717114242,47627.0,0.0,47627.0,47627.0,0,0,0,0,0,0,0,0,0,0,0,0,0,0,32,40,20.99649358557121,20.99649358557121,32.0,83.0,49.0,29.444863728670914,867.0,0,0,0,0,0,0,0,0,1.0,73.5,32.0,83.0,32,0,0,0,0,0,0,1,32,1,83,-1,-1,0,32,0,0,0,0,0,0,0,0,BENIGN
10.42.0.151-10.42.0.1-21170-53-17,10.42.0.151,21170,10.42.0.1,53,17,21/07/2017 04:50:58,24355,1,1,33.0,97.0,33.0,33.0,33.0,0.0,97.0,97.0,97.0,0.0,5337.712995278177,82.1186614658181,24355.0,0.0,24355.0,24355.0,0,0,0,0,0,0,0,0,0,0,0,0,0,0,40,40,41.05933073290905,41.05933073290905,33.0,97.0,54.33333333333333,36.95041722813605,1365.3333333333333,0,0,0,0,0,0,0,0,1.0,81.5,33.0,97.0,40,0,0,0,0,0,0,1,33,1,97,-1,-1,0,40,0,0,0,0,0,0,0,0,BENIGN
172.217.12.206-10.42.0.151-443-59300-6,10.42.0.151,59300,172.217.12.206,443,6,21/07/2017 04:54:58,60085850,3,1,31.0,0.0,31.0,0.0,10.333333333333334,17.8978583448784,0.0,0.0,0.0,0.0,0.5159284590298714,0.0665714140683705,2.0028616666666664E7,3.4580313591604896E7,5.9958511E7,36430.0,6.004942E7,3.002471E7,4.233278734757732E7,5.9958511E7,90909.0,0,0,0,0,0,0,0,0,0,96,20,0.04992856055127788,0.016642853517092625,0.0,31.0,6.2,13.863621460498695,192.2,0,0,0,0,1,1,0,0,0.0,7.75,10.333333333333334,0.0,96,0,0,0,0,0,0,3,31,1,0,1238,0,1,32,90909.0,0.0,90909.0,90909.0,5.9958511E7,0.0,5.9958511E7,5.9958511E7,BENIGN
10.42.0.151-31.13.80.5-37629-443-6,10.42.0.151,37629,31.13.80.5,443,6,21/07/2017 04:47:34,22369,2,1,31.0,0.0,31.0,0.0,15.5,21.920310216782973,0.0,0.0,0.0,0.0,1385.846483973356,134.11417586838928,11184.5,15261.485658349255,21976.0,393.0,393.0,393.0,0.0,393.0,393.0,0,0,0,0,0,1,0,0,0,64,20,89.4094505789262,44.7047252894631,0.0,31.0,15.499999999999998,17.897858344878397,320.3333333333333,0,1,0,0,1,0,0,0,0.0,20.666666666666668,15.5,0.0,64,0,0,0,0,0,0,2,31,1,0,1369,0,0,32,0,0,0,0,0,0,0,0,BENIGN
10.42.0.151-10.42.0.1-40796-53-17,10.42.0.151,40796,10.42.0.1,53,17,21/07/2017 04:49:22,61944,1,1,33.0,79.0,33.0,33.0,33.0,0.0,79.0,79.0,79.0,0.0,1808.0847216841019,32.287227172930386,61944.0,0.0,61944.0,61944.0,0,0,0,0,0,0,0,0,0,0,0,0,0,0,32,32,16.143613586465193,16.143613586465193,33.0,79.0,48.333333333333336,26.558112382722786,705.3333333333334,0,0,0,0,0,0,0,0,1.0,72.5,33.0,79.0,32,0,0,0,0,0,0,1,33,1,79,-1,-1,0,32,0,0,0,0,0,0,0,0,BENIGN
10.42.0.151-31.13.80.5-37686-443-6,10.42.0.151,37686,31.13.80.5,443,6,21/07/2017 04:51:07,2096,1,1,0.0,0.0,0.0,0.0,0.0,0.0,0.0,0.0,0.0,0.0,0.0,954.1984732824427,2096.0,0.0,2096.0,2096.0,0,0,0,0,0,0,0,0,0,0,0,0,0,0,20,20,477.09923664122135,477.09923664122135,0.0,0.0,0.0,0.0,0.0,1,0,0,0,0,0,0,0,1.0,0.0,0.0,0.0,20,0,0,0,0,0,0,1,0,1,0,0,0,0,20,0,0,0,0,0,0,0,0,BENIGN
172.217.10.40-10.42.0.151-443-54475-6,172.217.10.40,443,10.42.0.151,54475,6,21/07/2017 04:48:22,2582,1,1,0.0,0.0,0.0,0.0,0.0,0.0,0.0,0.0,0.0,0.0,0.0,774.5933384972889,2582.0,0.0,2582.0,2582.0,0,0,0,0,0,0,0,0,0,0,0,0,0,0,32,32,387.29666924864443,387.29666924864443,0.0,0.0,0.0,0.0,0.0,0,0,0,0,1,1,0,0,1.0,0.0,0.0,0.0,32,0,0,0,0,0,0,1,0,1,0,383,1403,0,32,0,0,0,0,0,0,0,0,BENIGN
10.42.0.151-10.42.0.1-14397-53-17,10.42.0.151,14397,10.42.0.1,53,17,21/07/2017 04:50:57,50377,1,1,42.0,58.0,42.0,42.0,42.0,0.0,58.0,58.0,58.0,0.0,1985.0328522937054,39.70065704587411,50377.0,0.0,50377.0,50377.0,0,0,0,0,0,0,0,0,0,0,0,0,0,0,32,32,19.850328522937055,19.850328522937055,42.0,58.0,47.333333333333336,9.237604307034012,85.33333333333333,0,0,0,0,0,0,0,0,1.0,71.0,42.0,58.0,32,0,0,0,0,0,0,1,42,1,58,-1,-1,0,32,0,0,0,0,0,0,0,0,BENIGN
199.16.156.43-10.42.0.151-443-49666-6,10.42.0.151,49666,199.16.156.43,443,6,21/07/2017 04:49:23,14504683,9,7,332.0,3346.0,206.0,0.0,36.888888888888886,75.88221867546515,1448.0,0.0,478.0,668.5077910291448,253.5732769892317,1.103092015178822,966978.8666666667,3657179.0776119637,1.4186635E7,11.0,1.4504683E7,1813085.375,4999873.376471589,1.4186635E7,11.0,233947.0,38991.166666666664,59437.05961238885,128715.0,21.0,0,0,0,0,296,232,0.6204892585380873,0.4826027566407346,0.0,1448.0,216.35294117647064,470.5960238326062,221460.61764705885,0,0,0,1,0,0,0,0,0.0,229.875,36.888888888888886,478.0,296,0,0,0,0,0,0,9,332,7,3346,65535,118,2,32,318048.0,0.0,318048.0,318048.0,1.4186635E7,0.0,1.4186635E7,1.4186635E7,BENIGN
172.217.12.170-10.42.0.151-443-32778-6,172.217.12.170,443,10.42.0.151,32778,6,21/07/2017 04:50:55,14522,1,1,0.0,0.0,0.0,0.0,0.0,0.0,0.0,0.0,0.0,0.0,0.0,137.72207684891887,14522.0,0.0,14522.0,14522.0,0,0,0,0,0,0,0,0,0,0,0,0,0,0,32,32,68.86103842445944,68.86103842445944,0.0,0.0,0.0,0.0,0.0,0,0,0,0,1,1,0,0,1.0,0.0,0.0,0.0,32,0,0,0,0,0,0,1,0,1,0,504,5535,0,32,0,0,0,0,0,0,0,0,BENIGN
10.42.0.151-10.42.0.1-23344-53-17,10.42.0.151,23344,10.42.0.1,53,17,21/07/2017 04:51:04,50118,1,1,25.0,100.0,25.0,25.0,25.0,0.0,100.0,100.0,100.0,0.0,2494.1138912167285,39.905822259467655,50118.0,0.0,50118.0,50118.0,0,0,0,0,0,0,0,0,0,0,0,0,0,0,32,32,19.952911129733828,19.952911129733828,25.0,100.0,50.0,43.30127018922193,1875.0,0,0,0,0,0,0,0,0,1.0,75.0,25.0,100.0,32,0,0,0,0,0,0,1,25,1,100,-1,-1,0,32,0,0,0,0,0,0,0,0,BENIGN
157.240.18.19-10.42.0.151-443-41901-6,157.240.18.19,443,10.42.0.151,41901,6,21/07/2017 04:48:11,1957,1,1,0.0,0.0,0.0,0.0,0.0,0.0,0.0,0.0,0.0,0.0,0.0,1021.9724067450179,1957.0,0.0,1957.0,1957.0,0,0,0,0,0,0,0,0,0,0,0,0,0,0,32,20,510.98620337250895,510.98620337250895,0.0,0.0,0.0,0.0,0.0,0,0,0,0,1,0,0,0,1.0,0.0,0.0,0.0,32,0,0,0,0,0,0,1,0,1,0,122,0,0,32,0,0,0,0,0,0,0,0,BENIGN
172.217.10.46-10.42.0.151-80-34161-6,172.217.10.46,80,10.42.0.151,34161,6,21/07/2017 04:48:28,33390,1,1,0.0,0.0,0.0,0.0,0.0,0.0,0.0,0.0,0.0,0.0,0.0,59.89817310572027,33390.0,0.0,33390.0,33390.0,0,0,0,0,0,0,0,0,0,0,0,0,0,0,32,32,29.949086552860134,29.949086552860134,0.0,0.0,0.0,0.0,0.0,0,0,0,0,1,1,0,0,1.0,0.0,0.0,0.0,32,0,0,0,0,0,0,1,0,1,0,340,1369,0,32,0,0,0,0,0,0,0,0,BENIGN
10.42.0.151-10.42.0.1-56552-53-17,10.42.0.151,56552,10.42.0.1,53,17,21/07/2017 04:49:23,24858,1,1,33.0,97.0,33.0,33.0,33.0,0.0,97.0,97.0,97.0,0.0,5229.70472282565,80.45699573577922,24858.0,0.0,24858.0,24858.0,0,0,0,0,0,0,0,0,0,0,0,0,0,0,32,32,40.22849786788961,40.22849786788961,33.0,97.0,54.33333333333333,36.95041722813605,1365.3333333333333,0,0,0,0,0,0,0,0,1.0,81.5,33.0,97.0,32,0,0,0,0,0,0,1,33,1,97,-1,-1,0,32,0,0,0,0,0,0,0,0,BENIGN
172.217.9.238-10.42.0.151-443-52859-17,10.42.0.151,52859,172.217.9.238,443,17,21/07/2017 04:50:59,30926933,13,16,5211.0,5582.0,1350.0,23.0,400.84615384615375,519.3412247186889,1350.0,18.0,348.875,518.8768479449949,348.9838452458251,0.9376940157628951,1104533.3214285716,3969872.4971077032,1.5556176E7,39.0,3.0864944E7,2572078.666666667,5894820.772331086,1.56178E7,114.0,3.0876405E7,2058427.0000000002,5354404.283679931,1.559338E7,39.0,0,0,0,0,440,536,0.42034559327302196,0.5173484224898732,18.0,1350.0,404.76666666666677,532.357455963134,283404.4609195402,0,0,0,0,0,0,0,0,1.0,418.7241379310345,400.84615384615387,348.875,440,0,0,0,0,0,0,13,5211,16,5582,-1,-1,12,32,278015.0,373.3523804664971,278279.0,277751.0,1.5154457E7,568116.4580629574,1.5556176E7,1.4752738E7,BENIGN
10.42.0.151-10.42.0.1-24708-53-17,10.42.0.151,24708,10.42.0.1,53,17,21/07/2017 04:49:23,31369,1,1,22.0,54.0,22.0,22.0,22.0,0.0,54.0,54.0,54.0,0.0,2422.7740763173833,63.757212534667985,31369.0,0.0,31369.0,31369.0,0,0,0,0,0,0,0,0,0,0,0,0,0,0,32,40,31.878606267333993,31.878606267333993,22.0,54.0,32.666666666666664,18.475208614068023,341.3333333333333,0,0,0,0,0,0,0,0,1.0,49.0,22.0,54.0,32,0,0,0,0,0,0,1,22,1,54,-1,-1,0,32,0,0,0,0,0,0,0,0,BENIGN
