Flow ID, Source IP, Source Port, Destination IP, Destination Port, Protocol, Timestamp, Flow Duration, Total Fwd Packets, Total Backward Packets,Total Length of Fwd Packets, Total Length of Bwd Packets, Fwd Packet Length Max, Fwd Packet Length Min, Fwd Packet Length Mean, Fwd Packet Length Std,Bwd Packet Length Max, Bwd Packet Length Min, Bwd Packet Length Mean, Bwd Packet Length Std,Flow Bytes/s, Flow Packets/s, Flow IAT Mean, Flow IAT Std, Flow IAT Max, Flow IAT Min,Fwd IAT Total, Fwd IAT Mean, Fwd IAT Std, Fwd IAT Max, Fwd IAT Min,Bwd IAT Total, Bwd IAT Mean, Bwd IAT Std, Bwd IAT Max, Bwd IAT Min,Fwd PSH Flags, Bwd PSH Flags, Fwd URG Flags, Bwd URG Flags, Fwd Header Length, Bwd Header Length,Fwd Packets/s, Bwd Packets/s, Min Packet Length, Max Packet Length, Packet Length Mean, Packet Length Std, Packet Length Variance,FIN Flag Count, SYN Flag Count, RST Flag Count, PSH Flag Count, ACK Flag Count, URG Flag Count, CWE Flag Count, ECE Flag Count, Down/Up Ratio, Average Packet Size, Avg Fwd Segment Size, Avg Bwd Segment Size, Fwd Header Length,Fwd Avg Bytes/Bulk, Fwd Avg Packets/Bulk, Fwd Avg Bulk Rate, Bwd Avg Bytes/Bulk, Bwd Avg Packets/Bulk,Bwd Avg Bulk Rate,Subflow Fwd Packets, Subflow Fwd Bytes, Subflow Bwd Packets, Subflow Bwd Bytes,Init_Win_bytes_forward, Init_Win_bytes_backward, act_data_pkt_fwd, min_seg_size_forward,Active Mean, Active Std, Active Max, Active Min,Idle Mean, Idle Std, Idle Max, Idle Min, Label
172.217.10.238-10.42.0.42-443-58474-6,10.42.0.42,58474,172.217.10.238,443,6,21/06/2017 08:56:18,36724,1,1,23.0,0.0,23.0,23.0,23.0,0.0,0.0,0.0,0.0,0.0,626.2934320880079,54.460298442435466,36724.0,0.0,36724.0,36724.0,0,0,0,0,0,0,0,0,0,0,1,0,0,0,32,32,27.230149221217733,27.230149221217733,0.0,23.0,15.333333333333332,13.279056191361393,176.33333333333334,0,1,0,0,1,0,0,0,1.0,23.0,23.0,0.0,32,0,0,0,0,0,0,1,23,1,0,1419,383,0,32,0,0,0,0,0,0,0,0,BENIGN
10.42.0.42-98.139.180.180-50975-443-6,10.42.0.42,50975,98.139.180.180,443,6,21/06/2017 08:56:19,97260,8,6,326.0,4713.0,200.0,0.0,40.75,78.00320506235626,1460.0,0.0,785.5,681.8802680823078,51809.5825622044,143.9440674480773,7481.538461538462,10302.531813551015,26821.0,11.0,97260.0,13894.285714285716,13829.685314740966,32944.0,45.0,34254.0,6850.8,13096.720990385342,30166.0,11.0,0,0,0,0,180,132,82.25375282747275,61.69031462060457,0.0,1460.0,335.9333333333333,559.9727629430696,313569.4952380952,0,0,0,1,0,0,0,0,0.0,359.92857142857144,40.75,785.5,180,0,0,0,0,0,0,8,326,6,4713,65535,62,2,20,0,0,0,0,0,0,0,0,BENIGN
10.42.0.42-98.139.180.180-50975-443-6,98.139.180.180,443,10.42.0.42,50975,6,21/06/2017 08:56:19,22450,4,3,366.0,0.0,274.0,0.0,91.5,123.62712755162867,0.0,0.0,0.0,0.0,16302.895322939865,311.80400890868594,3741.6666666666665,7790.174469590952,19558.0,3.0,22450.0,7483.333333333333,12945.926476437804,22432.0,3.0,779.0,389.5,475.88286373854646,726.0,53.0,1,0,0,0,80,60,178.17371937639197,133.63028953229397,0.0,274.0,80.0,121.42957982774566,14745.142857142855,0,1,0,0,1,0,0,0,0.0,91.42857142857143,91.5,0.0,80,0,0,0,0,0,0,4,366,3,0,62,0,2,20,0,0,0,0,0,0,0,0,BENIGN
10.42.0.42-69.147.82.61-35524-443-6,10.42.0.42,35524,69.147.82.61,443,6,21/06/2017 08:56:20,154564,7,6,320.0,5339.0,194.0,0.0,45.71428571428571,80.5019964259982,1448.0,0.0,889.8333333333334,696.7979381905967,36612.665303692964,84.10755415232525,12880.333333333334,16003.579317443238,41659.0,11.0,154564.0,25760.666666666664,23540.52683919089,56155.0,524.0,42846.0,8569.2,18148.91316856191,41028.0,11.0,0,0,0,0,232,200,45.28868300509821,38.818871147227036,0.0,1448.0,404.21428571428567,616.7233737910537,380347.71978021984,0,0,0,1,0,0,0,0,0.0,435.3076923076923,45.714285714285715,889.8333333333334,232,0,0,0,0,0,0,7,320,6,5339,65535,61,2,32,0,0,0,0,0,0,0,0,BENIGN
10.42.0.42-69.147.82.61-35524-443-6,69.147.82.61,443,10.42.0.42,35524,6,21/06/2017 08:56:20,14532,4,3,334.0,0.0,242.0,0.0,83.5,107.9181788825837,0.0,0.0,0.0,0.0,22983.759977979633,481.6955684007707,2422.0,4324.107075455001,10865.0,8.0,14532.0,4844.0,8360.61409227815,14498.0,8.0,388.0,194.0,178.19090885900997,320.0,68.0,1,0,0,0,128,60,275.25461051472615,206.4409578860446,0.0,242.0,72.0,106.85103114683946,11417.142857142857,0,1,0,0,1,0,0,0,0.0,82.28571428571429,83.5,0.0,128,0,0,0,0,0,0,4,334,3,0,61,0,2,32,0,0,0,0,0,0,0,0,BENIGN
10.42.0.42-63.250.200.101-51402-443-6,10.42.0.42,51402,63.250.200.101,443,6,21/06/2017 08:56:25,164613,9,10,1219.0,4686.0,884.0,0.0,135.44444444444446,290.6686735404725,1448.0,0.0,468.59999999999997,631.8999920873555,35872.01496844113,115.42223275196976,9145.166666666668,12457.589556524308,36103.0,11.0,136859.0,17107.375,22768.090000433876,62016.0,11.0,139525.0,15502.777777777777,23751.047475731346,63759.0,11.0,0,0,0,0,296,328,54.67368919830147,60.7485435536683,0.0,1448.0,295.25,507.1644470147621,257215.77631578947,0,0,0,1,0,0,0,0,1.0,310.7894736842105,135.44444444444446,468.6,296,0,0,0,0,0,0,9,1219,10,4686,65535,3840,3,32,0,0,0,0,0,0,0,0,BENIGN
172.217.10.238-10.42.0.42-443-60511-6,10.42.0.42,60511,172.217.10.238,443,6,21/06/2017 08:56:25,536,2,0,31.0,0.0,31.0,0.0,15.5,21.920310216782973,0,0,0,0,57835.82089552239,3731.3432835820895,536.0,0.0,536.0,536.0,536.0,536.0,0.0,536.0,536.0,0,0,0,0,0,1,0,0,0,64,0,3731.3432835820895,0.0,0.0,31.0,20.666666666666664,17.8978583448784,320.33333333333337,0,1,0,0,1,0,0,0,0.0,31.0,15.5,0.0,64,0,0,0,0,0,0,2,31,0,0,1594,-1,0,32,0,0,0,0,0,0,0,0,BENIGN
172.217.10.238-10.42.0.42-443-56100-6,10.42.0.42,56100,172.217.10.238,443,6,21/06/2017 08:56:26,36566,1,1,23.0,0.0,23.0,23.0,23.0,0.0,0.0,0.0,0.0,0.0,628.9996171306678,54.69561888092763,36566.0,0.0,36566.0,36566.0,0,0,0,0,0,0,0,0,0,0,1,0,0,0,32,32,27.347809440463816,27.347809440463816,0.0,23.0,15.333333333333332,13.279056191361393,176.33333333333334,0,1,0,0,1,0,0,0,1.0,23.0,23.0,0.0,32,0,0,0,0,0,0,1,23,1,0,1682,383,0,32,0,0,0,0,0,0,0,0,BENIGN
172.217.9.234-10.42.0.42-443-37979-6,10.42.0.42,37979,172.217.9.234,443,6,21/06/2017 08:56:29,37036,1,1,31.0,0.0,31.0,31.0,31.0,0.0,0.0,0.0,0.0,0.0,837.0234366562264,54.00151204233719,37036.0,0.0,37036.0,37036.0,0,0,0,0,0,0,0,0,0,0,1,0,0,0,32,32,27.000756021168595,27.000756021168595,0.0,31.0,20.666666666666664,17.8978583448784,320.33333333333337,0,1,0,0,1,0,0,0,1.0,31.0,31.0,0.0,32,0,0,0,0,0,0,1,31,1,0,2226,426,0,32,0,0,0,0,0,0,0,0,BENIGN
10.42.0.42-98.139.180.180-42932-80-6,10.42.0.42,42932,98.139.180.180,80,6,21/06/2017 08:56:18,11310038,4,4,398.0,444.0,398.0,0.0,99.5,198.99999999999997,444.0,0.0,111.0,222.0,74.44714155690723,0.7073362618233466,1615719.7142857143,4092606.5457068523,1.0892936E7,4004.0,417102.0,139034.0,170514.35842473793,335471.0,29217.0,1.1284825E7,3761608.3333333335,6182123.171961016,1.0897375E7,22633.0,0,0,0,0,100,92,0.3536681309116733,0.3536681309116733,0.0,444.0,93.55555555555556,185.9994026274756,34595.77777777778,0,0,0,1,0,0,0,0,1.0,105.25,99.5,111.0,100,0,0,0,0,0,0,4,398,4,444,65535,62,1,20,0,0,0,0,0,0,0,0,BENIGN
10.42.0.42-52.84.31.222-37702-443-6,10.42.0.42,37702,52.84.31.222,443,6,21/06/2017 08:56:19,30138676,7,8,328.0,4537.0,202.0,0.0,46.857142857142854,82.97676094632072,1448.0,0.0,567.125,712.27110358346,161.42049504762585,0.49769936808106635,2152762.5714285714,7991570.745099255,2.9918549E7,11.0,219959.0,36659.833333333336,30514.80272534408,73079.0,1220.0,3.0108251E7,4301178.714285714,1.131501528524351E7,2.9961074E7,11.0,0,0,0,0,232,264,0.23225970510449762,0.26543966297656874,0.0,1448.0,304.06250000000006,559.8674210620464,313451.5291666668,0,0,0,1,0,0,0,0,1.0,324.3333333333333,46.857142857142854,567.125,232,0,0,0,0,0,0,7,328,8,4537,65535,118,2,32,219959.0,0.0,219959.0,219959.0,2.9918549E7,0.0,2.9918549E7,2.9918549E7,BENIGN
216.58.216.35-10.42.0.42-443-34269-6,10.42.0.42,34269,216.58.216.35,443,6,21/06/2017 08:56:27,28809338,4,4,311.0,118.0,265.0,0.0,77.75,126.70273609253012,72.0,0.0,29.5,35.679125549822544,14.891005131738883,0.27768774138440805,4115619.7142857146,1.0787472567342326E7,2.857908E7,25.0,2.8809338E7,9603112.666666666,1.6538827833182445E7,2.8700405E7,659.0,149610.0,49870.0,65965.57662144703,124673.0,25.0,1,0,0,0,128,128,0.13884387069220402,0.13884387069220402,0.0,265.0,77.11111111111111,109.74452656561562,12043.861111111111,0,1,0,0,1,0,0,0,1.0,86.75,77.75,29.5,128,0,0,0,0,0,0,4,311,4,118,1594,357,1,32,0,0,0,0,0,0,0,0,BENIGN
162.208.20.178-10.42.0.42-443-42659-6,10.42.0.42,42659,162.208.20.178,443,6,21/06/2017 08:56:19,60173729,8,8,329.0,3791.0,203.0,0.0,41.125,78.88044751394352,1460.0,0.0,473.875,640.6457540192217,68.46841750492146,0.26589676700940373,4011581.9333333336,1.5448628310276248E7,5.9854909E7,13.0,318779.0,45539.857142857145,55196.849259200084,119260.0,103.0,6.0088362E7,8584051.714285715,2.2622970269273322E7,5.988802E7,13.0,0,0,0,0,180,172,0.13294838350470187,0.13294838350470187,0.0,1460.0,242.35294117647052,482.703317418742,233002.4926470588,0,0,0,1,0,0,0,0,1.0,257.5,41.125,473.875,180,0,0,0,0,0,0,8,329,8,3791,65535,60,2,20,318779.0,0.0,318779.0,318779.0,5.9854909E7,0.0,5.9854909E7,5.9854909E7,BENIGN
162.208.20.178-10.42.0.42-443-42660-6,10.42.0.42,42660,162.208.20.178,443,6,21/06/2017 08:56:19,60187527,2,2,0.0,0.0,0.0,0.0,0.0,0.0,0.0,0.0,0.0,0.0,0.0,0.06645895253347092,2.0062509E7,3.466089904968714E7,6.0085448E7,16568.0,102079.0,102079.0,0.0,102079.0,102079.0,6.0102016E7,6.0102016E7,0.0,6.0102016E7,6.0102016E7,0,0,0,0,60,52,0.03322947626673546,0.03322947626673546,0.0,0.0,0.0,0.0,0.0,0,0,0,1,0,0,0,0,1.0,0.0,0.0,0.0,60,0,0,0,0,0,0,2,0,2,0,65535,58,0,20,0,0,0,0,0,0,0,0,BENIGN
162.208.20.178-10.42.0.42-443-42660-6,10.42.0.42,42660,162.208.20.178,443,6,21/06/2017 08:57:20,2075177,2,0,0.0,0.0,0.0,0.0,0.0,0.0,0,0,0,0,0.0,0.9637732106707042,2075177.0,0.0,2075177.0,2075177.0,2075177.0,2075177.0,0.0,2075177.0,2075177.0,0,0,0,0,0,0,0,0,0,40,0,0.9637732106707042,0.0,0.0,0.0,0.0,0.0,0.0,0,0,0,0,1,0,0,0,0.0,0.0,0.0,0.0,40,0,0,0,0,0,0,2,0,0,0,1369,-1,0,20,0,0,0,0,0,0,0,0,BENIGN
10.42.0.42-98.139.180.180-42933-80-6,10.42.0.42,42933,98.139.180.180,80,6,21/06/2017 08:56:18,63554934,3,1,0.0,0.0,0.0,0.0,0.0,0.0,0.0,0.0,0.0,0.0,0.0,0.06293767844995322,2.1184978E7,3.6668168369354814E7,6.352573E7,4037.0,6.3554934E7,3.1777467E7,4.4898824116387926E7,6.352573E7,29204.0,0,0,0,0,0,0,0,0,0,80,32,0.04720325883746492,0.015734419612488306,0.0,0.0,0.0,0.0,0.0,0,0,0,1,0,0,0,0,0.0,0.0,0.0,0.0,80,0,0,0,0,0,0,3,0,1,0,65535,8192,0,20,0,0,0,0,0,0,0,0,BENIGN
10.42.0.42-98.139.180.180-42932-80-6,10.42.0.42,42932,98.139.180.180,80,6,21/06/2017 08:56:30,52207198,2,0,0.0,0.0,0.0,0.0,0.0,0.0,0,0,0,0,0.0,0.03830889372764269,5.2207198E7,0.0,5.2207198E7,5.2207198E7,5.2207198E7,5.2207198E7,0.0,5.2207198E7,5.2207198E7,0,0,0,0,0,0,0,0,0,40,0,0.03830889372764269,0.0,0.0,0.0,0.0,0.0,0.0,0,0,0,0,1,0,0,0,0.0,0.0,0.0,0.0,40,0,0,0,0,0,0,2,0,0,0,1386,-1,0,20,0,0,0,0,0,0,0,0,BENIGN
10.42.0.42-108.174.10.10-35581-80-6,10.42.0.42,35581,108.174.10.10,80,6,21/06/2017 08:57:22,299009,3,4,401.0,170.0,401.0,0.0,133.66666666666666,231.51745794503992,170.0,0.0,42.5,85.0,1909.6415158072164,23.410666568564825,49834.83333333333,91271.0119137871,234288.0,26.0,269648.0,134824.0,140663.33776787753,234288.0,35360.0,270620.0,90206.66666666666,155414.40228091262,269663.0,26.0,0,0,0,0,104,136,10.033142815099211,13.377523753465614,0.0,401.0,71.37500000000001,145.86974375399836,21277.98214285714,0,0,0,1,0,0,0,0,1.0,81.57142857142857,133.66666666666666,42.5,104,0,0,0,0,0,0,3,401,4,170,65535,16,1,32,0,0,0,0,0,0,0,0,BENIGN
10.42.0.42-63.250.200.41-35219-443-6,10.42.0.42,35219,63.250.200.41,443,6,21/06/2017 08:56:19,62863843,8,6,329.0,3990.0,203.0,0.0,41.125,78.88044751394352,1448.0,0.0,665.0,676.3924896093984,68.70404025410919,0.22270353404897628,4835680.230769231,1.7388207271333434E7,6.2707112E7,11.0,6.2863843E7,8980549.0,2.369120070657388E7,6.2707112E7,1582.0,83058.0,16611.6,19878.308939645747,45122.0,11.0,0,0,0,0,264,200,0.12725916231370074,0.09544437173527555,0.0,1448.0,287.9333333333334,517.8516702502295,268170.3523809524,0,0,0,1,0,0,0,0,0.0,308.5,41.125,665.0,264,0,0,0,0,0,0,8,329,6,3990,65535,122,2,32,0,0,0,0,0,0,0,0,BENIGN
10.42.0.42-76.13.28.70-37018-443-6,10.42.0.42,37018,76.13.28.70,443,6,21/06/2017 08:56:19,62871001,9,7,335.0,4867.0,209.0,0.0,37.22222222222222,76.71990904872375,1448.0,0.0,695.2857142857143,654.6675273973588,82.74084899650317,0.25448934716340843,4191400.0666666664,1.6194748166069908E7,6.2731908E7,10.0,6.2871001E7,7858875.125,2.2172062234636012E7,6.2731908E7,259.0,80081.0,13346.833333333334,18600.178863835336,44258.0,10.0,0,0,0,0,296,232,0.14315025777941726,0.1113390893839912,0.0,1448.0,306.0,525.7873857368585,276452.375,0,0,0,1,0,0,0,0,0.0,325.125,37.22222222222222,695.2857142857143,296,0,0,0,0,0,0,9,335,7,4867,65535,61,2,32,0,0,0,0,0,0,0,0,BENIGN
10.42.0.42-108.174.10.10-35581-80-6,10.42.0.42,35581,108.174.10.10,80,6,21/06/2017 08:57:22,14967,2,0,0.0,0.0,0.0,0.0,0.0,0.0,0,0,0,0,0.0,133.62731342286364,14967.0,0.0,14967.0,14967.0,14967.0,14967.0,0.0,14967.0,14967.0,0,0,0,0,0,0,0,0,0,64,0,133.62731342286364,0.0,0.0,0.0,0.0,0.0,0.0,0,0,0,0,1,0,0,0,0.0,0.0,0.0,0.0,64,0,0,0,0,0,0,2,0,0,0,1386,-1,0,32,0,0,0,0,0,0,0,0,BENIGN
10.42.0.42-76.13.28.196-42641-443-6,10.42.0.42,42641,76.13.28.196,443,6,21/06/2017 08:56:24,90543513,8,12,855.0,6668.0,522.0,0.0,106.875,185.09876707160578,1448.0,0.0,555.6666666666667,638.0309672355372,83.08712298362003,0.2208882705931677,4765448.052631578,2.072943044839962E7,9.036727E7,2.0,176216.0,25173.714285714286,19934.069501854403,56640.0,340.0,9.0518428E7,8228948.0,2.7244851037087526E7,9.0375238E7,2.0,0,0,0,0,264,392,0.08835530823726709,0.13253296235590062,0.0,1448.0,358.2380952380953,539.4111516053321,290964.3904761905,0,0,0,1,0,0,0,0,1.0,376.15,106.875,555.6666666666666,264,0,0,0,0,0,0,8,855,12,6668,65535,65,3,32,176216.0,0.0,176216.0,176216.0,9.036727E7,0.0,9.036727E7,9.036727E7,BENIGN
172.217.10.13-10.42.0.42-443-38631-6,172.217.10.13,443,10.42.0.42,38631,6,21/06/2017 08:58:11,13,2,0,55.0,0.0,55.0,0.0,27.5,38.890872965260115,0,0,0,0,4230769.230769231,153846.15384615384,13.0,0.0,13.0,13.0,13.0,13.0,0.0,13.0,13.0,0,0,0,0,0,1,0,0,0,64,0,153846.15384615384,0.0,0.0,55.0,36.66666666666667,31.754264805429415,1008.3333333333333,0,1,0,0,1,0,0,0,0.0,55.0,27.5,0.0,64,0,0,0,0,0,0,2,55,0,0,349,-1,0,32,0,0,0,0,0,0,0,0,BENIGN
172.217.7.195-10.42.0.42-443-43356-6,172.217.7.195,443,10.42.0.42,43356,6,21/06/2017 08:58:11,28,2,0,55.0,0.0,55.0,0.0,27.5,38.890872965260115,0,0,0,0,1964285.7142857143,71428.57142857143,28.0,0.0,28.0,28.0,28.0,28.0,0.0,28.0,28.0,0,0,0,0,0,1,0,0,0,64,0,71428.57142857143,0.0,0.0,55.0,36.66666666666667,31.754264805429415,1008.3333333333333,0,1,0,0,1,0,0,0,0.0,55.0,27.5,0.0,64,0,0,0,0,0,0,2,55,0,0,340,-1,0,32,0,0,0,0,0,0,0,0,BENIGN
172.217.10.13-10.42.0.42-443-38631-6,172.217.10.13,443,10.42.0.42,38631,6,21/06/2017 08:58:11,133260,1,3,0.0,0.0,0.0,0.0,0.0,0.0,0.0,0.0,0.0,0.0,0.0,30.016509079993998,44420.0,73629.5893781841,129432.0,896.0,0,0,0,0,0,3828.0,1914.0,1439.6694064958108,2932.0,896.0,0,0,0,0,32,108,7.5041272699984995,22.5123818099955,0.0,0.0,0.0,0.0,0.0,0,0,0,0,1,1,0,0,3.0,0.0,0.0,0.0,32,0,0,0,0,0,0,1,0,3,0,349,1548,0,32,0,0,0,0,0,0,0,0,BENIGN
172.217.7.195-10.42.0.42-443-43356-6,10.42.0.42,43356,172.217.7.195,443,6,21/06/2017 08:58:11,331,2,0,0.0,0.0,0.0,0.0,0.0,0.0,0,0,0,0,0.0,6042.296072507553,331.0,0.0,331.0,331.0,331.0,331.0,0.0,331.0,331.0,0,0,0,0,0,0,0,0,0,64,0,6042.296072507553,0.0,0.0,0.0,0.0,0.0,0.0,0,0,0,0,1,0,0,0,0.0,0.0,0.0,0.0,64,0,0,0,0,0,0,2,0,0,0,1549,-1,0,32,0,0,0,0,0,0,0,0,BENIGN
172.217.3.99-10.42.0.42-443-37891-6,172.217.3.99,443,10.42.0.42,37891,6,21/06/2017 08:58:12,28,2,0,55.0,0.0,55.0,0.0,27.5,38.890872965260115,0,0,0,0,1964285.7142857143,71428.57142857143,28.0,0.0,28.0,28.0,28.0,28.0,0.0,28.0,28.0,0,0,0,0,0,1,0,0,0,64,0,71428.57142857143,0.0,0.0,55.0,36.66666666666667,31.754264805429415,1008.3333333333333,0,1,0,0,1,0,0,0,0.0,55.0,27.5,0.0,64,0,0,0,0,0,0,2,55,0,0,360,-1,0,32,0,0,0,0,0,0,0,0,BENIGN
172.217.3.99-10.42.0.42-443-37891-6,172.217.3.99,443,10.42.0.42,37891,6,21/06/2017 08:58:12,30593,1,2,0.0,0.0,0.0,0.0,0.0,0.0,0.0,0.0,0.0,0.0,0.0,98.06164808943223,15296.5,20140.522448536434,29538.0,1055.0,0,0,0,0,0,1055.0,1055.0,0.0,1055.0,1055.0,0,0,0,0,32,76,32.68721602981074,65.37443205962148,0.0,0.0,0.0,0.0,0.0,0,0,0,0,1,1,0,0,2.0,0.0,0.0,0.0,32,0,0,0,0,0,0,1,0,2,0,360,1594,0,32,0,0,0,0,0,0,0,0,BENIGN
10.42.0.42-108.174.10.10-35580-80-6,10.42.0.42,35580,108.174.10.10,80,6,21/06/2017 08:57:22,52569453,3,1,0.0,0.0,0.0,0.0,0.0,0.0,0.0,0.0,0.0,0.0,0.0,0.07608981588604317,1.7523151E7,3.0320137752991147E7,5.2533828E7,6616.0,5.2569453E7,2.62847265E7,3.7121835341407955E7,5.2533828E7,35625.0,0,0,0,0,0,0,0,0,0,104,40,0.05706736191453238,0.019022453971510794,0.0,0.0,0.0,0.0,0.0,0,0,0,1,0,0,0,0,0.0,0.0,0.0,0.0,104,0,0,0,0,0,0,3,0,1,0,65535,65160,0,32,0,0,0,0,0,0,0,0,BENIGN
10.42.0.42-69.147.82.61-35523-443-6,10.42.0.42,35523,69.147.82.61,443,6,21/06/2017 08:56:20,115871807,18,32,880.0,29445.0,273.0,0.0,48.8888888888889,78.13102787202962,1448.0,0.0,920.1562500000002,642.4725981040095,261.7116344789548,0.43151135116068395,2364730.7551020407,1.6511965473154683E7,1.1558961E8,5.0,282151.0,16597.117647058825,21451.24569192414,58256.0,31.0,1.15836647E8,3736666.032258065,2.0765925775706504E7,1.15626737E8,5.0,0,0,0,0,584,1032,0.15534408641784622,0.27616726474283776,0.0,1448.0,594.6078431372549,663.4036200815119,440104.36313725496,0,0,0,1,0,0,0,0,1.0,606.5,48.888888888888886,920.15625,584,0,0,0,0,0,0,18,880,32,29445,65535,65,8,32,282151.0,0.0,282151.0,282151.0,1.1558961E8,0.0,1.1558961E8,1.1558961E8,BENIGN
10.42.0.42-76.13.28.196-42641-443-6,10.42.0.42,42641,76.13.28.196,443,6,21/06/2017 08:57:55,20984432,2,0,0.0,0.0,0.0,0.0,0.0,0.0,0,0,0,0,0.0,0.09530875079201571,2.0984432E7,0.0,2.0984432E7,2.0984432E7,2.0984432E7,2.0984432E7,0.0,2.0984432E7,2.0984432E7,0,0,0,0,0,0,0,0,0,64,0,0.09530875079201571,0.0,0.0,0.0,0.0,0.0,0.0,0,0,0,0,1,0,0,0,0.0,0.0,0.0,0.0,64,0,0,0,0,0,0,2,0,0,0,1686,-1,0,32,0,0,0,0,0,0,0,0,BENIGN
10.42.0.42-69.147.82.61-35523-443-6,10.42.0.42,35523,69.147.82.61,443,6,21/06/2017 08:58:16,582,2,0,0.0,0.0,0.0,0.0,0.0,0.0,0,0,0,0,0.0,3436.426116838488,582.0,0.0,582.0,582.0,582.0,582.0,0.0,582.0,582.0,0,0,0,0,0,0,0,0,0,64,0,3436.426116838488,0.0,0.0,0.0,0.0,0.0,0.0,0,0,0,0,1,0,0,0,0.0,0.0,0.0,0.0,64,0,0,0,0,0,0,2,0,0,0,2410,-1,0,32,0,0,0,0,0,0,0,0,BENIGN
10.42.0.42-63.250.200.63-53187-443-6,10.42.0.42,53187,63.250.200.63,443,6,21/06/2017 08:56:23,115510670,13,17,735.0,8762.0,217.0,0.0,56.53846153846155,77.33651076584654,1448.0,0.0,515.4117647058824,621.0384507846042,82.21751289296478,0.2597162669041743,3983126.5517241377,2.14225648613747E7,1.1536909E8,8.0,141554.0,11796.166666666666,14994.55143366982,37315.0,46.0,1.15485414E8,7217838.375,2.8841261342452757E7,1.15372557E8,8.0,0,0,0,0,424,552,0.11254371565847553,0.14717255124569878,0.0,1448.0,306.3548387096775,512.8655800751367,263031.10322580644,0,0,0,1,0,0,0,0,1.0,316.56666666666666,56.53846153846154,515.4117647058823,424,0,0,0,0,0,0,13,735,17,8762,65535,65,7,32,141554.0,0.0,141554.0,141554.0,1.1536909E8,0.0,1.1536909E8,1.1536909E8,BENIGN
10.42.0.42-98.139.180.180-50972-443-6,10.42.0.42,50972,98.139.180.180,443,6,21/06/2017 08:56:19,5628470,111,190,4235.0,244372.0,1460.0,0.0,38.15315315315317,195.46351429815596,1460.0,0.0,1286.1684210526314,415.8679494484353,44169.55229396265,53.478121052435206,18761.566666666673,245786.40445884783,4239678.0,2.0,5628470.0,51167.9090909091,405305.7994606669,4239678.0,5.0,5597723.0,29617.58201058202,313310.77779036947,4285614.0,2.0,0,0,0,0,2240,3812,19.72116756418707,33.756953488248136,0.0,1460.0,823.2019867549666,698.1247608108233,487378.18165716925,0,0,0,1,0,0,0,0,1.0,825.936877076412,38.153153153153156,1286.1684210526316,2240,0,0,0,0,0,0,111,4235,190,244372,65535,93,12,20,0,0,0,0,0,0,0,0,BENIGN
10.42.0.42-98.139.180.180-50972-443-6,10.42.0.42,50972,98.139.180.180,443,6,21/06/2017 08:58:20,217,1,1,31.0,0.0,31.0,31.0,31.0,0.0,0.0,0.0,0.0,0.0,142857.14285714287,9216.589861751152,217.0,0.0,217.0,217.0,0,0,0,0,0,0,0,0,0,0,1,0,0,0,20,20,4608.294930875576,4608.294930875576,0.0,31.0,20.666666666666664,17.8978583448784,320.33333333333337,0,1,0,0,1,0,0,0,1.0,31.0,31.0,0.0,20,0,0,0,0,0,0,1,31,1,0,93,93,0,20,0,0,0,0,0,0,0,0,BENIGN
10.42.0.42-98.139.180.180-50972-443-6,10.42.0.42,50972,98.139.180.180,443,6,21/06/2017 08:58:20,148,2,0,0.0,0.0,0.0,0.0,0.0,0.0,0,0,0,0,0.0,13513.513513513513,148.0,0.0,148.0,148.0,148.0,148.0,0.0,148.0,148.0,0,0,0,0,0,0,0,0,0,40,0,13513.513513513513,0.0,0.0,0.0,0.0,0.0,0.0,0,0,0,0,1,0,0,0,0.0,0.0,0.0,0.0,40,0,0,0,0,0,0,2,0,0,0,8170,-1,0,20,0,0,0,0,0,0,0,0,BENIGN
10.42.0.42-69.147.82.61-35515-443-6,10.42.0.42,35515,69.147.82.61,443,6,21/06/2017 08:56:19,6151946,296,697,13599.0,948111.0,1448.0,0.0,45.94256756756757,196.97658833310967,1448.0,0.0,1360.2740315638443,295.1850010692964,156326.1446053005,161.41234009531294,6201.558467741937,57594.303128331645,1010113.0,0.0,6151946.0,20854.05423728814,104602.48064642062,1010113.0,3.0,6113617.0,8783.932471264368,73976.63946531393,1051215.0,1.0,0,0,0,0,9480,22312,48.1148566648667,113.29748343044623,0.0,1448.0,967.5150905432597,659.5322690903313,434982.8139714411,0,0,0,1,0,0,0,0,2.0,968.4894259818731,45.942567567567565,1360.274031563845,9480,0,0,0,0,0,0,296,13599,697,948111,65535,248,42,32,0,0,0,0,0,0,0,0,BENIGN
10.42.0.42-69.147.82.61-35515-443-6,10.42.0.42,35515,69.147.82.61,443,6,21/06/2017 08:58:21,26,1,1,31.0,0.0,31.0,31.0,31.0,0.0,0.0,0.0,0.0,0.0,1192307.6923076925,76923.07692307692,26.0,0.0,26.0,26.0,0,0,0,0,0,0,0,0,0,0,1,0,0,0,32,32,38461.53846153846,38461.53846153846,0.0,31.0,20.666666666666664,17.8978583448784,320.33333333333337,0,1,0,0,1,0,0,0,1.0,31.0,31.0,0.0,32,0,0,0,0,0,0,1,31,1,0,248,248,0,32,0,0,0,0,0,0,0,0,BENIGN
10.42.0.42-69.147.82.61-35515-443-6,10.42.0.42,35515,69.147.82.61,443,6,21/06/2017 08:58:21,63,2,0,0.0,0.0,0.0,0.0,0.0,0.0,0,0,0,0,0.0,31746.031746031746,63.0,0.0,63.0,63.0,63.0,63.0,0.0,63.0,63.0,0,0,0,0,0,0,0,0,0,64,0,31746.031746031746,0.0,0.0,0.0,0.0,0.0,0.0,0,0,0,0,1,0,0,0,0.0,0.0,0.0,0.0,64,0,0,0,0,0,0,2,0,0,0,8170,-1,0,32,0,0,0,0,0,0,0,0,BENIGN
10.42.0.42-74.125.192.188-54919-5228-6,10.42.0.42,54919,74.125.192.188,5228,6,21/06/2017 08:56:22,69015626,4,2,2118.0,676.0,1059.0,0.0,529.5,611.4139350718137,338.0,338.0,338.0,0.0,40.48358555785613,0.08693683369618353,1.38031252E7,3.0702731538891092E7,6.8725802E7,9862.0,6.9015626E7,2.3005208666666664E7,3.959522232724744E7,6.8725802E7,98651.0,6.8823923E7,6.8823923E7,0.0,6.8823923E7,6.8823923E7,1,0,0,0,128,64,0.057957889130789024,0.028978944565394512,0.0,1059.0,550.4285714285714,495.33317310770974,245354.95238095234,0,1,0,0,1,0,0,0,0.0,642.1666666666666,529.5,338.0,128,0,0,0,0,0,0,4,2118,2,676,1727,442,1,32,98651.0,0.0,98651.0,98651.0,6.8725802E7,0.0,6.8725802E7,6.8725802E7,BENIGN
8.0.6.4-8.6.0.1-0-0-0,8.6.0.1,0,8.0.6.4,0,0,21/06/2017 08:56:23,96841833,6,0,0.0,0.0,0.0,0.0,0.0,0.0,0,0,0,0,0.0,0.06195669592499349,1.93683666E7,2.8108850792370282E7,6.1694132E7,1743.0,9.6841833E7,1.93683666E7,2.8108850792370282E7,6.1694132E7,1743.0,0,0,0,0,0,0,0,0,0,0,0,0.06195669592499349,0.0,0.0,0.0,0.0,0.0,0.0,0,0,0,0,0,0,0,0,0.0,0.0,0.0,0.0,0,0,0,0,0,0,0,6,0,0,0,-1,-1,0,0,1776.0,46.66904755831214,1809.0,1743.0,4.83822215E7,1.8825884370196808E7,6.1694132E7,3.5070311E7,BENIGN
169.47.42.102-10.42.0.42-5222-38019-6,10.42.0.42,38019,169.47.42.102,5222,6,21/06/2017 08:56:33,116739428,41,37,1197.0,819.0,259.0,0.0,29.195121951219512,59.853663009123814,67.0,0.0,22.135135135135144,25.800691379799794,17.269229724168255,0.6681547214707956,1516096.4675324673,6367830.49557334,4.102029E7,176.0,1.16739428E8,2918485.7000000007,8655324.288859205,4.102029E7,2784.0,1.16664249E8,3240673.583333332,9105695.132841142,4.1127961E7,176.0,1,0,0,0,1312,1184,0.3512095330808028,0.3169451883899928,0.0,259.0,25.55696202531645,46.51268005648568,2163.4294060370007,0,1,0,0,1,0,0,0,0.0,25.884615384615383,29.195121951219512,22.135135135135137,1312,0,0,0,0,0,0,41,1197,37,819,1386,514,27,32,1890633.0,2047140.8394110715,4072272.0,127723.0,2.65153935E7,1.1967324676100794E7,4.102029E7,1.6301638E7,BENIGN
10.42.0.42-88.212.196.124-39781-443-6,10.42.0.42,39781,88.212.196.124,443,6,21/06/2017 08:58:17,17845436,9,8,1467.0,4131.0,493.0,0.0,163.0,209.4552458163796,1448.0,0.0,516.3750000000001,593.1321070626437,313.69365253950645,0.9526245253968578,1115339.75,4225914.473118665,1.6960468E7,44.0,883637.0,110454.625,91527.73751622667,193959.0,532.0,1.7695522E7,2527931.714285714,6382092.73804282,1.6999958E7,44.0,0,0,0,0,296,264,0.5043306310924541,0.4482938943044037,0.0,1448.0,311.0,450.1568354147121,202641.1764705882,0,0,0,1,0,0,0,0,0.0,329.29411764705884,163.0,516.375,296,0,0,0,0,0,0,9,1467,8,4131,65535,543,4,32,883637.0,0.0,883637.0,883637.0,1.6960468E7,0.0,1.6960468E7,1.6960468E7,BENIGN
10.42.0.42-88.212.196.124-39782-443-6,10.42.0.42,39782,88.212.196.124,443,6,21/06/2017 08:58:17,40573616,8,6,522.0,3090.0,318.0,0.0,65.25,124.60193761391858,1448.0,0.0,515.0,705.3189349507072,89.02336927524527,0.3450518188962995,3121047.384615385,7504060.347830272,2.0747911E7,65.0,2.1291121E7,3041588.7142857146,7824112.731598596,2.0783984E7,182.0,4.0423509E7,8084701.8,1.0935678508582342E7,2.0782425E7,65.0,0,0,0,0,264,188,0.19717246794074256,0.14787935095555693,0.0,1448.0,240.79999999999995,489.2920833787757,239406.74285714282,0,0,0,1,0,0,0,0,0.0,258.0,65.25,515.0,264,0,0,0,0,0,0,8,522,6,3090,65535,543,2,32,507137.0,0.0,507137.0,507137.0,2.0747911E7,0.0,2.0747911E7,2.0747911E7,BENIGN
10.42.0.42-74.125.29.139-44795-443-6,74.125.29.139,443,10.42.0.42,44795,6,21/06/2017 08:59:02,255717,2,1,0.0,0.0,0.0,0.0,0.0,0.0,0.0,0.0,0.0,0.0,0.0,11.731719048792218,127858.5,165769.1640339059,245075.0,10642.0,255717.0,255717.0,0.0,255717.0,255717.0,0,0,0,0,0,0,0,0,0,64,32,7.821146032528145,3.9105730162640726,0.0,0.0,0.0,0.0,0.0,0,0,0,0,1,1,0,0,0.0,0.0,0.0,0.0,64,0,0,0,0,0,0,2,0,1,0,359,1452,0,32,0,0,0,0,0,0,0,0,BENIGN
10.42.0.42-95.213.11.133-37164-80-6,10.42.0.42,37164,95.213.11.133,80,6,21/06/2017 08:58:15,53477611,3,1,0.0,0.0,0.0,0.0,0.0,0.0,0.0,0.0,0.0,0.0,0.0,0.0747976569110389,1.7825870333333332E7,3.0749304660054106E7,5.3332025E7,5915.0,5.3477611E7,2.67388055E7,3.760849168406466E7,5.3332025E7,145586.0,0,0,0,0,0,0,0,0,0,104,40,0.056098242683279176,0.018699414227759725,0.0,0.0,0.0,0.0,0.0,0,0,0,1,0,0,0,0,0.0,0.0,0.0,0.0,104,0,0,0,0,0,0,3,0,1,0,65535,27960,0,32,0,0,0,0,0,0,0,0,BENIGN
10.42.0.42-95.213.11.181-36897-80-6,10.42.0.42,36897,95.213.11.181,80,6,21/06/2017 08:58:15,53809389,3,1,0.0,0.0,0.0,0.0,0.0,0.0,0.0,0.0,0.0,0.0,0.0,0.07433646942172117,1.7936463E7,3.0945355647643268E7,5.3669E7,3969.0,5.3809389E7,2.69046945E7,3.7850443825596824E7,5.3669E7,140389.0,0,0,0,0,0,0,0,0,0,104,40,0.05575235206629088,0.018584117355430294,0.0,0.0,0.0,0.0,0.0,0,0,0,1,0,0,0,0,0.0,0.0,0.0,0.0,104,0,0,0,0,0,0,3,0,1,0,65535,27960,0,32,0,0,0,0,0,0,0,0,BENIGN
10.42.0.42-95.213.11.181-36894-80-6,10.42.0.42,36894,95.213.11.181,80,6,21/06/2017 08:58:14,54461049,3,1,0.0,0.0,0.0,0.0,0.0,0.0,0.0,0.0,0.0,0.0,0.0,0.07344698777285762,1.8153683E7,3.1321562091100134E7,5.4320622E7,2064.0,5.4461049E7,2.72305245E7,3.831118329050948E7,5.4320622E7,140427.0,0,0,0,0,0,0,0,0,0,104,40,0.055085240829643216,0.018361746943214404,0.0,0.0,0.0,0.0,0.0,0,0,0,1,0,0,0,0,0.0,0.0,0.0,0.0,104,0,0,0,0,0,0,3,0,1,0,65535,27960,0,32,0,0,0,0,0,0,0,0,BENIGN
10.42.0.42-36.110.213.49-34210-80-6,10.42.0.42,34210,36.110.213.49,80,6,21/06/2017 08:59:09,766479,3,4,395.0,376.0,395.0,0.0,131.66666666666666,228.05335632990216,376.0,0.0,94.0,187.99999999999997,1005.8984003475633,9.132670301469446,127746.5,177312.69243542606,355084.0,27.0,411273.0,205636.5,290051.6661088159,410734.0,539.0,411395.0,137131.6666666667,237227.20563277166,411058.0,27.0,0,0,0,0,80,92,3.91400155777262,5.218668743696827,0.0,395.0,96.375,178.5240580025961,31870.83928571429,0,0,0,1,0,0,0,0,1.0,110.14285714285714,131.66666666666666,94.0,80,0,0,0,0,0,0,3,395,4,376,65535,123,1,20,0,0,0,0,0,0,0,0,BENIGN
10.42.0.42-36.110.213.49-34210-80-6,10.42.0.42,34210,36.110.213.49,80,6,21/06/2017 08:59:10,13896,2,0,0.0,0.0,0.0,0.0,0.0,0.0,0,0,0,0,0.0,143.92630972941853,13896.0,0.0,13896.0,13896.0,13896.0,13896.0,0.0,13896.0,13896.0,0,0,0,0,0,0,0,0,0,40,0,143.92630972941853,0.0,0.0,0.0,0.0,0.0,0.0,0,0,0,0,1,0,0,0,0.0,0.0,0.0,0.0,40,0,0,0,0,0,0,2,0,0,0,1386,-1,0,20,0,0,0,0,0,0,0,0,BENIGN
10.42.0.42-36.110.213.49-56843-443-6,10.42.0.42,56843,36.110.213.49,443,6,21/06/2017 08:59:10,3553044,43,61,752.0,79635.0,428.0,0.0,17.488372093023255,73.21084101774078,1460.0,0.0,1305.4918032786886,421.9337871811492,22624.825361014387,29.27067607381164,34495.57281553396,96232.87338367524,357504.0,2.0,3544094.0,84383.1904761905,157118.7090347401,455426.0,2.0,3198163.0,53302.716666666696,132837.04123003068,452802.0,3.0,0,0,0,0,1360,1232,12.102298761287505,17.168377312524136,0.0,1460.0,765.5904761904762,716.1547251069703,512877.5902930402,0,0,0,1,0,0,0,0,1.0,772.9519230769231,17.488372093023255,1305.4918032786886,1360,0,0,0,0,0,0,43,752,61,79635,65535,131,3,20,0,0,0,0,0,0,0,0,BENIGN
10.42.0.42-36.110.213.49-56843-443-6,10.42.0.42,56843,36.110.213.49,443,6,21/06/2017 08:59:13,338219,3,0,0.0,0.0,0.0,0.0,0.0,0.0,0,0,0,0,0.0,8.869992519639641,169109.5,239060.78190389153,338151.0,68.0,338219.0,169109.5,239060.78190389153,338151.0,68.0,0,0,0,0,0,0,0,0,0,96,0,8.869992519639641,0.0,0.0,0.0,0.0,0.0,0.0,0,0,0,0,1,0,0,0,0.0,0.0,0.0,0.0,96,0,0,0,0,0,0,3,0,0,0,3194,-1,0,32,0,0,0,0,0,0,0,0,BENIGN
10.42.0.42-98.139.199.204-42677-443-6,10.42.0.42,42677,98.139.199.204,443,6,21/06/2017 08:56:22,59957046,61,50,19499.0,13203.0,1448.0,0.0,319.65573770491807,503.8828860375495,1448.0,0.0,264.06000000000006,396.44977600947027,545.4238022333523,1.8513253638279645,545064.0545454544,4989727.401514572,5.2227316E7,7.0,5.9957046E7,999284.1000000001,6747997.430301835,5.2227316E7,7.0,5.9926984E7,1222999.6734693877,7468048.954073112,5.2259815E7,9.0,0,0,0,0,1960,1608,1.0173950197613137,0.8339303440666507,0.0,1448.0,291.98214285714283,456.2506617473736,208164.66634491633,0,0,0,1,0,0,0,0,0.0,294.6126126126126,319.655737704918,264.06,1960,0,0,0,0,0,0,61,19499,50,13203,65535,251,32,32,7066100.0,0.0,7066100.0,7066100.0,5.2227316E7,0.0,5.2227316E7,5.2227316E7,BENIGN
10.42.0.42-98.139.199.204-42677-443-6,10.42.0.42,42677,98.139.199.204,443,6,21/06/2017 08:59:18,28,1,1,31.0,0.0,31.0,31.0,31.0,0.0,0.0,0.0,0.0,0.0,1107142.857142857,71428.57142857143,28.0,0.0,28.0,28.0,0,0,0,0,0,0,0,0,0,0,1,0,0,0,32,32,35714.28571428572,35714.28571428572,0.0,31.0,20.666666666666664,17.8978583448784,320.33333333333337,0,1,0,0,1,0,0,0,1.0,31.0,31.0,0.0,32,0,0,0,0,0,0,1,31,1,0,251,251,0,32,0,0,0,0,0,0,0,0,BENIGN
10.42.0.42-98.139.199.204-42677-443-6,10.42.0.42,42677,98.139.199.204,443,6,21/06/2017 08:59:18,75,2,0,0.0,0.0,0.0,0.0,0.0,0.0,0,0,0,0,0.0,26666.666666666668,75.0,0.0,75.0,75.0,75.0,75.0,0.0,75.0,75.0,0,0,0,0,0,0,0,0,0,64,0,26666.666666666668,0.0,0.0,0.0,0.0,0.0,0.0,0,0,0,0,1,0,0,0,0.0,0.0,0.0,0.0,64,0,0,0,0,0,0,2,0,0,0,2138,-1,0,32,0,0,0,0,0,0,0,0,BENIGN
217.69.136.175-10.42.0.42-443-56778-6,10.42.0.42,56778,217.69.136.175,443,6,21/06/2017 08:58:18,60832015,11,9,1448.0,4301.0,488.0,0.0,131.63636363636365,195.4785270699944,1448.0,0.0,477.88888888888897,584.2504695001204,94.5061576539919,0.3287742482309685,3201685.0,1.374476096318291E7,5.9959824E7,27.0,872164.0,87216.40000000001,90032.46428705592,197875.0,60.0,6.0682418E7,7585302.25,2.1179120019958828E7,6.0000524E7,27.0,0,0,0,0,360,296,0.18082583652703269,0.14794841170393583,0.0,1448.0,273.76190476190476,435.03217177145706,189252.99047619052,0,0,0,1,0,0,0,0,0.0,287.45,131.63636363636363,477.8888888888889,360,0,0,0,0,0,0,11,1448,9,4301,65535,6128,4,32,872164.0,0.0,872164.0,872164.0,5.9959824E7,0.0,5.9959824E7,5.9959824E7,BENIGN
10.42.0.42-36.110.213.49-34217-80-6,10.42.0.42,34217,36.110.213.49,80,6,21/06/2017 08:59:13,5612737,9,9,394.0,8234.0,394.0,0.0,43.77777777777777,131.33333333333334,1460.0,0.0,914.8888888888889,706.8557923021577,1537.2179384140036,3.206991526593888,330161.0,1077970.9582781557,4483682.0,6.0,1129055.0,141131.875,193864.51744337738,393199.0,6.0,5257605.0,657200.625,1601210.765754281,4602921.0,13.0,0,0,0,0,236,192,1.603495763296944,1.603495763296944,0.0,1460.0,454.1052631578948,656.9107748255248,431531.7660818713,0,0,0,1,0,0,0,0,1.0,479.3333333333333,43.77777777777778,914.8888888888889,236,0,0,0,0,0,0,9,394,9,8234,65535,123,1,20,0,0,0,0,0,0,0,0,BENIGN
10.42.0.42-36.110.213.49-34211-80-6,10.42.0.42,34211,36.110.213.49,80,6,21/06/2017 08:59:09,10665749,2,2,0.0,0.0,0.0,0.0,0.0,0.0,0.0,0.0,0.0,0.0,0.0,0.3750322644945048,3555249.6666666665,5804121.50418798,1.0255033E7,55345.0,410716.0,410716.0,0.0,410716.0,410716.0,1.0310378E7,1.0310378E7,0.0,1.0310378E7,1.0310378E7,0,0,0,0,60,52,0.1875161322472524,0.1875161322472524,0.0,0.0,0.0,0.0,0.0,0,0,0,1,0,0,0,0,1.0,0.0,0.0,0.0,60,0,0,0,0,0,0,2,0,2,0,65535,115,0,20,0,0,0,0,0,0,0,0,BENIGN
10.42.0.42-36.110.213.49-56844-443-6,10.42.0.42,56844,36.110.213.49,443,6,21/06/2017 08:59:10,10666102,8,8,324.0,4567.0,198.0,0.0,40.5,77.42092740338364,1460.0,0.0,570.875,670.819847542649,458.5555247830932,1.500079410453791,711073.4666666667,2302395.636626396,9015386.0,3.0,1650716.0,235816.57142857145,220473.4969142982,455380.0,13.0,1.0311047E7,1473006.7142857143,3362322.4606161593,9083783.0,3.0,0,0,0,0,180,172,0.7500397052268954,0.7500397052268954,0.0,1460.0,287.7058823529412,524.7077477875043,275318.22058823524,0,0,0,1,0,0,0,0,1.0,305.6875,40.5,570.875,180,0,0,0,0,0,0,8,324,8,4567,65535,123,2,20,0,0,0,0,0,0,0,0,BENIGN
183.56.172.229-10.42.0.42-80-33565-6,10.42.0.42,33565,183.56.172.229,80,6,21/06/2017 08:59:16,4495572,2,2,0.0,0.0,0.0,0.0,0.0,0.0,0.0,0.0,0.0,0.0,0.0,0.889764417075291,1498524.0,2386025.4471553736,4250143.0,2041.0,245429.0,245429.0,0.0,245429.0,245429.0,4252184.0,4252184.0,0.0,4252184.0,4252184.0,0,0,0,0,60,52,0.4448822085376455,0.4448822085376455,0.0,0.0,0.0,0.0,0.0,0,0,0,1,0,0,0,0,1.0,0.0,0.0,0.0,60,0,0,0,0,0,0,2,0,2,0,65535,183,0,20,0,0,0,0,0,0,0,0,BENIGN
10.42.0.42-36.110.213.49-56845-443-6,10.42.0.42,56845,36.110.213.49,443,6,21/06/2017 08:59:10,10885442,2,2,0.0,0.0,0.0,0.0,0.0,0.0,0.0,0.0,0.0,0.0,0.0,0.36746325964531346,3628480.6666666665,5826750.776869587,1.0355822E7,174347.0,529620.0,529620.0,0.0,529620.0,529620.0,1.0530169E7,1.0530169E7,0.0,1.0530169E7,1.0530169E7,0,0,0,0,60,52,0.18373162982265673,0.18373162982265673,0.0,0.0,0.0,0.0,0.0,0,0,0,1,0,0,0,0,1.0,0.0,0.0,0.0,60,0,0,0,0,0,0,2,0,2,0,65535,115,0,20,0,0,0,0,0,0,0,0,BENIGN
10.42.0.42-36.110.213.49-34215-80-6,10.42.0.42,34215,36.110.213.49,80,6,21/06/2017 08:59:13,11648485,3,2,0.0,0.0,0.0,0.0,0.0,0.0,0.0,0.0,0.0,0.0,0.0,0.42924036902653,2912121.25,4979402.185406891,1.0355982E7,41533.0,1292503.0,646251.5,494643.1137502068,996017.0,296486.0,1.0397515E7,1.0397515E7,0.0,1.0397515E7,1.0397515E7,0,0,0,0,100,52,0.25754422141591804,0.171696147610612,0.0,0.0,0.0,0.0,0.0,0,0,0,1,0,0,0,0,0.0,0.0,0.0,0.0,100,0,0,0,0,0,0,3,0,2,0,65535,115,0,20,0,0,0,0,0,0,0,0,BENIGN
172.217.11.35-10.42.0.42-443-52408-6,172.217.11.35,443,10.42.0.42,52408,6,21/06/2017 08:59:26,23,2,0,55.0,0.0,55.0,0.0,27.5,38.890872965260115,0,0,0,0,2391304.347826087,86956.52173913043,23.0,0.0,23.0,23.0,23.0,23.0,0.0,23.0,23.0,0,0,0,0,0,1,0,0,0,64,0,86956.52173913043,0.0,0.0,55.0,36.66666666666667,31.754264805429415,1008.3333333333333,0,1,0,0,1,0,0,0,0.0,55.0,27.5,0.0,64,0,0,0,0,0,0,2,55,0,0,349,-1,0,32,0,0,0,0,0,0,0,0,BENIGN
172.217.11.35-10.42.0.42-443-52408-6,172.217.11.35,443,10.42.0.42,52408,6,21/06/2017 08:59:26,83751,1,3,0.0,0.0,0.0,0.0,0.0,0.0,0.0,0.0,0.0,0.0,0.0,47.76062375374622,27917.0,46344.68018014581,81416.0,62.0,0,0,0,0,0,2335.0,1167.5,1563.4130932034566,2273.0,62.0,0,0,0,0,32,108,11.940155938436556,35.82046781530966,0.0,0.0,0.0,0.0,0.0,0,0,0,0,1,1,0,0,3.0,0.0,0.0,0.0,32,0,0,0,0,0,0,1,0,3,0,349,1549,0,32,0,0,0,0,0,0,0,0,BENIGN
172.217.10.13-10.42.0.42-443-38666-6,172.217.10.13,443,10.42.0.42,38666,6,21/06/2017 08:59:26,143,2,0,55.0,0.0,55.0,0.0,27.5,38.890872965260115,0,0,0,0,384615.3846153846,13986.013986013986,143.0,0.0,143.0,143.0,143.0,143.0,0.0,143.0,143.0,0,0,0,0,0,1,0,0,0,64,0,13986.013986013986,0.0,0.0,55.0,36.66666666666667,31.754264805429415,1008.3333333333333,0,1,0,0,1,0,0,0,0.0,55.0,27.5,0.0,64,0,0,0,0,0,0,2,55,0,0,340,-1,0,32,0,0,0,0,0,0,0,0,BENIGN
183.56.172.229-10.42.0.42-80-33561-6,10.42.0.42,33561,183.56.172.229,80,6,21/06/2017 08:59:16,10580761,8,12,372.0,10226.0,372.0,0.0,46.50000000000001,131.52186130069785,1460.0,0.0,852.1666666666666,690.8084635652152,1001.6292778940947,1.8902232079526227,556882.1578947369,2232344.183908507,9765869.0,4.0,484939.0,69277.0,117291.67961965589,242987.0,12.0,1.0343828E7,940348.0,2929415.625362369,9765869.0,4.0,0,0,0,0,180,252,0.7560892831810491,1.1341339247715736,0.0,1460.0,504.66666666666663,661.5724702051418,437678.1333333333,0,0,0,1,0,0,0,0,1.0,529.9,46.5,852.1666666666666,180,0,0,0,0,0,0,8,372,12,10226,65535,206,1,20,0,0,0,0,0,0,0,0,BENIGN
183.56.172.229-10.42.0.42-80-33562-6,10.42.0.42,33562,183.56.172.229,80,6,21/06/2017 08:59:16,10603257,8,12,372.0,8868.0,372.0,0.0,46.50000000000001,131.52186130069785,1460.0,0.0,739.0,703.5692122056197,871.4303538997499,1.886212887228896,558066.1578947369,2233536.6936442167,9774568.0,3.0,739872.0,105696.0,125926.08763874148,248783.0,1009.0,1.0357357E7,941577.9090909091,2931093.9248248753,9774568.0,3.0,0,0,0,0,192,252,0.7544851548915583,1.1317277323373376,0.0,1460.0,440.0000000000001,635.2693129689171,403567.0999999999,0,0,0,1,0,0,0,0,1.0,462.0,46.5,739.0,192,0,0,0,0,0,0,8,372,12,8868,65535,206,1,20,0,0,0,0,0,0,0,0,BENIGN
10.42.0.42-121.12.98.63-60422-80-6,10.42.0.42,60422,121.12.98.63,80,6,21/06/2017 08:59:16,10607161,4,5,372.0,2077.0,372.0,0.0,93.0,186.0,1460.0,0.0,415.4,642.1649320852082,230.88175997328597,0.8484833972068493,1325895.125,3555992.342876154,1.0122557E7,11.0,484604.0,161534.66666666666,139714.2489237706,243445.0,213.0,1.0367602E7,2591900.5,5026055.954301643,1.0129106E7,11.0,0,0,0,0,100,112,0.377103732091933,0.47137966511491625,0.0,1460.0,244.89999999999998,477.3669564508117,227879.21111111113,0,0,0,1,0,0,0,0,1.0,272.1111111111111,93.0,415.4,100,0,0,0,0,0,0,4,372,5,2077,65535,511,1,20,0,0,0,0,0,0,0,0,BENIGN
10.42.0.42-121.12.98.63-60423-80-6,10.42.0.42,60423,121.12.98.63,80,6,21/06/2017 08:59:16,10631147,11,18,372.0,21540.0,372.0,0.0,33.81818181818183,112.16222018292807,1460.0,0.0,1196.6666666666665,553.672232621856,2061.113443356582,2.727833600645349,379683.8214285715,1685735.6635346909,8927523.0,3.0,1703624.0,170362.40000000002,296242.57717327983,944487.0,6.0,1.0383606E7,610800.3529411764,2157654.571423793,8934000.0,3.0,0,0,0,0,252,372,1.0346955036930634,1.6931380969522856,0.0,1460.0,730.4,722.1008430864812,521429.6275862069,0,0,0,1,0,0,0,0,1.0,755.5862068965517,33.81818181818182,1196.6666666666667,252,0,0,0,0,0,0,11,372,18,21540,65535,511,1,20,0,0,0,0,0,0,0,0,BENIGN
10.42.0.42-121.12.98.63-60421-80-6,10.42.0.42,60421,121.12.98.63,80,6,21/06/2017 08:59:16,10639261,4,4,372.0,634.0,372.0,0.0,93.0,186.0,634.0,0.0,158.5,317.0,94.55543951783869,0.7519319245951387,1519894.4285714284,3797359.400455921,1.0127564E7,304.0,511697.0,170565.66666666666,147605.5541716955,262451.0,304.0,1.0390127E7,3463375.6666666665,5775014.11803723,1.0130115E7,669.0,0,0,0,0,100,92,0.37596596229756934,0.37596596229756934,0.0,634.0,111.77777777777777,231.27136537938378,53486.44444444444,0,0,0,1,0,0,0,0,1.0,125.75,93.0,158.5,100,0,0,0,0,0,0,4,372,4,634,65535,511,1,20,0,0,0,0,0,0,0,0,BENIGN
183.56.172.229-10.42.0.42-80-33573-6,10.42.0.42,33573,183.56.172.229,80,6,21/06/2017 08:59:16,10589004,8,10,372.0,4969.0,372.0,0.0,46.50000000000001,131.52186130069785,1460.0,0.0,496.9,682.540588943658,504.3911589796359,1.6998765889596417,622882.5882352941,2356301.73602507,9759882.0,3.0,738801.0,105543.0,124137.23935628663,245018.0,6.0,1.0345975E7,1149552.7777777778,3230403.7729618945,9759882.0,3.0,0,0,0,0,192,212,0.7555007062042852,0.9443758827553564,0.0,1460.0,281.1052631578947,542.5685716762077,294380.6549707602,0,0,0,1,0,0,0,0,1.0,296.72222222222223,46.5,496.9,192,0,0,0,0,0,0,8,372,10,4969,65535,206,1,20,0,0,0,0,0,0,0,0,BENIGN
183.56.172.229-10.42.0.42-80-33572-6,10.42.0.42,33572,183.56.172.229,80,6,21/06/2017 08:59:16,10603090,6,7,372.0,1966.0,372.0,0.0,62.00000000000001,151.86836405255704,1420.0,0.0,280.85714285714283,541.79652655815,220.5017593927808,1.2260576869572926,883590.8333333334,2799277.343958123,9766437.0,351.0,746213.0,149242.6,135795.1104837726,259569.0,351.0,1.0352008E7,1725334.6666666667,3940728.1066588024,9766437.0,2111.0,0,0,0,0,152,152,0.5658727785956735,0.6601849083616191,0.0,1420.0,167.00000000000003,398.20404510559854,158566.46153846156,0,0,0,1,0,0,0,0,1.0,179.84615384615384,62.0,280.85714285714283,152,0,0,0,0,0,0,6,372,7,1966,65535,206,1,20,0,0,0,0,0,0,0,0,BENIGN
10.42.0.42-121.12.98.63-60432-80-6,10.42.0.42,60432,121.12.98.63,80,6,21/06/2017 08:59:16,10490382,4,4,372.0,1419.0,372.0,0.0,93.0,186.0,1419.0,0.0,354.75,709.5,170.72781525019775,0.7626033065335466,1498625.9999999998,3741479.8567678626,9979684.0,531.0,510698.0,170232.66666666666,146782.3006541774,264422.0,1108.0,1.0247242E7,3415747.3333333335,5703016.42544157,9999483.0,531.0,0,0,0,0,100,92,0.3813016532667733,0.3813016532667733,0.0,1419.0,199.0,473.7531002537081,224442.00000000003,0,0,0,1,0,0,0,0,1.0,223.875,93.0,354.75,100,0,0,0,0,0,0,4,372,4,1419,65535,511,1,20,0,0,0,0,0,0,0,0,BENIGN
183.56.172.229-10.42.0.42-80-33575-6,10.42.0.42,33575,183.56.172.229,80,6,21/06/2017 08:59:16,10607077,5,9,372.0,4038.0,372.0,0.0,74.4,166.36345752598436,1460.0,0.0,448.66666666666663,620.0352812542202,415.760157110201,1.319873514635559,815929.0,2697418.0795868794,9787515.0,5.0,728118.0,182029.5,123281.21119483969,262246.0,111.0,1.0355138E7,1294392.25,3433154.4611359453,9787515.0,5.0,0,0,0,0,132,192,0.47138339808412816,0.8484901165514307,0.0,1460.0,294.0,516.1056093475443,266365.0,0,0,0,1,0,0,0,0,1.0,315.0,74.4,448.6666666666667,132,0,0,0,0,0,0,5,372,9,4038,65535,206,1,20,0,0,0,0,0,0,0,0,BENIGN
183.56.172.229-10.42.0.42-80-33563-6,10.42.0.42,33563,183.56.172.229,80,6,21/06/2017 08:59:16,11053546,7,8,372.0,2281.0,372.0,0.0,53.14285714285715,140.60278395943254,1460.0,0.0,285.125,512.2824102554595,240.01347621840085,1.3570305854790852,789539.0,2720715.0188144404,1.0236369E7,4.0,726720.0,121120.0,130178.90634814843,242523.0,644.0,1.0816903E7,1545271.8571428573,3833865.940689738,1.0236369E7,4.0,0,0,0,0,172,172,0.6332809398902397,0.7237496455888454,0.0,1460.0,165.81250000000003,381.7404386490905,145725.7625,0,0,0,1,0,0,0,0,1.0,176.86666666666667,53.142857142857146,285.125,172,0,0,0,0,0,0,7,372,8,2281,65535,206,1,20,0,0,0,0,0,0,0,0,BENIGN
10.42.0.42-121.12.98.63-60434-80-6,10.42.0.42,60434,121.12.98.63,80,6,21/06/2017 08:59:17,10499280,6,11,373.0,10761.0,373.0,0.0,62.166666666666664,152.2766123430209,1460.0,0.0,978.2727272727274,684.5939074968592,1060.4536692039835,1.6191586470691324,656205.0,2491160.543022174,9992763.0,4.0,506517.0,101303.4,137550.86242114223,256431.0,31.0,1.0254027E7,1025402.7,3153834.029624403,9998496.0,4.0,0,0,0,0,140,232,0.5714677577891055,1.0476908892800267,0.0,1460.0,618.5555555555557,705.6916692339112,498000.7320261439,0,0,0,1,0,0,0,0,1.0,654.9411764705883,62.166666666666664,978.2727272727273,140,0,0,0,0,0,0,6,373,11,10761,65535,511,1,20,0,0,0,0,0,0,0,0,BENIGN
10.42.0.42-121.12.98.63-60433-80-6,10.42.0.42,60433,121.12.98.63,80,6,21/06/2017 08:59:16,10611530,6,9,382.0,7307.0,382.0,0.0,63.66666666666667,155.95084695719567,1460.0,0.0,811.8888888888889,768.5682215074412,724.5891968453183,1.4135567632565709,757966.4285714286,2690438.8627980873,1.0100896E7,3.0,510634.0,102126.8,139968.84771691164,268361.0,5.0,1.0372739E7,1296592.375,3569778.877450452,1.0128846E7,3.0,0,0,0,0,140,192,0.5654227053026284,0.8481340579539426,0.0,1460.0,480.56249999999983,688.4246721077525,473928.52916666656,0,0,0,1,0,0,0,0,1.0,512.6,63.666666666666664,811.8888888888889,140,0,0,0,0,0,0,6,382,9,7307,65535,511,1,20,0,0,0,0,0,0,0,0,BENIGN
183.56.172.229-10.42.0.42-80-33574-6,10.42.0.42,33574,183.56.172.229,80,6,21/06/2017 08:59:16,10822778,9,11,744.0,3682.0,372.0,0.0,82.66666666666667,164.0365812860046,1460.0,0.0,334.72727272727275,485.54816257691493,408.95230411267795,1.8479543791806503,569619.8947368421,2231036.0222864794,9774229.0,12.0,958918.0,119864.75,125625.87179029417,242513.0,309.0,1.0587274E7,1058727.4,3064207.2917116643,9774229.0,12.0,0,0,0,0,212,232,0.8315794706312927,1.0163749085493576,0.0,1460.0,210.76190476190476,383.0125199992691,146698.5904761905,0,0,0,1,0,0,0,0,1.0,221.3,82.66666666666667,334.72727272727275,212,0,0,0,0,0,0,9,744,11,3682,65535,217,2,20,0,0,0,0,0,0,0,0,BENIGN
10.42.0.42-121.12.98.64-44210-80-6,10.42.0.42,44210,121.12.98.64,80,6,21/06/2017 08:59:17,10579180,8,9,379.0,8225.0,379.0,0.0,47.375,133.99673503485073,1460.0,0.0,913.8888888888889,706.831741725788,813.2955484262486,1.6069298376622765,661198.75,2516072.8836923493,1.0091721E7,3.0,487459.0,69637.00000000001,116218.2930537759,239763.0,11.0,1.0342805E7,1292850.625,3559701.554979572,1.0100195E7,3.0,0,0,0,0,180,192,0.7562022765469536,0.8507275611153228,0.0,1460.0,478.0000000000001,666.1811271100729,443797.29411764705,0,0,0,1,0,0,0,0,1.0,506.11764705882354,47.375,913.8888888888889,180,0,0,0,0,0,0,8,379,9,8225,65535,511,1,20,0,0,0,0,0,0,0,0,BENIGN
10.42.0.42-121.12.98.64-44211-80-6,10.42.0.42,44211,121.12.98.64,80,6,21/06/2017 08:59:17,10591106,27,42,372.0,55997.0,372.0,0.0,13.77777777777778,71.5914333795136,1460.0,0.0,1333.2619047619046,401.5039446104444,5322.295896198188,6.5149003324109875,155751.55882352943,1163608.4539345107,9599286.0,3.0,991820.0,38146.923076923085,87199.89282008233,247692.0,5.0,1.0347997E7,252390.17073170733,1498483.3901465493,9604592.0,3.0,0,0,0,0,560,852,2.5493088257260386,3.9655915066849485,0.0,1460.0,805.2714285714284,722.4568373131631,521943.8817805381,0,0,0,1,0,0,0,0,1.0,816.9420289855072,13.777777777777779,1333.2619047619048,560,0,0,0,0,0,0,27,372,42,55997,65535,511,1,20,0,0,0,0,0,0,0,0,BENIGN
10.42.0.42-121.12.98.64-44209-80-6,10.42.0.42,44209,121.12.98.64,80,6,21/06/2017 08:59:17,10605377,10,19,372.0,22212.0,372.0,0.0,37.20000000000001,117.63672895826372,1460.0,0.0,1169.0526315789473,582.3490241812999,2129.4858259164193,2.7344619620782926,378763.46428571426,1852539.4181048304,9823199.0,3.0,782178.0,86908.66666666667,129353.56434497659,268731.0,31.0,1.0358199E7,575455.5000000001,2315441.8791873436,9847496.0,3.0,0,0,0,0,220,392,0.9429179179580319,1.7915440441202608,0.0,1460.0,752.8000000000001,724.1759359485073,524430.7862068965,0,0,0,1,0,0,0,0,1.0,778.7586206896551,37.2,1169.0526315789473,220,0,0,0,0,0,0,10,372,19,22212,65535,511,1,20,0,0,0,0,0,0,0,0,BENIGN
10.42.0.42-121.12.98.63-60442-80-6,10.42.0.42,60442,121.12.98.63,80,6,21/06/2017 08:59:17,10640721,6,7,372.0,4451.0,372.0,0.0,62.00000000000001,151.86836405255704,1460.0,0.0,635.8571428571429,771.3236304283325,453.2587594393275,1.2217217235561388,886726.75,2910981.5078891153,1.0125828E7,3.0,514893.0,102978.6,141000.23973844867,269608.0,47.0,1.0404799E7,1734133.1666666665,4113972.408168796,1.012875E7,3.0,0,0,0,0,140,152,0.5638715647182179,0.6578501588379209,0.0,1460.0,344.5,612.4792932135621,375130.88461538457,0,0,0,1,0,0,0,0,1.0,371.0,62.0,635.8571428571429,140,0,0,0,0,0,0,6,372,7,4451,65535,511,1,20,0,0,0,0,0,0,0,0,BENIGN
10.42.0.42-121.12.98.63-60440-80-6,10.42.0.42,60440,121.12.98.63,80,6,21/06/2017 08:59:17,10644738,4,4,372.0,730.0,372.0,0.0,93.0,186.0,730.0,0.0,182.5,365.0,103.52532866473557,0.7515450356786612,1520676.857142857,3797073.8574823383,1.0128019E7,7.0,516719.0,172239.66666666666,149637.79343913533,270331.0,7.0,1.0406557E7,3468852.3333333335,5770591.030104658,1.0130265E7,644.0,0,0,0,0,100,92,0.3757725178393306,0.3757725178393306,0.0,730.0,122.44444444444444,258.9281324572086,67043.77777777778,0,0,0,1,0,0,0,0,1.0,137.75,93.0,182.5,100,0,0,0,0,0,0,4,372,4,730,65535,511,1,20,0,0,0,0,0,0,0,0,BENIGN
10.42.0.42-121.12.98.63-60441-80-6,10.42.0.42,60441,121.12.98.63,80,6,21/06/2017 08:59:17,10654291,6,9,372.0,7607.0,372.0,0.0,62.00000000000001,151.86836405255704,1460.0,0.0,845.2222222222222,735.0717274147091,748.9001379819642,1.4078834527797297,761020.7857142858,2696545.4397787773,1.0124872E7,3.0,529419.0,105883.8,142416.02880188733,269926.0,109.0,1.0409935E7,1301241.875,3568427.6852493226,1.0129342E7,3.0,0,0,0,0,140,192,0.5631533811118918,0.8447300716678379,0.0,1460.0,498.68750000000006,678.8031348140146,460773.69583333324,0,0,0,1,0,0,0,0,1.0,531.9333333333333,62.0,845.2222222222222,140,0,0,0,0,0,0,6,372,9,7607,65535,511,1,20,0,0,0,0,0,0,0,0,BENIGN
183.56.172.229-10.42.0.42-80-33576-6,10.42.0.42,33576,183.56.172.229,80,6,21/06/2017 08:59:16,11025125,7,8,372.0,2400.0,372.0,0.0,53.14285714285715,140.60278395943254,1460.0,0.0,300.0,516.0517692745841,251.4257207968164,1.3605287921905649,787508.9285714286,2713688.449302804,1.0209762E7,19.0,721433.0,120238.83333333333,130483.63219870401,239653.0,218.0,1.0788021E7,1541145.857142857,3823970.36814432,1.0209762E7,19.0,0,0,0,0,172,172,0.6349134363555969,0.725615355834968,0.0,1460.0,173.25000000000003,386.63514239310086,149486.73333333337,0,0,0,1,0,0,0,0,1.0,184.8,53.142857142857146,300.0,172,0,0,0,0,0,0,7,372,8,2400,65535,206,1,20,0,0,0,0,0,0,0,0,BENIGN
183.56.172.229-10.42.0.42-80-33573-6,10.42.0.42,33573,183.56.172.229,80,6,21/06/2017 08:59:27,329637,1,1,0.0,0.0,0.0,0.0,0.0,0.0,0.0,0.0,0.0,0.0,0.0,6.06728006868161,329637.0,0.0,329637.0,329637.0,0,0,0,0,0,0,0,0,0,0,0,0,0,0,20,20,3.033640034340805,3.033640034340805,0.0,0.0,0.0,0.0,0.0,0,0,0,0,1,0,0,0,1.0,0.0,0.0,0.0,20,0,0,0,0,0,0,1,0,1,0,1523,206,0,20,0,0,0,0,0,0,0,0,BENIGN
10.42.0.42-121.12.98.64-44222-80-6,10.42.0.42,44222,121.12.98.64,80,6,21/06/2017 08:59:17,10591478,4,5,372.0,2441.0,372.0,0.0,93.0,186.0,1460.0,0.0,488.2,689.6130799223577,265.5908835386336,0.8497397624769649,1323934.75,3543579.884725443,1.0089704E7,18.0,501774.0,167258.0,144629.01792863008,254976.0,327.0,1.0347054E7,2586763.5,5010458.207514924,1.0100453E7,18.0,0,0,0,0,100,112,0.37766211665642885,0.4720776458205361,0.0,1460.0,281.3,520.7951292654978,271227.56666666665,0,0,0,1,0,0,0,0,1.0,312.55555555555554,93.0,488.2,100,0,0,0,0,0,0,4,372,5,2441,65535,511,1,20,0,0,0,0,0,0,0,0,BENIGN
10.42.0.42-121.12.98.64-44221-80-6,10.42.0.42,44221,121.12.98.64,80,6,21/06/2017 08:59:17,10617515,6,9,372.0,8503.0,372.0,0.0,62.00000000000001,151.86836405255704,1460.0,0.0,944.7777777777778,713.4216456237114,835.8829726164739,1.412759953717984,758393.9285714285,2673379.3199144457,1.0041321E7,3.0,576194.0,115238.8,139779.57264457495,275074.0,46.0,1.0360689E7,1295086.125,3558396.024380866,1.0098777E7,3.0,0,0,0,0,140,192,0.5651039814871937,0.8476559722307904,0.0,1460.0,554.6875,698.6053457902156,488049.42916666664,0,0,0,1,0,0,0,0,1.0,591.6666666666666,62.0,944.7777777777778,140,0,0,0,0,0,0,6,372,9,8503,65535,511,1,20,0,0,0,0,0,0,0,0,BENIGN
10.42.0.42-121.12.98.64-44224-80-6,10.42.0.42,44224,121.12.98.64,80,6,21/06/2017 08:59:17,10618742,4,5,372.0,2307.0,372.0,0.0,93.0,186.0,1460.0,0.0,461.4,667.9369730745559,252.28977217828628,0.8475580252350043,1327342.75,3524374.087824704,1.0045285E7,17.0,573457.0,191152.33333333334,167359.91013481494,313740.0,481.0,1.0361508E7,2590377.0,5008453.760014761,1.010082E7,17.0,0,0,0,0,100,112,0.3766924556600019,0.4708655695750024,0.0,1460.0,267.90000000000003,502.1828905444266,252187.65555555554,0,0,0,1,0,0,0,0,1.0,297.6666666666667,93.0,461.4,100,0,0,0,0,0,0,4,372,5,2307,65535,511,1,20,0,0,0,0,0,0,0,0,BENIGN
10.42.0.42-121.12.98.64-44223-80-6,10.42.0.42,44223,121.12.98.64,80,6,21/06/2017 08:59:17,10619539,4,5,372.0,2269.0,372.0,0.0,93.0,186.0,1460.0,0.0,453.8,662.6478702900961,248.692527990151,0.8474944157180458,1327442.375,3524680.0808712495,1.0046065E7,17.0,573474.0,191158.0,167288.6851613103,313604.0,549.0,1.0361715E7,2590428.75,5006795.350328216,1.0098338E7,17.0,0,0,0,0,100,112,0.3766641847635759,0.4708302309544699,0.0,1460.0,264.1,497.4353000921605,247441.87777777776,0,0,0,1,0,0,0,0,1.0,293.44444444444446,93.0,453.8,100,0,0,0,0,0,0,4,372,5,2269,65535,511,1,20,0,0,0,0,0,0,0,0,BENIGN
10.42.0.42-121.12.98.64-44231-80-6,10.42.0.42,44231,121.12.98.64,80,6,21/06/2017 08:59:18,10588515,5,5,372.0,2032.0,372.0,0.0,74.4,166.36345752598436,1460.0,0.0,406.4,638.9403728048494,227.03844684547363,0.9444194960294244,1176501.6666666667,3346140.212162141,1.0095236E7,19.0,493279.0,123319.75,142122.96379162892,248081.0,45.0,1.0346772E7,2586693.0,5010872.4626449365,1.0101011E7,19.0,0,0,0,0,120,112,0.4722097480147122,0.4722097480147122,0.0,1460.0,218.54545454545453,455.16862010388274,207178.47272727272,0,0,0,1,0,0,0,0,1.0,240.4,74.4,406.4,120,0,0,0,0,0,0,5,372,5,2032,65535,511,1,20,0,0,0,0,0,0,0,0,BENIGN
10.42.0.42-121.12.98.64-44233-80-6,10.42.0.42,44233,121.12.98.64,80,6,21/06/2017 08:59:18,10599425,4,5,372.0,2300.0,372.0,0.0,93.0,186.0,1460.0,0.0,460.0,666.9332800213226,252.0891463452027,0.8491026635878833,1324928.125,3544908.789400106,1.0093838E7,18.0,505587.0,168529.0,145735.12748476258,254758.0,266.0,1.0351502E7,2587875.5,5009832.263277784,1.0100553E7,18.0,0,0,0,0,100,112,0.3773789615946148,0.4717237019932685,0.0,1460.0,267.20000000000005,501.2900690551662,251291.73333333334,0,0,0,1,0,0,0,0,1.0,296.8888888888889,93.0,460.0,100,0,0,0,0,0,0,4,372,5,2300,65535,511,1,20,0,0,0,0,0,0,0,0,BENIGN
10.42.0.42-121.12.98.64-44235-80-6,10.42.0.42,44235,121.12.98.64,80,6,21/06/2017 08:59:18,10576666,8,15,372.0,16380.0,372.0,0.0,46.50000000000001,131.52186130069785,1460.0,0.0,1091.9999999999998,636.0053908127328,1583.8639510787239,2.174598309145812,480757.54545454547,2094501.697201707,9851078.0,4.0,725588.0,103655.42857142857,128945.37231305504,244381.0,63.0,1.0341126E7,738651.8571428572,2626140.1461729067,9857915.0,4.0,0,0,0,0,180,312,0.7563820205724564,1.4182162885733558,0.0,1460.0,698.0,722.1793105051813,521542.95652173914,0,0,0,1,0,0,0,0,1.0,728.3478260869565,46.5,1092.0,180,0,0,0,0,0,0,8,372,15,16380,65535,511,1,20,0,0,0,0,0,0,0,0,BENIGN
10.42.0.42-121.12.98.64-44232-80-6,10.42.0.42,44232,121.12.98.64,80,6,21/06/2017 08:59:18,10618075,7,9,372.0,8574.0,372.0,0.0,53.14285714285715,140.60278395943254,1460.0,0.0,952.6666666666666,717.017433539799,842.5255990374903,1.506864474021892,707871.6666666666,2597966.5656841164,1.009338E7,12.0,524695.0,87449.16666666667,134656.92294927384,262593.0,136.0,1.0360748E7,1295093.5,3558796.070912184,1.0099809E7,12.0,0,0,0,0,160,192,0.6592532073845777,0.8476112666373142,0.0,1460.0,526.2352941176471,694.2513530245876,481984.94117647054,0,0,0,1,0,0,0,0,1.0,559.125,53.142857142857146,952.6666666666666,160,0,0,0,0,0,0,7,372,9,8574,65535,511,1,20,0,0,0,0,0,0,0,0,BENIGN
10.42.0.42-121.12.98.64-44230-80-6,10.42.0.42,44230,121.12.98.64,80,6,21/06/2017 08:59:18,10626891,6,9,372.0,7760.0,372.0,0.0,62.00000000000001,151.86836405255704,1460.0,0.0,862.2222222222222,722.734006702635,765.2285132123778,1.4115134896932695,759063.642857143,2689262.941165153,1.0096911E7,3.0,529980.0,105996.0,144635.1605886342,265034.0,30.0,1.0365316E7,1295664.5,3558779.7000018745,1.0100236E7,3.0,0,0,0,0,140,192,0.5646053958773078,0.8469080938159618,0.0,1460.0,508.2500000000001,676.9980305239693,458326.33333333326,0,0,0,1,0,0,0,0,1.0,542.1333333333333,62.0,862.2222222222222,140,0,0,0,0,0,0,6,372,9,7760,65535,511,1,20,0,0,0,0,0,0,0,0,BENIGN
10.42.0.42-121.12.98.64-44236-80-6,10.42.0.42,44236,121.12.98.64,80,6,21/06/2017 08:59:18,10621079,5,8,372.0,6733.0,372.0,0.0,74.4,166.36345752598436,1460.0,0.0,841.625,722.8107710281341,668.952749527614,1.223981103991412,885089.9166666666,2902755.2393072867,1.0097331E7,10.0,523748.0,130937.0,151119.43474175208,264576.0,68.0,1.0365327E7,1480761.0000000002,3802093.344455613,1.0100225E7,10.0,0,0,0,0,120,172,0.47076196307361995,0.7532191409177919,0.0,1460.0,507.5,671.1898447476002,450495.80769230763,0,0,0,1,0,0,0,0,1.0,546.5384615384615,74.4,841.625,120,0,0,0,0,0,0,5,372,8,6733,65535,511,1,20,0,0,0,0,0,0,0,0,BENIGN
10.42.0.42-104.192.110.245-44799-80-6,10.42.0.42,44799,104.192.110.245,80,6,21/06/2017 08:59:17,15388349,26,42,372.0,55905.0,372.0,0.0,14.30769230769231,72.95520227140446,1460.0,0.0,1331.0714285714282,406.28827881841045,3657.1174724461994,4.418927592557201,229676.85074626867,1831051.7418134003,1.4992762E7,3.0,395587.0,15823.479999999996,34806.83148119059,99074.0,7.0,1.5293948E7,373023.12195121957,2340833.4880061867,1.4995265E7,3.0,0,0,0,0,540,852,1.689589961860106,2.7293376306970942,0.0,1460.0,815.6086956521735,721.7197439081204,520879.388746803,0,0,0,1,0,0,0,0,1.0,827.6029411764706,14.307692307692308,1331.0714285714287,540,0,0,0,0,0,0,26,372,42,55905,65535,31,1,20,0,0,0,0,0,0,0,0,BENIGN
172.217.9.234-10.42.0.42-443-51277-6,172.217.9.234,443,10.42.0.42,51277,6,21/06/2017 08:59:12,26638574,1,3,0.0,31.0,0.0,0.0,0.0,0.0,31.0,0.0,10.333333333333332,17.8978583448784,1.1637259562017097,0.15015818789699478,8879524.666666668,1.529804832371124E7,2.6544108E7,819.0,0,0,0,0,0,2.6544927E7,1.32724635E7,1.8768939646894295E7,2.6544108E7,819.0,0,0,0,0,32,96,0.037539546974248696,0.1126186409227461,0.0,31.0,6.2,13.863621460498695,192.2,0,0,0,0,1,1,0,0,3.0,7.75,0.0,10.333333333333334,32,0,0,0,0,0,0,1,0,3,31,413,1681,0,32,93647.0,0.0,93647.0,93647.0,2.6544108E7,0.0,2.6544108E7,2.6544108E7,BENIGN
220.243.235.201-10.42.0.42-80-60999-6,10.42.0.42,60999,220.243.235.201,80,6,21/06/2017 08:59:15,30064743,5,5,365.0,2735.0,365.0,0.0,73.0,163.23296235748464,1460.0,0.0,547.0,751.8610243921412,103.11080989450001,0.33261551578870974,3340527.0,9993146.478109747,2.9988899E7,18.0,75844.0,18961.0,16874.16552010795,33819.0,984.0,3.0034766E7,7508691.5,1.4994063293418774E7,2.9999775E7,18.0,0,0,0,0,120,112,0.16630775789435487,0.16630775789435487,0.0,1460.0,281.8181818181818,549.2552809362543,301681.36363636365,0,0,0,1,0,0,0,0,1.0,310.0,73.0,547.0,120,0,0,0,0,0,0,5,365,5,2735,65535,123,1,20,0,0,0,0,0,0,0,0,BENIGN
220.243.235.201-10.42.0.42-80-32768-6,10.42.0.42,32768,220.243.235.201,80,6,21/06/2017 08:59:15,30065120,4,6,363.0,3270.0,363.0,0.0,90.75,181.5,1460.0,0.0,545.0,721.602383588081,120.83770162899732,0.3326113449738434,3340568.888888889,9996622.01314267,2.9998208E7,11.0,66912.0,22304.0,18417.24811148506,33560.0,1050.0,3.0035517E7,6007103.4,1.3412893041559689E7,3.0000803E7,11.0,0,0,0,0,100,132,0.1330445379895374,0.19956680698430607,0.0,1460.0,330.27272727272725,575.9850850341684,331758.81818181823,0,0,0,1,0,0,0,0,1.0,363.3,90.75,545.0,100,0,0,0,0,0,0,4,363,6,3270,65535,123,1,20,0,0,0,0,0,0,0,0,BENIGN
220.243.235.201-10.42.0.42-80-61000-6,10.42.0.42,61000,220.243.235.201,80,6,21/06/2017 08:59:15,30066502,4,5,350.0,2698.0,350.0,0.0,87.5,175.0,1460.0,0.0,539.6,743.0348578633442,101.3752780419884,0.29933645091138306,3758312.75,1.059957004786524E7,2.9990893E7,77.0,75609.0,25203.0,20968.07296820573,41305.0,1493.0,3.0036784E7,7509196.0,1.4994285283435397E7,3.0000612E7,77.0,0,0,0,0,100,112,0.13303842262728136,0.1662980282841017,0.0,1460.0,304.8,563.4924430135096,317523.73333333334,0,0,0,1,0,0,0,0,1.0,338.6666666666667,87.5,539.6,100,0,0,0,0,0,0,4,350,5,2698,65535,123,1,20,0,0,0,0,0,0,0,0,BENIGN
220.243.235.201-10.42.0.42-80-32769-6,10.42.0.42,32769,220.243.235.201,80,6,21/06/2017 08:59:15,30066685,7,11,369.0,11138.0,369.0,0.0,52.714285714285715,139.46889054040486,1460.0,0.0,1012.5454545454547,658.0371362828034,382.71595288938573,0.5986692580176365,1768628.5294117648,7272991.312420634,2.9991956E7,4.0,74729.0,12454.833333333332,18950.801707755443,41282.0,5.0,3.0037046E7,3003704.5999999996,9485513.325919421,2.9999933E7,4.0,0,0,0,0,160,232,0.23281582256241418,0.3658534354552223,0.0,1460.0,605.6315789473684,698.2127350541616,487501.0233918129,0,0,0,1,0,0,0,0,1.0,639.2777777777778,52.714285714285715,1012.5454545454545,160,0,0,0,0,0,0,7,369,11,11138,65535,123,1,20,0,0,0,0,0,0,0,0,BENIGN
10.42.0.42-36.110.213.49-34217-80-6,10.42.0.42,34217,36.110.213.49,80,6,21/06/2017 08:59:19,42302239,2,0,0.0,0.0,0.0,0.0,0.0,0.0,0,0,0,0,0.0,0.047278821340875125,4.2302239E7,0.0,4.2302239E7,4.2302239E7,4.2302239E7,4.2302239E7,0.0,4.2302239E7,4.2302239E7,0,0,0,0,0,0,0,0,0,40,0,0.047278821340875125,0.0,0.0,0.0,0.0,0.0,0.0,0,0,0,0,1,0,0,0,0.0,0.0,0.0,0.0,40,0,0,0,0,0,0,2,0,0,0,1506,-1,0,20,0,0,0,0,0,0,0,0,BENIGN
10.42.0.42-36.110.213.49-34215-80-6,10.42.0.42,34215,36.110.213.49,80,6,21/06/2017 08:59:25,36463359,2,0,0.0,0.0,0.0,0.0,0.0,0.0,0,0,0,0,0.0,0.05484958201464654,3.6463359E7,0.0,3.6463359E7,3.6463359E7,3.6463359E7,3.6463359E7,0.0,3.6463359E7,3.6463359E7,0,0,0,0,0,0,0,0,0,40,0,0.05484958201464654,0.0,0.0,0.0,0.0,0.0,0.0,0,0,0,0,1,0,0,0,0.0,0.0,0.0,0.0,40,0,0,0,0,0,0,2,0,0,0,1369,-1,0,20,0,0,0,0,0,0,0,0,BENIGN
10.42.0.42-121.12.98.63-60451-80-6,10.42.0.42,60451,121.12.98.63,80,6,21/06/2017 08:59:17,44017607,3,1,0.0,0.0,0.0,0.0,0.0,0.0,0.0,0.0,0.0,0.0,0.0,0.09087272736112166,1.4672535666666666E7,2.5198812121607047E7,4.3769272E7,1353.0,4.4017607E7,2.20088035E7,3.077394967629252E7,4.3769272E7,248335.0,0,0,0,0,0,0,0,0,0,80,32,0.06815454552084124,0.022718181840280415,0.0,0.0,0.0,0.0,0.0,0,0,0,1,0,0,0,0,0.0,0.0,0.0,0.0,80,0,0,0,0,0,0,3,0,1,0,65535,64240,0,20,0,0,0,0,0,0,0,0,BENIGN
10.42.0.42-121.12.98.63-60442-80-6,10.42.0.42,60442,121.12.98.63,80,6,21/06/2017 08:59:27,33563418,2,0,0.0,0.0,0.0,0.0,0.0,0.0,0,0,0,0,0.0,0.05958868670646118,3.3563418E7,0.0,3.3563418E7,3.3563418E7,3.3563418E7,3.3563418E7,0.0,3.3563418E7,3.3563418E7,0,0,0,0,0,0,0,0,0,40,0,0.05958868670646118,0.0,0.0,0.0,0.0,0.0,0.0,0,0,0,0,1,0,0,0,0.0,0.0,0.0,0.0,40,0,0,0,0,0,0,2,0,0,0,1506,-1,0,20,0,0,0,0,0,0,0,0,BENIGN
10.42.0.42-121.12.98.63-60440-80-6,10.42.0.42,60440,121.12.98.63,80,6,21/06/2017 08:59:27,33563359,2,0,0.0,0.0,0.0,0.0,0.0,0.0,0,0,0,0,0.0,0.05958879145558703,3.3563359E7,0.0,3.3563359E7,3.3563359E7,3.3563359E7,3.3563359E7,0.0,3.3563359E7,3.3563359E7,0,0,0,0,0,0,0,0,0,40,0,0.05958879145558703,0.0,0.0,0.0,0.0,0.0,0.0,0,0,0,0,1,0,0,0,0.0,0.0,0.0,0.0,40,0,0,0,0,0,0,2,0,0,0,1392,-1,0,20,0,0,0,0,0,0,0,0,BENIGN
10.42.0.42-121.12.98.63-60441-80-6,10.42.0.42,60441,121.12.98.63,80,6,21/06/2017 08:59:27,33553431,2,0,0.0,0.0,0.0,0.0,0.0,0.0,0,0,0,0,0.0,0.05960642296163393,3.3553431E7,0.0,3.3553431E7,3.3553431E7,3.3553431E7,3.3553431E7,0.0,3.3553431E7,3.3553431E7,0,0,0,0,0,0,0,0,0,40,0,0.05960642296163393,0.0,0.0,0.0,0.0,0.0,0.0,0,0,0,0,1,0,0,0,0.0,0.0,0.0,0.0,40,0,0,0,0,0,0,2,0,0,0,1643,-1,0,20,0,0,0,0,0,0,0,0,BENIGN
10.42.0.42-104.192.110.245-44799-80-6,10.42.0.42,44799,104.192.110.245,80,6,21/06/2017 08:59:32,28773204,2,0,0.0,0.0,0.0,0.0,0.0,0.0,0,0,0,0,0.0,0.06950911688527979,2.8773204E7,0.0,2.8773204E7,2.8773204E7,2.8773204E7,2.8773204E7,0.0,2.8773204E7,2.8773204E7,0,0,0,0,0,0,0,0,0,40,0,0.06950911688527979,0.0,0.0,0.0,0.0,0.0,0.0,0,0,0,0,1,0,0,0,0.0,0.0,0.0,0.0,40,0,0,0,0,0,0,2,0,0,0,3149,-1,0,20,0,0,0,0,0,0,0,0,BENIGN
10.42.0.42-121.12.98.63-60444-80-6,10.42.0.42,60444,121.12.98.63,80,6,21/06/2017 08:59:17,44230741,3,1,0.0,0.0,0.0,0.0,0.0,0.0,0.0,0.0,0.0,0.0,0.0,0.09043484032971548,1.4743580333333334E7,2.5315309820666965E7,4.3974859E7,8895.0,4.4230741E7,2.21153705E7,3.0913985103238706E7,4.3974859E7,255882.0,0,0,0,0,0,0,0,0,0,80,32,0.0678261302472866,0.02260871008242887,0.0,0.0,0.0,0.0,0.0,0,0,0,1,0,0,0,0,0.0,0.0,0.0,0.0,80,0,0,0,0,0,0,3,0,1,0,65535,64240,0,20,0,0,0,0,0,0,0,0,BENIGN
10.42.0.42-121.12.98.63-60434-80-6,10.42.0.42,60434,121.12.98.63,80,6,21/06/2017 08:59:27,33851085,2,0,0.0,0.0,0.0,0.0,0.0,0.0,0,0,0,0,0.0,0.05908230120245777,3.3851085E7,0.0,3.3851085E7,3.3851085E7,3.3851085E7,3.3851085E7,0.0,3.3851085E7,3.3851085E7,0,0,0,0,0,0,0,0,0,40,0,0.05908230120245777,0.0,0.0,0.0,0.0,0.0,0.0,0,0,0,0,1,0,0,0,0.0,0.0,0.0,0.0,40,0,0,0,0,0,0,2,0,0,0,1734,-1,0,20,0,0,0,0,0,0,0,0,BENIGN
183.56.172.229-10.42.0.42-80-33565-6,10.42.0.42,33565,183.56.172.229,80,6,21/06/2017 08:59:21,40314285,2,0,0.0,0.0,0.0,0.0,0.0,0.0,0,0,0,0,0.0,0.049610206406984526,4.0314285E7,0.0,4.0314285E7,4.0314285E7,4.0314285E7,4.0314285E7,0.0,4.0314285E7,4.0314285E7,0,0,0,0,0,0,0,0,0,40,0,0.049610206406984526,0.0,0.0,0.0,0.0,0.0,0.0,0,0,0,0,1,0,0,0,0.0,0.0,0.0,0.0,40,0,0,0,0,0,0,2,0,0,0,1369,-1,0,20,0,0,0,0,0,0,0,0,BENIGN
183.56.172.229-10.42.0.42-80-33563-6,10.42.0.42,33563,183.56.172.229,80,6,21/06/2017 08:59:27,33851146,2,0,0.0,0.0,0.0,0.0,0.0,0.0,0,0,0,0,0.0,0.059082194735741,3.3851146E7,0.0,3.3851146E7,3.3851146E7,3.3851146E7,3.3851146E7,0.0,3.3851146E7,3.3851146E7,0,0,0,0,0,0,0,0,0,40,0,0.059082194735741,0.0,0.0,0.0,0.0,0.0,0.0,0,0,0,0,1,0,0,0,0.0,0.0,0.0,0.0,40,0,0,0,0,0,0,2,0,0,0,1477,-1,0,20,0,0,0,0,0,0,0,0,BENIGN
183.56.172.229-10.42.0.42-80-33561-6,10.42.0.42,33561,183.56.172.229,80,6,21/06/2017 08:59:27,34323459,2,0,0.0,0.0,0.0,0.0,0.0,0.0,0,0,0,0,0.0,0.05826918551536429,3.4323459E7,0.0,3.4323459E7,3.4323459E7,3.4323459E7,3.4323459E7,0.0,3.4323459E7,3.4323459E7,0,0,0,0,0,0,0,0,0,40,0,0.05826918551536429,0.0,0.0,0.0,0.0,0.0,0.0,0,0,0,0,1,0,0,0,0.0,0.0,0.0,0.0,40,0,0,0,0,0,0,2,0,0,0,1705,-1,0,20,0,0,0,0,0,0,0,0,BENIGN
183.56.172.229-10.42.0.42-80-33562-6,10.42.0.42,33562,183.56.172.229,80,6,21/06/2017 08:59:27,34303508,2,0,0.0,0.0,0.0,0.0,0.0,0.0,0,0,0,0,0.0,0.05830307500912151,3.4303508E7,0.0,3.4303508E7,3.4303508E7,3.4303508E7,3.4303508E7,0.0,3.4303508E7,3.4303508E7,0,0,0,0,0,0,0,0,0,40,0,0.05830307500912151,0.0,0.0,0.0,0.0,0.0,0.0,0,0,0,0,1,0,0,0,0.0,0.0,0.0,0.0,40,0,0,0,0,0,0,2,0,0,0,1660,-1,0,20,0,0,0,0,0,0,0,0,BENIGN
10.42.0.42-121.12.98.64-44217-80-6,10.42.0.42,44217,121.12.98.64,80,6,21/06/2017 08:59:17,44244234,3,1,0.0,0.0,0.0,0.0,0.0,0.0,0.0,0.0,0.0,0.0,0.0,0.0904072607517626,1.4748078E7,2.5311856852483008E7,4.3975352E7,12219.0,4.4244234E7,2.2122117E7,3.0905141318726406E7,4.3975352E7,268882.0,0,0,0,0,0,0,0,0,0,80,32,0.06780544556382194,0.02260181518794065,0.0,0.0,0.0,0.0,0.0,0,0,0,1,0,0,0,0,0.0,0.0,0.0,0.0,80,0,0,0,0,0,0,3,0,1,0,65535,64240,0,20,0,0,0,0,0,0,0,0,BENIGN
10.42.0.42-121.12.98.64-44210-80-6,10.42.0.42,44210,121.12.98.64,80,6,21/06/2017 08:59:27,33719798,2,0,0.0,0.0,0.0,0.0,0.0,0.0,0,0,0,0,0.0,0.05931233633131492,3.3719798E7,0.0,3.3719798E7,3.3719798E7,3.3719798E7,3.3719798E7,0.0,3.3719798E7,3.3719798E7,0,0,0,0,0,0,0,0,0,40,0,0.05931233633131492,0.0,0.0,0.0,0.0,0.0,0.0,0,0,0,0,1,0,0,0,0.0,0.0,0.0,0.0,40,0,0,0,0,0,0,2,0,0,0,1643,-1,0,20,0,0,0,0,0,0,0,0,BENIGN
10.42.0.42-121.12.98.64-44209-80-6,10.42.0.42,44209,121.12.98.64,80,6,21/06/2017 08:59:27,33703475,2,0,0.0,0.0,0.0,0.0,0.0,0.0,0,0,0,0,0.0,0.05934106201215157,3.3703475E7,0.0,3.3703475E7,3.3703475E7,3.3703475E7,3.3703475E7,0.0,3.3703475E7,3.3703475E7,0,0,0,0,0,0,0,0,0,40,0,0.05934106201215157,0.0,0.0,0.0,0.0,0.0,0.0,0,0,0,0,1,0,0,0,0.0,0.0,0.0,0.0,40,0,0,0,0,0,0,2,0,0,0,2099,-1,0,20,0,0,0,0,0,0,0,0,BENIGN
10.42.0.42-121.12.98.64-44211-80-6,10.42.0.42,44211,121.12.98.64,80,6,21/06/2017 08:59:27,33713547,2,0,0.0,0.0,0.0,0.0,0.0,0.0,0,0,0,0,0.0,0.05932333373287599,3.3713547E7,0.0,3.3713547E7,3.3713547E7,3.3713547E7,3.3713547E7,0.0,3.3713547E7,3.3713547E7,0,0,0,0,0,0,0,0,0,40,0,0.05932333373287599,0.0,0.0,0.0,0.0,0.0,0.0,0,0,0,0,1,0,0,0,0.0,0.0,0.0,0.0,40,0,0,0,0,0,0,2,0,0,0,3149,-1,0,20,0,0,0,0,0,0,0,0,BENIGN
10.42.0.42-121.12.98.64-44226-80-6,10.42.0.42,44226,121.12.98.64,80,6,21/06/2017 08:59:17,44016067,3,1,0.0,0.0,0.0,0.0,0.0,0.0,0.0,0.0,0.0,0.0,0.0,0.09087590674559815,1.4672022333333334E7,2.5186345023044955E7,4.3754345E7,4937.0,4.4016067E7,2.20080335E7,3.0753928654890005E7,4.3754345E7,261722.0,0,0,0,0,0,0,0,0,0,80,32,0.06815693005919861,0.022718976686399536,0.0,0.0,0.0,0.0,0.0,0,0,0,1,0,0,0,0,0.0,0.0,0.0,0.0,80,0,0,0,0,0,0,3,0,1,0,65535,64240,0,20,0,0,0,0,0,0,0,0,BENIGN
10.42.0.42-121.12.98.64-44222-80-6,10.42.0.42,44222,121.12.98.64,80,6,21/06/2017 08:59:28,33393698,2,0,0.0,0.0,0.0,0.0,0.0,0.0,0,0,0,0,0.0,0.059891540014526096,3.3393698E7,0.0,3.3393698E7,3.3393698E7,3.3393698E7,3.3393698E7,0.0,3.3393698E7,3.3393698E7,0,0,0,0,0,0,0,0,0,40,0,0.059891540014526096,0.0,0.0,0.0,0.0,0.0,0.0,0,0,0,0,1,0,0,0,0.0,0.0,0.0,0.0,40,0,0,0,0,0,0,2,0,0,0,1460,-1,0,20,0,0,0,0,0,0,0,0,BENIGN
10.42.0.42-121.12.98.64-44224-80-6,10.42.0.42,44224,121.12.98.64,80,6,21/06/2017 08:59:28,33373511,2,0,0.0,0.0,0.0,0.0,0.0,0.0,0,0,0,0,0.0,0.05992776726428334,3.3373511E7,0.0,3.3373511E7,3.3373511E7,3.3373511E7,3.3373511E7,0.0,3.3373511E7,3.3373511E7,0,0,0,0,0,0,0,0,0,40,0,0.05992776726428334,0.0,0.0,0.0,0.0,0.0,0.0,0,0,0,0,1,0,0,0,0.0,0.0,0.0,0.0,40,0,0,0,0,0,0,2,0,0,0,1460,-1,0,20,0,0,0,0,0,0,0,0,BENIGN
10.42.0.42-121.12.98.64-44223-80-6,10.42.0.42,44223,121.12.98.64,80,6,21/06/2017 08:59:28,33373509,2,0,0.0,0.0,0.0,0.0,0.0,0.0,0,0,0,0,0.0,0.05992777085562085,3.3373509E7,0.0,3.3373509E7,3.3373509E7,3.3373509E7,3.3373509E7,0.0,3.3373509E7,3.3373509E7,0,0,0,0,0,0,0,0,0,40,0,0.05992777085562085,0.0,0.0,0.0,0.0,0.0,0.0,0,0,0,0,1,0,0,0,0.0,0.0,0.0,0.0,40,0,0,0,0,0,0,2,0,0,0,1460,-1,0,20,0,0,0,0,0,0,0,0,BENIGN
10.42.0.42-121.12.98.64-44221-80-6,10.42.0.42,44221,121.12.98.64,80,6,21/06/2017 08:59:28,33373602,2,0,0.0,0.0,0.0,0.0,0.0,0.0,0,0,0,0,0.0,0.05992760385888224,3.3373602E7,0.0,3.3373602E7,3.3373602E7,3.3373602E7,3.3373602E7,0.0,3.3373602E7,3.3373602E7,0,0,0,0,0,0,0,0,0,40,0,0.05992760385888224,0.0,0.0,0.0,0.0,0.0,0.0,0,0,0,0,1,0,0,0,0.0,0.0,0.0,0.0,40,0,0,0,0,0,0,2,0,0,0,1643,-1,0,20,0,0,0,0,0,0,0,0,BENIGN
183.56.172.229-10.42.0.42-80-33576-6,10.42.0.42,33576,183.56.172.229,80,6,21/06/2017 08:59:27,33533628,2,0,0.0,0.0,0.0,0.0,0.0,0.0,0,0,0,0,0.0,0.05964162302987318,3.3533628E7,0.0,3.3533628E7,3.3533628E7,3.3533628E7,3.3533628E7,0.0,3.3533628E7,3.3533628E7,0,0,0,0,0,0,0,0,0,40,0,0.05964162302987318,0.0,0.0,0.0,0.0,0.0,0.0,0,0,0,0,1,0,0,0,0.0,0.0,0.0,0.0,40,0,0,0,0,0,0,2,0,0,0,1478,-1,0,20,0,0,0,0,0,0,0,0,BENIGN
183.56.172.229-10.42.0.42-80-33573-6,10.42.0.42,33573,183.56.172.229,80,6,21/06/2017 08:59:27,33572117,2,0,0.0,0.0,0.0,0.0,0.0,0.0,0,0,0,0,0.0,0.059573246453299325,3.3572117E7,0.0,3.3572117E7,3.3572117E7,3.3572117E7,3.3572117E7,0.0,3.3572117E7,3.3572117E7,0,0,0,0,0,0,0,0,0,52,0,0.059573246453299325,0.0,0.0,0.0,0.0,0.0,0.0,0,0,0,0,1,0,0,0,0.0,0.0,0.0,0.0,52,0,0,0,0,0,0,2,0,0,0,1523,-1,0,20,0,0,0,0,0,0,0,0,BENIGN
183.56.172.229-10.42.0.42-80-33572-6,10.42.0.42,33572,183.56.172.229,80,6,21/06/2017 08:59:27,33903224,2,0,0.0,0.0,0.0,0.0,0.0,0.0,0,0,0,0,0.0,0.05899143987014332,3.3903224E7,0.0,3.3903224E7,3.3903224E7,3.3903224E7,3.3903224E7,0.0,3.3903224E7,3.3903224E7,0,0,0,0,0,0,0,0,0,40,0,0.05899143987014332,0.0,0.0,0.0,0.0,0.0,0.0,0,0,0,0,1,0,0,0,0.0,0.0,0.0,0.0,40,0,0,0,0,0,0,2,0,0,0,1432,-1,0,20,0,0,0,0,0,0,0,0,BENIGN
183.56.172.229-10.42.0.42-80-33575-6,10.42.0.42,33575,183.56.172.229,80,6,21/06/2017 08:59:27,33903219,2,0,0.0,0.0,0.0,0.0,0.0,0.0,0,0,0,0,0.0,0.05899144857011955,3.3903219E7,0.0,3.3903219E7,3.3903219E7,3.3903219E7,3.3903219E7,0.0,3.3903219E7,3.3903219E7,0,0,0,0,0,0,0,0,0,40,0,0.05899144857011955,0.0,0.0,0.0,0.0,0.0,0.0,0,0,0,0,1,0,0,0,0.0,0.0,0.0,0.0,40,0,0,0,0,0,0,2,0,0,0,1524,-1,0,20,0,0,0,0,0,0,0,0,BENIGN
183.56.172.229-10.42.0.42-80-33574-6,10.42.0.42,33574,183.56.172.229,80,6,21/06/2017 08:59:27,33743790,2,0,0.0,0.0,0.0,0.0,0.0,0.0,0,0,0,0,0.0,0.059270164969613674,3.374379E7,0.0,3.374379E7,3.374379E7,3.374379E7,3.374379E7,0.0,3.374379E7,3.374379E7,0,0,0,0,0,0,0,0,0,40,0,0.059270164969613674,0.0,0.0,0.0,0.0,0.0,0.0,0,0,0,0,1,0,0,0,0.0,0.0,0.0,0.0,40,0,0,0,0,0,0,2,0,0,0,1568,-1,0,20,0,0,0,0,0,0,0,0,BENIGN
10.42.0.42-121.12.98.64-44234-80-6,10.42.0.42,44234,121.12.98.64,80,6,21/06/2017 08:59:18,42725033,3,1,0.0,0.0,0.0,0.0,0.0,0.0,0.0,0.0,0.0,0.0,0.0,0.09362192885842825,1.4241677666666666E7,2.444161008997129E7,4.246403E7,2340.0,4.2725033E7,2.13625165E7,2.9842046578298956E7,4.246403E7,261003.0,0,0,0,0,0,0,0,0,0,80,32,0.07021644664382119,0.023405482214607063,0.0,0.0,0.0,0.0,0.0,0,0,0,1,0,0,0,0,0.0,0.0,0.0,0.0,80,0,0,0,0,0,0,3,0,1,0,65535,64240,0,20,0,0,0,0,0,0,0,0,BENIGN
10.42.0.42-121.12.98.64-44231-80-6,10.42.0.42,44231,121.12.98.64,80,6,21/06/2017 08:59:29,32053421,2,0,0.0,0.0,0.0,0.0,0.0,0.0,0,0,0,0,0.0,0.06239583600140528,3.2053421E7,0.0,3.2053421E7,3.2053421E7,3.2053421E7,3.2053421E7,0.0,3.2053421E7,3.2053421E7,0,0,0,0,0,0,0,0,0,40,0,0.06239583600140528,0.0,0.0,0.0,0.0,0.0,0.0,0,0,0,0,1,0,0,0,0.0,0.0,0.0,0.0,40,0,0,0,0,0,0,2,0,0,0,1460,-1,0,20,0,0,0,0,0,0,0,0,BENIGN
10.42.0.42-121.12.98.64-44233-80-6,10.42.0.42,44233,121.12.98.64,80,6,21/06/2017 08:59:29,32053344,2,0,0.0,0.0,0.0,0.0,0.0,0.0,0,0,0,0,0.0,0.06239598589151883,3.2053344E7,0.0,3.2053344E7,3.2053344E7,3.2053344E7,3.2053344E7,0.0,3.2053344E7,3.2053344E7,0,0,0,0,0,0,0,0,0,40,0,0.06239598589151883,0.0,0.0,0.0,0.0,0.0,0.0,0,0,0,0,1,0,0,0,0.0,0.0,0.0,0.0,40,0,0,0,0,0,0,2,0,0,0,1460,-1,0,20,0,0,0,0,0,0,0,0,BENIGN
10.42.0.42-121.12.98.64-44232-80-6,10.42.0.42,44232,121.12.98.64,80,6,21/06/2017 08:59:29,32053335,2,0,0.0,0.0,0.0,0.0,0.0,0.0,0,0,0,0,0.0,0.06239600341118951,3.2053335E7,0.0,3.2053335E7,3.2053335E7,3.2053335E7,3.2053335E7,0.0,3.2053335E7,3.2053335E7,0,0,0,0,0,0,0,0,0,40,0,0.06239600341118951,0.0,0.0,0.0,0.0,0.0,0.0,0,0,0,0,1,0,0,0,0.0,0.0,0.0,0.0,40,0,0,0,0,0,0,2,0,0,0,1643,-1,0,20,0,0,0,0,0,0,0,0,BENIGN
10.42.0.42-121.12.98.64-44230-80-6,10.42.0.42,44230,121.12.98.64,80,6,21/06/2017 08:59:29,32053334,2,0,0.0,0.0,0.0,0.0,0.0,0.0,0,0,0,0,0.0,0.06239600535782019,3.2053334E7,0.0,3.2053334E7,3.2053334E7,3.2053334E7,3.2053334E7,0.0,3.2053334E7,3.2053334E7,0,0,0,0,0,0,0,0,0,40,0,0.06239600535782019,0.0,0.0,0.0,0.0,0.0,0.0,0,0,0,0,1,0,0,0,0.0,0.0,0.0,0.0,40,0,0,0,0,0,0,2,0,0,0,1643,-1,0,20,0,0,0,0,0,0,0,0,BENIGN
10.42.0.42-121.12.98.63-60439-80-6,10.42.0.42,60439,121.12.98.63,80,6,21/06/2017 08:59:17,44246471,3,1,0.0,0.0,0.0,0.0,0.0,0.0,0.0,0.0,0.0,0.0,0.0,0.09040268996820108,1.4748823666666666E7,2.5311379366284728E7,4.3975603E7,23842.0,4.4246471E7,2.21232355E7,3.0903914488461044E7,4.3975603E7,270868.0,0,0,0,0,0,0,0,0,0,80,32,0.0678020174761508,0.02260067249205027,0.0,0.0,0.0,0.0,0.0,0,0,0,1,0,0,0,0,0.0,0.0,0.0,0.0,80,0,0,0,0,0,0,3,0,1,0,65535,64240,0,20,0,0,0,0,0,0,0,0,BENIGN
10.42.0.42-121.12.98.63-60432-80-6,10.42.0.42,60432,121.12.98.63,80,6,21/06/2017 08:59:27,33903313,2,0,0.0,0.0,0.0,0.0,0.0,0.0,0,0,0,0,0.0,0.058991285010995834,3.3903313E7,0.0,3.3903313E7,3.3903313E7,3.3903313E7,3.3903313E7,0.0,3.3903313E7,3.3903313E7,0,0,0,0,0,0,0,0,0,40,0,0.058991285010995834,0.0,0.0,0.0,0.0,0.0,0.0,0,0,0,0,1,0,0,0,0.0,0.0,0.0,0.0,40,0,0,0,0,0,0,2,0,0,0,1415,-1,0,20,0,0,0,0,0,0,0,0,BENIGN
10.42.0.42-121.12.98.63-60433-80-6,10.42.0.42,60433,121.12.98.63,80,6,21/06/2017 08:59:27,33833818,2,0,0.0,0.0,0.0,0.0,0.0,0.0,0,0,0,0,0.0,0.05911245369943173,3.3833818E7,0.0,3.3833818E7,3.3833818E7,3.3833818E7,3.3833818E7,0.0,3.3833818E7,3.3833818E7,0,0,0,0,0,0,0,0,0,40,0,0.05911245369943173,0.0,0.0,0.0,0.0,0.0,0.0,0,0,0,0,1,0,0,0,0.0,0.0,0.0,0.0,40,0,0,0,0,0,0,2,0,0,0,1597,-1,0,20,0,0,0,0,0,0,0,0,BENIGN
10.42.0.42-121.12.98.64-44237-80-6,10.42.0.42,44237,121.12.98.64,80,6,21/06/2017 08:59:18,42695529,3,1,0.0,0.0,0.0,0.0,0.0,0.0,0.0,0.0,0.0,0.0,0.0,0.09368662465805261,1.4231843E7,2.4427940912066024E7,4.2438423E7,2336.0,4.2695529E7,2.13477645E7,2.9826695290079396E7,4.2438423E7,257106.0,0,0,0,0,0,0,0,0,0,80,32,0.07026496849353946,0.023421656164513152,0.0,0.0,0.0,0.0,0.0,0,0,0,1,0,0,0,0,0.0,0.0,0.0,0.0,80,0,0,0,0,0,0,3,0,1,0,65535,64240,0,20,0,0,0,0,0,0,0,0,BENIGN
10.42.0.42-121.12.98.64-44236-80-6,10.42.0.42,44236,121.12.98.64,80,6,21/06/2017 08:59:29,32053397,2,0,0.0,0.0,0.0,0.0,0.0,0.0,0,0,0,0,0.0,0.062395882720324466,3.2053397E7,0.0,3.2053397E7,3.2053397E7,3.2053397E7,3.2053397E7,0.0,3.2053397E7,3.2053397E7,0,0,0,0,0,0,0,0,0,40,0,0.062395882720324466,0.0,0.0,0.0,0.0,0.0,0.0,0,0,0,0,1,0,0,0,0.0,0.0,0.0,0.0,40,0,0,0,0,0,0,2,0,0,0,1597,-1,0,20,0,0,0,0,0,0,0,0,BENIGN
10.42.0.42-121.12.98.64-44235-80-6,10.42.0.42,44235,121.12.98.64,80,6,21/06/2017 08:59:29,32053424,2,0,0.0,0.0,0.0,0.0,0.0,0.0,0,0,0,0,0.0,0.0623958301615453,3.2053424E7,0.0,3.2053424E7,3.2053424E7,3.2053424E7,3.2053424E7,0.0,3.2053424E7,3.2053424E7,0,0,0,0,0,0,0,0,0,40,0,0.0623958301615453,0.0,0.0,0.0,0.0,0.0,0.0,0,0,0,0,1,0,0,0,0.0,0.0,0.0,0.0,40,0,0,0,0,0,0,2,0,0,0,1917,-1,0,20,0,0,0,0,0,0,0,0,BENIGN
10.42.0.42-121.12.98.63-60431-80-6,10.42.0.42,60431,121.12.98.63,80,6,21/06/2017 08:59:16,44522454,3,1,0.0,0.0,0.0,0.0,0.0,0.0,0.0,0.0,0.0,0.0,0.0,0.0898423074343566,1.4840818E7,2.5488428909541972E7,4.4271993E7,4973.0,4.4522454E7,2.2261227E7,3.11279237954206E7,4.4271993E7,250461.0,0,0,0,0,0,0,0,0,0,80,32,0.06738173057576745,0.02246057685858915,0.0,0.0,0.0,0.0,0.0,0,0,0,1,0,0,0,0,0.0,0.0,0.0,0.0,80,0,0,0,0,0,0,3,0,1,0,65535,64240,0,20,0,0,0,0,0,0,0,0,BENIGN
10.42.0.42-121.12.98.63-60422-80-6,10.42.0.42,60422,121.12.98.63,80,6,21/06/2017 08:59:27,33903512,2,0,0.0,0.0,0.0,0.0,0.0,0.0,0,0,0,0,0.0,0.058990938755843346,3.3903512E7,0.0,3.3903512E7,3.3903512E7,3.3903512E7,3.3903512E7,0.0,3.3903512E7,3.3903512E7,0,0,0,0,0,0,0,0,0,40,0,0.058990938755843346,0.0,0.0,0.0,0.0,0.0,0.0,0,0,0,0,1,0,0,0,0.0,0.0,0.0,0.0,40,0,0,0,0,0,0,2,0,0,0,1460,-1,0,20,0,0,0,0,0,0,0,0,BENIGN
10.42.0.42-121.12.98.63-60421-80-6,10.42.0.42,60421,121.12.98.63,80,6,21/06/2017 08:59:27,33903374,2,0,0.0,0.0,0.0,0.0,0.0,0.0,0,0,0,0,0.0,0.05899117887204973,3.3903374E7,0.0,3.3903374E7,3.3903374E7,3.3903374E7,3.3903374E7,0.0,3.3903374E7,3.3903374E7,0,0,0,0,0,0,0,0,0,40,0,0.05899117887204973,0.0,0.0,0.0,0.0,0.0,0.0,0,0,0,0,1,0,0,0,0.0,0.0,0.0,0.0,40,0,0,0,0,0,0,2,0,0,0,1415,-1,0,20,0,0,0,0,0,0,0,0,BENIGN
10.42.0.42-121.12.98.63-60423-80-6,10.42.0.42,60423,121.12.98.63,80,6,21/06/2017 08:59:27,33903390,2,0,0.0,0.0,0.0,0.0,0.0,0.0,0,0,0,0,0.0,0.05899115103238938,3.390339E7,0.0,3.390339E7,3.390339E7,3.390339E7,3.390339E7,0.0,3.390339E7,3.390339E7,0,0,0,0,0,0,0,0,0,40,0,0.05899115103238938,0.0,0.0,0.0,0.0,0.0,0.0,0,0,0,0,1,0,0,0,0.0,0.0,0.0,0.0,40,0,0,0,0,0,0,2,0,0,0,2008,-1,0,20,0,0,0,0,0,0,0,0,BENIGN
220.243.235.201-10.42.0.42-80-32769-6,220.243.235.201,80,10.42.0.42,32769,6,21/06/2017 08:59:45,15475188,1,2,0.0,0.0,0.0,0.0,0.0,0.0,0.0,0.0,0.0,0.0,0.0,0.1938587111187276,7737594.0,1.0940012464622607E7,1.5473351E7,1837.0,0,0,0,0,0,1.5473351E7,1.5473351E7,0.0,1.5473351E7,1.5473351E7,0,0,0,0,20,52,0.0646195703729092,0.1292391407458184,0.0,0.0,0.0,0.0,0.0,0,0,0,0,1,1,0,0,2.0,0.0,0.0,0.0,20,0,0,0,0,0,0,1,0,2,0,123,1734,0,20,0,0,0,0,0,0,0,0,BENIGN
220.243.235.201-10.42.0.42-80-32768-6,220.243.235.201,80,10.42.0.42,32768,6,21/06/2017 08:59:45,15478088,1,2,0.0,0.0,0.0,0.0,0.0,0.0,0.0,0.0,0.0,0.0,0.0,0.19382238943207972,7739044.0,1.0943016254229087E7,1.5476925E7,1163.0,0,0,0,0,0,1.5476925E7,1.5476925E7,0.0,1.5476925E7,1.5476925E7,0,0,0,0,20,52,0.06460746314402657,0.12921492628805314,0.0,0.0,0.0,0.0,0.0,0,0,0,0,1,1,0,0,2.0,0.0,0.0,0.0,20,0,0,0,0,0,0,1,0,2,0,123,1506,0,20,0,0,0,0,0,0,0,0,BENIGN
220.243.235.201-10.42.0.42-80-60999-6,220.243.235.201,80,10.42.0.42,60999,6,21/06/2017 08:59:45,15479098,1,2,0.0,0.0,0.0,0.0,0.0,0.0,0.0,0.0,0.0,0.0,0.0,0.19380974266071577,7739549.0,1.0942365715990396E7,1.547697E7,2128.0,0,0,0,0,0,1.547697E7,1.547697E7,0.0,1.547697E7,1.547697E7,0,0,0,0,20,52,0.06460324755357191,0.12920649510714383,0.0,0.0,0.0,0.0,0.0,0,0,0,0,1,1,0,0,2.0,0.0,0.0,0.0,20,0,0,0,0,0,0,1,0,2,0,123,1460,0,20,0,0,0,0,0,0,0,0,BENIGN
220.243.235.201-10.42.0.42-80-61000-6,220.243.235.201,80,10.42.0.42,61000,6,21/06/2017 08:59:45,15477144,1,2,0.0,0.0,0.0,0.0,0.0,0.0,0.0,0.0,0.0,0.0,0.0,0.19383421127308761,7738572.0,1.0941261215198182E7,1.5475212E7,1932.0,0,0,0,0,0,1.5475212E7,1.5475212E7,0.0,1.5475212E7,1.5475212E7,0,0,0,0,20,52,0.06461140375769586,0.12922280751539172,0.0,0.0,0.0,0.0,0.0,0,0,0,0,1,1,0,0,2.0,0.0,0.0,0.0,20,0,0,0,0,0,0,1,0,2,0,123,1460,0,20,0,0,0,0,0,0,0,0,BENIGN
10.42.0.42-36.110.213.49-56845-443-6,10.42.0.42,56845,36.110.213.49,443,6,21/06/2017 08:59:21,39857373,2,0,0.0,0.0,0.0,0.0,0.0,0.0,0,0,0,0,0.0,0.05017892172672795,3.9857373E7,0.0,3.9857373E7,3.9857373E7,3.9857373E7,3.9857373E7,0.0,3.9857373E7,3.9857373E7,0,0,0,0,0,0,0,0,0,40,0,0.05017892172672795,0.0,0.0,0.0,0.0,0.0,0.0,0,0,0,0,1,0,0,0,0.0,0.0,0.0,0.0,40,0,0,0,0,0,0,2,0,0,0,1369,-1,0,20,0,0,0,0,0,0,0,0,BENIGN
10.42.0.42-36.110.213.49-34211-80-6,10.42.0.42,34211,36.110.213.49,80,6,21/06/2017 08:59:20,41104144,2,0,0.0,0.0,0.0,0.0,0.0,0.0,0,0,0,0,0.0,0.048656894545717824,4.1104144E7,0.0,4.1104144E7,4.1104144E7,4.1104144E7,4.1104144E7,0.0,4.1104144E7,4.1104144E7,0,0,0,0,0,0,0,0,0,40,0,0.048656894545717824,0.0,0.0,0.0,0.0,0.0,0.0,0,0,0,0,1,0,0,0,0.0,0.0,0.0,0.0,40,0,0,0,0,0,0,2,0,0,0,1369,-1,0,20,0,0,0,0,0,0,0,0,BENIGN
217.69.136.175-10.42.0.42-443-56778-6,10.42.0.42,56778,217.69.136.175,443,6,21/06/2017 08:59:18,43339311,3,0,0.0,0.0,0.0,0.0,0.0,0.0,0,0,0,0,0.0,0.06922122042964642,2.16696555E7,3.0596174546220846E7,4.3304418E7,34893.0,4.3339311E7,2.16696555E7,3.0596174546220846E7,4.3304418E7,34893.0,0,0,0,0,0,0,0,0,0,96,0,0.06922122042964642,0.0,0.0,0.0,0.0,0.0,0.0,0,0,0,0,1,0,0,0,0.0,0.0,0.0,0.0,96,0,0,0,0,0,0,3,0,0,0,1595,-1,0,32,0,0,0,0,0,0,0,0,BENIGN
10.42.0.42-36.110.213.49-56844-443-6,10.42.0.42,56844,36.110.213.49,443,6,21/06/2017 08:59:21,41145796,2,0,0.0,0.0,0.0,0.0,0.0,0.0,0,0,0,0,0.0,0.048607639040450214,4.1145796E7,0.0,4.1145796E7,4.1145796E7,4.1145796E7,4.1145796E7,0.0,4.1145796E7,4.1145796E7,0,0,0,0,0,0,0,0,0,40,0,0.048607639040450214,0.0,0.0,0.0,0.0,0.0,0.0,0,0,0,0,1,0,0,0,0.0,0.0,0.0,0.0,40,0,0,0,0,0,0,2,0,0,0,1597,-1,0,20,0,0,0,0,0,0,0,0,BENIGN
10.42.0.42-121.12.98.64-44237-80-6,10.42.0.42,44237,121.12.98.64,80,6,21/06/2017 09:00:02,358296,1,2,0.0,0.0,0.0,0.0,0.0,0.0,0.0,0.0,0.0,0.0,0.0,8.372965369415232,179148.0,249081.1921000861,355275.0,3021.0,0,0,0,0,0,3021.0,3021.0,0.0,3021.0,3021.0,0,0,0,0,20,52,2.790988456471744,5.581976912943488,0.0,0.0,0.0,0.0,0.0,0,0,0,0,1,1,0,0,2.0,0.0,0.0,0.0,20,0,0,0,0,0,0,1,0,2,0,1369,502,0,20,0,0,0,0,0,0,0,0,BENIGN
184.29.141.182-10.42.0.42-443-43984-6,10.42.0.42,43984,184.29.141.182,443,6,21/06/2017 08:56:22,115780492,12,10,1960.0,6505.0,571.0,0.0,163.33333333333334,237.6285616952081,1448.0,0.0,650.5,559.2433876825605,73.112489451159,0.19001473927058454,5513356.761904761,2.4995322004234195E7,1.14598312E8,12.0,1.15780492E8,1.0525499272727273E7,3.4518136759792894E7,1.14598312E8,660.0,1.15754447E8,1.2861605222222222E7,3.816764364578204E7,1.14638167E8,12.0,0,0,0,0,392,328,0.10364440323850066,0.08637033603208388,0.0,1448.0,368.0434782608696,470.5928058659698,221457.58893280633,0,0,0,1,0,0,0,0,0.0,384.77272727272725,163.33333333333334,650.5,392,0,0,0,0,0,0,12,1960,10,6505,65535,1043,5,32,1149361.0,0.0,1149361.0,1149361.0,1.14598312E8,0.0,1.14598312E8,1.14598312E8,BENIGN
10.42.0.42-121.12.98.63-60433-80-6,10.42.0.42,60433,121.12.98.63,80,6,21/06/2017 09:00:02,1449099,2,0,0.0,0.0,0.0,0.0,0.0,0.0,0,0,0,0,0.0,1.3801679526381567,1449099.0,0.0,1449099.0,1449099.0,1449099.0,1449099.0,0.0,1449099.0,1449099.0,0,0,0,0,0,0,0,0,0,40,0,1.3801679526381567,0.0,0.0,0.0,0.0,0.0,0.0,0,0,0,0,1,1,0,0,0.0,0.0,0.0,0.0,40,0,0,0,0,0,0,2,0,0,0,1597,-1,0,20,0,0,0,0,0,0,0,0,BENIGN
183.56.172.229-10.42.0.42-80-33562-6,10.42.0.42,33562,183.56.172.229,80,6,21/06/2017 09:00:02,1480140,2,0,0.0,0.0,0.0,0.0,0.0,0.0,0,0,0,0,0.0,1.3512235329090492,1480140.0,0.0,1480140.0,1480140.0,1480140.0,1480140.0,0.0,1480140.0,1480140.0,0,0,0,0,0,0,0,0,0,40,0,1.3512235329090492,0.0,0.0,0.0,0.0,0.0,0.0,0,0,0,0,1,1,0,0,0.0,0.0,0.0,0.0,40,0,0,0,0,0,0,2,0,0,0,1660,-1,0,20,0,0,0,0,0,0,0,0,BENIGN
10.42.0.42-108.174.10.10-47722-443-6,10.42.0.42,47722,108.174.10.10,443,6,21/06/2017 08:57:22,52371898,50,43,7067.0,12602.0,1448.0,0.0,141.34,267.97354499339394,1448.0,0.0,293.0697674418606,483.0985010153499,375.56400953809236,1.7757614971296247,569259.760869565,4377230.204947121,4.1249305E7,11.0,5.2371898E7,1068814.2448979593,5981606.445809964,4.1249305E7,30.0,5.2341182E7,1246218.6190476194,6461889.347305303,4.1287106E7,11.0,0,0,0,0,1608,1384,0.9547104823277552,0.8210510148018695,0.0,1448.0,209.24468085106395,386.5660423251495,149433.30507892926,0,0,0,1,0,0,0,0,0.0,211.49462365591398,141.34,293.06976744186045,1608,0,0,0,0,0,0,50,7067,43,12602,65535,16,24,32,993408.5,1329658.4405855888,1933619.0,53198.0,2.48211075E7,2.3232979709843773E7,4.1249305E7,8392910.0,BENIGN
10.42.0.42-108.174.10.10-47722-443-6,10.42.0.42,47722,108.174.10.10,443,6,21/06/2017 09:00:04,26,1,1,31.0,0.0,31.0,31.0,31.0,0.0,0.0,0.0,0.0,0.0,1192307.6923076925,76923.07692307692,26.0,0.0,26.0,26.0,0,0,0,0,0,0,0,0,0,0,1,0,0,0,32,32,38461.53846153846,38461.53846153846,0.0,31.0,20.666666666666664,17.8978583448784,320.33333333333337,0,1,0,0,1,0,0,0,1.0,31.0,31.0,0.0,32,0,0,0,0,0,0,1,31,1,0,16,16,0,32,0,0,0,0,0,0,0,0,BENIGN
10.42.0.42-108.174.10.10-47722-443-6,10.42.0.42,47722,108.174.10.10,443,6,21/06/2017 09:00:04,542,2,0,0.0,0.0,0.0,0.0,0.0,0.0,0,0,0,0,0.0,3690.036900369004,542.0,0.0,542.0,542.0,542.0,542.0,0.0,542.0,542.0,0,0,0,0,0,0,0,0,0,64,0,3690.036900369004,0.0,0.0,0.0,0.0,0.0,0.0,0,0,0,0,1,0,0,0,0.0,0.0,0.0,0.0,64,0,0,0,0,0,0,2,0,0,0,1957,-1,0,32,0,0,0,0,0,0,0,0,BENIGN
10.42.0.42-121.12.98.63-60433-80-6,10.42.0.42,60433,121.12.98.63,80,6,21/06/2017 09:00:06,5774570,2,0,0.0,0.0,0.0,0.0,0.0,0.0,0,0,0,0,0.0,0.34634613486372146,5774570.0,0.0,5774570.0,5774570.0,5774570.0,5774570.0,0.0,5774570.0,5774570.0,0,0,0,0,0,0,0,0,0,40,0,0.34634613486372146,0.0,0.0,0.0,0.0,0.0,0.0,0,0,0,0,1,1,0,0,0.0,0.0,0.0,0.0,40,0,0,0,0,0,0,2,0,0,0,1597,-1,0,20,0,0,0,0,0,0,0,0,BENIGN
206.126.112.157-10.42.0.42-443-54193-6,10.42.0.42,54193,206.126.112.157,443,6,21/06/2017 08:56:18,169022,11,11,446.0,4775.0,204.0,0.0,40.54545454545455,60.94483347481333,1448.0,0.0,434.0909090909091,581.9220660097801,30889.470009821205,130.1605708132669,8048.666666666668,11952.312735756765,44546.0,17.0,169022.0,16902.199999999997,24842.4832843525,74947.0,69.0,108566.0,10856.599999999999,12660.2661741371,37521.0,17.0,0,0,0,0,360,360,65.08028540663345,65.08028540663345,0.0,1448.0,226.99999999999997,443.5997376833391,196780.72727272724,0,0,0,1,0,0,0,0,1.0,237.3181818181818,40.54545454545455,434.09090909090907,360,0,0,0,0,0,0,11,446,11,4775,65535,118,6,32,0,0,0,0,0,0,0,0,BENIGN
206.126.112.157-10.42.0.42-443-54193-6,10.42.0.42,54193,206.126.112.157,443,6,21/06/2017 09:00:19,25,1,1,55.0,0.0,55.0,55.0,55.0,0.0,0.0,0.0,0.0,0.0,2200000.0,80000.0,25.0,0.0,25.0,25.0,0,0,0,0,0,0,0,0,0,0,1,0,0,0,32,32,40000.0,40000.0,0.0,55.0,36.66666666666667,31.754264805429415,1008.3333333333333,0,1,0,0,1,0,0,0,1.0,55.0,55.0,0.0,32,0,0,0,0,0,0,1,55,1,0,118,118,0,32,0,0,0,0,0,0,0,0,BENIGN
206.126.112.157-10.42.0.42-443-54193-6,206.126.112.157,443,10.42.0.42,54193,6,21/06/2017 09:00:19,65559,1,3,0.0,0.0,0.0,0.0,0.0,0.0,0.0,0.0,0.0,0.0,0.0,61.01374334568861,21853.0,36868.72391336592,64422.0,107.0,0,0,0,0,0,1137.0,568.5,652.6595590351834,1030.0,107.0,0,0,0,0,32,108,15.253435836422153,45.76030750926646,0.0,0.0,0.0,0.0,0.0,0,0,0,0,1,1,0,0,3.0,0.0,0.0,0.0,32,0,0,0,0,0,0,1,0,3,0,118,1595,0,32,0,0,0,0,0,0,0,0,BENIGN
10.42.0.42-88.212.196.124-39856-443-6,10.42.0.42,39856,88.212.196.124,443,6,21/06/2017 09:00:02,17797497,9,7,1531.0,997.0,517.0,0.0,170.1111111111111,243.29891309068998,512.0,0.0,142.42857142857142,198.07898857346203,142.0424456315402,0.8990028204527861,1186499.8,4373628.0612160815,1.6994586E7,28.0,802883.0,100360.375,97106.06599109994,262969.0,355.0,1.7647923E7,2941320.5,6888468.403472886,1.7001355E7,28.0,0,0,0,0,296,232,0.5056890865046922,0.39331373394809394,0.0,517.0,148.7058823529412,214.40025790151302,45967.470588235294,0,0,0,1,0,0,0,0,0.0,158.0,170.11111111111111,142.42857142857142,296,0,0,0,0,0,0,9,1531,7,997,65535,543,4,32,802883.0,0.0,802883.0,802883.0,1.6994586E7,0.0,1.6994586E7,1.6994586E7,BENIGN
172.217.6.232-10.42.0.42-443-48737-6,10.42.0.42,48737,172.217.6.232,443,6,21/06/2017 08:56:20,54023,2,1,621.0,413.0,621.0,0.0,310.5,439.11331111684603,413.0,413.0,413.0,0.0,19139.99592766044,55.53190307831849,27011.5,34088.91081422227,51116.0,2907.0,54023.0,54023.0,0.0,54023.0,54023.0,0,0,0,0,0,1,0,0,0,64,32,37.02126871887899,18.510634359439496,0.0,621.0,413.75,292.7426344077678,85698.24999999999,0,1,0,0,1,0,0,0,0.0,551.6666666666666,310.5,413.0,64,0,0,0,0,0,0,2,621,1,413,1593,377,0,32,0,0,0,0,0,0,0,0,BENIGN
10.42.0.42-125.88.193.226-40058-80-6,10.42.0.42,40058,125.88.193.226,80,6,21/06/2017 09:00:20,831812,3,3,489.0,253.0,489.0,0.0,163.0,282.324281633727,253.0,0.0,84.33333333333333,146.06961810497532,892.0284872062438,7.213168360158305,166362.4,166902.17299004828,336221.0,29.0,499320.0,249660.0,351457.5260938368,498178.0,1142.0,495591.0,247795.5,350394.74460171344,495562.0,29.0,0,0,0,0,80,72,3.6065841800791527,3.6065841800791527,0.0,489.0,106.0,193.42440383777844,37413.0,0,0,0,1,0,0,0,0,1.0,123.66666666666667,163.0,84.33333333333333,80,0,0,0,0,0,0,3,489,3,253,65535,31,1,20,0,0,0,0,0,0,0,0,BENIGN
10.42.0.42-125.88.193.226-40057-80-6,10.42.0.42,40057,125.88.193.226,80,6,21/06/2017 09:00:20,862779,3,3,489.0,253.0,489.0,0.0,163.0,282.324281633727,253.0,0.0,84.33333333333333,146.06961810497532,860.0116599963607,6.954272183258981,172555.8,182898.61074294685,365973.0,449.0,500426.0,250213.0,352245.2430480787,499288.0,1138.0,496806.0,248403.0,350659.9096446584,496357.0,449.0,0,0,0,0,80,72,3.4771360916294904,3.4771360916294904,0.0,489.0,106.0,193.42440383777844,37413.0,0,0,0,1,0,0,0,0,1.0,123.66666666666667,163.0,84.33333333333333,80,0,0,0,0,0,0,3,489,3,253,65535,31,1,20,0,0,0,0,0,0,0,0,BENIGN
10.42.0.42-95.213.11.133-37238-80-6,10.42.0.42,37238,95.213.11.133,80,6,21/06/2017 09:00:01,20305573,3,1,0.0,0.0,0.0,0.0,0.0,0.0,0.0,0.0,0.0,0.0,0.0,0.19699025484284538,6768524.333333333,1.1605485998006904E7,2.0169167E7,1966.0,2.0305573E7,1.01527865E7,1.4165301148989404E7,2.0169167E7,136406.0,0,0,0,0,0,0,0,0,0,104,40,0.14774269113213404,0.049247563710711345,0.0,0.0,0.0,0.0,0.0,0,0,0,1,0,0,0,0,0.0,0.0,0.0,0.0,104,0,0,0,0,0,0,3,0,1,0,65535,27960,0,32,0,0,0,0,0,0,0,0,BENIGN
10.42.0.42-95.213.11.133-37237-80-6,10.42.0.42,37237,95.213.11.133,80,6,21/06/2017 09:00:01,20305730,3,1,0.0,0.0,0.0,0.0,0.0,0.0,0.0,0.0,0.0,0.0,0.0,0.19698873175207196,6768576.666666667,1.1601935356243988E7,2.0165121E7,4320.0,2.030573E7,1.0152865E7,1.4159468225151395E7,2.0165121E7,140609.0,0,0,0,0,0,0,0,0,0,104,40,0.14774154881405396,0.04924718293801799,0.0,0.0,0.0,0.0,0.0,0,0,0,1,0,0,0,0,0.0,0.0,0.0,0.0,104,0,0,0,0,0,0,3,0,1,0,65535,27960,0,32,0,0,0,0,0,0,0,0,BENIGN
217.69.133.148-10.42.0.42-443-49954-6,10.42.0.42,49954,217.69.133.148,443,6,21/06/2017 09:00:02,19335072,4,2,0.0,0.0,0.0,0.0,0.0,0.0,0.0,0.0,0.0,0.0,0.0,0.310316920464532,3867014.4,7953100.5254205605,1.8070179E7,3458.0,1.9335072E7,6445024.0,1.0078954812005607E7,1.8070179E7,155835.0,1108727.0,1108727.0,0.0,1108727.0,1108727.0,0,0,0,0,148,80,0.20687794697635467,0.10343897348817734,0.0,0.0,0.0,0.0,0.0,0,0,0,1,0,0,0,0,0.0,0.0,0.0,0.0,148,0,0,0,0,0,0,4,0,2,0,65535,11184,0,32,0,0,0,0,0,0,0,0,BENIGN
10.42.0.42-95.213.11.181-36974-80-6,10.42.0.42,36974,95.213.11.181,80,6,21/06/2017 09:00:01,20305400,3,1,0.0,0.0,0.0,0.0,0.0,0.0,0.0,0.0,0.0,0.0,0.0,0.19699193318033628,6768466.666666667,1.160603685049614E7,2.0169749E7,2135.0,2.03054E7,1.01527E7,1.416624655075585E7,2.0169749E7,135651.0,0,0,0,0,0,0,0,0,0,104,40,0.14774394988525222,0.04924798329508407,0.0,0.0,0.0,0.0,0.0,0,0,0,1,0,0,0,0,0.0,0.0,0.0,0.0,104,0,0,0,0,0,0,3,0,1,0,65535,27960,0,32,0,0,0,0,0,0,0,0,BENIGN
10.42.0.42-95.213.11.181-36973-80-6,10.42.0.42,36973,95.213.11.181,80,6,21/06/2017 09:00:01,20307025,3,1,0.0,0.0,0.0,0.0,0.0,0.0,0.0,0.0,0.0,0.0,0.0,0.1969761695767844,6769008.333333333,1.1603056211749572E7,2.0166846E7,3962.0,2.0307025E7,1.01535125E7,1.4160992040264852E7,2.0166846E7,140179.0,0,0,0,0,0,0,0,0,0,104,40,0.1477321271825883,0.0492440423941961,0.0,0.0,0.0,0.0,0.0,0,0,0,1,0,0,0,0,0.0,0.0,0.0,0.0,104,0,0,0,0,0,0,3,0,1,0,65535,27960,0,32,0,0,0,0,0,0,0,0,BENIGN
10.42.0.42-104.88.89.135-54474-443-6,10.42.0.42,54474,104.88.89.135,443,6,21/06/2017 09:00:02,20058475,5,6,568.0,183.0,517.0,0.0,113.6,226.58618669283442,152.0,0.0,30.5,60.800493419050476,37.44053324093681,0.5483966253665844,2005847.5,6295593.099165835,1.9923302E7,26.0,62817.0,15704.25,17705.374162948377,31787.0,282.0,2.0031448E7,4006289.6,8897934.367508916,1.9923302E7,26.0,0,0,0,0,168,200,0.24927119334844747,0.29912543201813696,0.0,517.0,62.58333333333333,149.83473218749037,22450.446969696968,0,0,0,1,0,0,0,0,1.0,68.27272727272727,113.6,30.5,168,0,0,0,0,0,0,5,568,6,183,65535,939,2,32,135147.0,0.0,135147.0,135147.0,1.9923302E7,0.0,1.9923302E7,1.9923302E7,BENIGN
10.42.0.42-104.88.89.135-54473-443-6,10.42.0.42,54473,104.88.89.135,443,6,21/06/2017 09:00:02,20059678,5,6,568.0,183.0,517.0,0.0,113.6,226.58618669283442,152.0,0.0,30.5,60.800493419050476,37.4382878927568,0.5483637374438413,2005967.8,6297730.310313599,1.992952E7,19.0,63294.0,15823.5,17766.779758864577,31956.0,334.0,2.0032504E7,4006500.8,8901285.068314165,1.992952E7,19.0,0,0,0,0,168,200,0.24925624429265514,0.2991074931511862,0.0,517.0,62.58333333333333,149.83473218749037,22450.446969696968,0,0,0,1,0,0,0,0,1.0,68.27272727272727,113.6,30.5,168,0,0,0,0,0,0,5,568,6,183,65535,939,2,32,130139.0,0.0,130139.0,130139.0,1.992952E7,0.0,1.992952E7,1.992952E7,BENIGN
192.229.173.136-10.42.0.42-443-42253-6,10.42.0.42,42253,192.229.173.136,443,6,21/06/2017 08:57:23,560186,16,19,2089.0,16502.0,599.0,0.0,130.5625,232.86418609710393,1448.0,0.0,868.5263157894739,604.2664394326079,33187.19139714309,62.47924796406908,16476.058823529413,41855.34813873391,179919.0,3.0,560186.0,37345.73333333334,58381.10643921256,179919.0,7.0,534103.0,29672.38888888889,67871.9198448674,213386.0,3.0,0,0,0,0,520,616,28.56194192643158,33.9173060376375,0.0,1448.0,516.4166666666669,594.986980649877,354009.50714285707,0,0,0,1,0,0,0,0,1.0,531.1714285714286,130.5625,868.5263157894736,520,0,0,0,0,0,0,16,2089,19,16502,65535,292,5,32,0,0,0,0,0,0,0,0,BENIGN
192.229.173.136-10.42.0.42-443-42253-6,10.42.0.42,42253,192.229.173.136,443,6,21/06/2017 09:00:24,225912,2,1,0.0,0.0,0.0,0.0,0.0,0.0,0.0,0.0,0.0,0.0,0.0,13.279507064697759,112956.0,157461.36646174514,224298.0,1614.0,224298.0,224298.0,0.0,224298.0,224298.0,0,0,0,0,0,0,0,0,0,64,32,8.853004709798505,4.426502354899252,0.0,0.0,0.0,0.0,0.0,0,0,0,0,1,1,0,0,0.0,0.0,0.0,0.0,64,0,0,0,0,0,0,2,0,1,0,292,292,0,32,0,0,0,0,0,0,0,0,BENIGN
172.217.7.6-10.42.0.42-443-42485-6,10.42.0.42,42485,172.217.7.6,443,6,21/06/2017 08:56:25,266698,15,14,1035.0,4968.0,392.0,0.0,69.00000000000001,116.82648916846115,1418.0,0.0,354.85714285714283,556.0591912519963,22508.605238884433,108.7372233762533,9524.92857142857,16776.471756221617,76205.0,17.0,190493.0,13606.642857142857,18014.596157249576,50215.0,74.0,229460.0,17650.76923076923,25989.590974573668,83495.0,17.0,0,0,0,0,488,456,56.24339140151032,52.49383197474297,0.0,1418.0,200.09999999999997,408.69205589505174,167029.1965517241,0,0,0,1,0,0,0,0,0.0,207.0,69.0,354.85714285714283,488,0,0,0,0,0,0,15,1035,14,4968,65535,357,8,32,0,0,0,0,0,0,0,0,BENIGN
172.217.7.6-10.42.0.42-443-42485-6,10.42.0.42,42485,172.217.7.6,443,6,21/06/2017 09:00:25,26,1,1,55.0,0.0,55.0,55.0,55.0,0.0,0.0,0.0,0.0,0.0,2115384.6153846155,76923.07692307692,26.0,0.0,26.0,26.0,0,0,0,0,0,0,0,0,0,0,1,0,0,0,32,32,38461.53846153846,38461.53846153846,0.0,55.0,36.66666666666667,31.754264805429415,1008.3333333333333,0,1,0,0,1,0,0,0,1.0,55.0,55.0,0.0,32,0,0,0,0,0,0,1,55,1,0,357,357,0,32,0,0,0,0,0,0,0,0,BENIGN
172.217.7.6-10.42.0.42-443-42485-6,10.42.0.42,42485,172.217.7.6,443,6,21/06/2017 09:00:25,11211,1,1,0.0,0.0,0.0,0.0,0.0,0.0,0.0,0.0,0.0,0.0,0.0,178.39621800017838,11211.0,0.0,11211.0,11211.0,0,0,0,0,0,0,0,0,0,0,0,0,0,0,32,32,89.19810900008919,89.19810900008919,0.0,0.0,0.0,0.0,0.0,0,0,0,0,1,1,0,0,1.0,0.0,0.0,0.0,32,0,0,0,0,0,0,1,0,1,0,1594,357,0,32,0,0,0,0,0,0,0,0,BENIGN
172.217.10.102-10.42.0.42-443-36940-6,10.42.0.42,36940,172.217.10.102,443,6,21/06/2017 08:56:25,188389,15,15,953.0,4783.0,317.0,0.0,63.53333333333334,102.09789886369333,1418.0,0.0,318.8666666666667,539.0949911878328,30447.6376009215,159.2449665320162,6496.172413793103,11540.050950212375,36376.0,7.0,152429.0,10887.785714285714,14525.588282425928,39981.0,60.0,152013.0,10858.07142857143,18988.77484387628,53410.0,7.0,0,0,0,0,488,488,79.6224832660081,79.6224832660081,0.0,1418.0,185.0322580645161,397.45041484198316,157966.8322580645,0,0,0,1,0,0,0,0,1.0,191.2,63.53333333333333,318.8666666666667,488,0,0,0,0,0,0,15,953,15,4783,65535,357,8,32,0,0,0,0,0,0,0,0,BENIGN
172.217.10.102-10.42.0.42-443-36940-6,10.42.0.42,36940,172.217.10.102,443,6,21/06/2017 09:00:25,27,1,1,55.0,0.0,55.0,55.0,55.0,0.0,0.0,0.0,0.0,0.0,2037037.037037037,74074.07407407407,27.0,0.0,27.0,27.0,0,0,0,0,0,0,0,0,0,0,1,0,0,0,32,32,37037.03703703704,37037.03703703704,0.0,55.0,36.66666666666667,31.754264805429415,1008.3333333333333,0,1,0,0,1,0,0,0,1.0,55.0,55.0,0.0,32,0,0,0,0,0,0,1,55,1,0,357,357,0,32,0,0,0,0,0,0,0,0,BENIGN
183.56.172.140-10.42.0.42-80-48435-6,10.42.0.42,48435,183.56.172.140,80,6,21/06/2017 09:00:20,5818773,4,4,0.0,0.0,0.0,0.0,0.0,0.0,0.0,0.0,0.0,0.0,0.0,1.374860301304072,831253.2857142857,1531463.6262207595,4180781.0,6643.0,1637992.0,545997.3333333334,529427.1305291535,1147863.0,152267.0,5489411.0,1829803.6666666667,2101577.829462981,4187424.0,153149.0,0,0,0,0,124,116,0.687430150652036,0.687430150652036,0.0,0.0,0.0,0.0,0.0,0,0,0,1,0,0,0,0,1.0,0.0,0.0,0.0,124,0,0,0,0,0,0,4,0,4,0,65535,183,0,20,0,0,0,0,0,0,0,0,BENIGN
10.42.0.42-36.110.213.49-34295-80-6,10.42.0.42,34295,36.110.213.49,80,6,21/06/2017 09:00:22,4016279,4,3,716.0,1364.0,358.0,0.0,179.0,206.69139636988604,1364.0,0.0,454.6666666666667,787.5057671746496,517.8923077804106,1.7429068050302283,669379.8333333334,844295.5142537277,2182622.0,421.0,1478004.0,492668.0,566279.5436063359,1111541.0,421.0,3660420.0,1830210.0,498385.8299430272,2182622.0,1477798.0,0,0,0,0,100,84,0.9959467457315591,0.7469600592986693,0.0,1364.0,260.0,474.4958226520922,225146.28571428574,0,0,0,1,0,0,0,0,0.0,297.14285714285717,179.0,454.6666666666667,100,0,0,0,0,0,0,4,716,3,1364,65535,123,2,20,0,0,0,0,0,0,0,0,BENIGN
10.42.0.42-36.110.213.49-34295-80-6,10.42.0.42,34295,36.110.213.49,80,6,21/06/2017 09:00:26,2028,2,0,0.0,0.0,0.0,0.0,0.0,0.0,0,0,0,0,0.0,986.1932938856016,2028.0,0.0,2028.0,2028.0,2028.0,2028.0,0.0,2028.0,2028.0,0,0,0,0,0,0,0,0,0,40,0,986.1932938856016,0.0,0.0,0.0,0.0,0.0,0.0,0,0,0,0,1,0,0,0,0.0,0.0,0.0,0.0,40,0,0,0,0,0,0,2,0,0,0,1415,-1,0,20,0,0,0,0,0,0,0,0,BENIGN
172.217.10.238-10.42.0.42-443-52148-6,10.42.0.42,52148,172.217.10.238,443,6,21/06/2017 08:56:26,451444,8,8,1156.0,1015.0,908.0,0.0,144.5,316.5203672074561,450.0,0.0,126.87499999999999,178.25458319092786,4809.012856522625,35.44182667174666,30096.266666666666,40432.55027903467,152634.0,47.0,451444.0,64492.00000000001,62033.14846381194,189668.0,6589.0,373245.0,53320.71428571429,74113.84982964674,204775.0,47.0,0,0,0,0,264,264,17.72091333587333,17.72091333587333,0.0,908.0,127.70588235294117,242.6789970068182,58893.09558823528,0,0,0,1,0,0,0,0,1.0,135.6875,144.5,126.875,264,0,0,0,0,0,0,8,1156,8,1015,65535,362,3,32,0,0,0,0,0,0,0,0,BENIGN
172.217.9.234-10.42.0.42-443-37268-6,10.42.0.42,37268,172.217.9.234,443,6,21/06/2017 08:56:24,4986502,108,61,113328.0,7225.0,1368.0,0.0,1049.3333333333333,549.1485848331934,1418.0,0.0,118.44262295081964,307.01761755042463,24175.86516560106,33.891493475787236,29681.559523809516,116386.1782987587,1074067.0,2.0,4986502.0,46602.82242990653,147210.7080637109,1074067.0,5.0,4828698.0,80478.29999999999,200093.67612749172,1113301.0,2.0,0,0,0,0,3464,1960,21.658469203461667,12.23302427232557,0.0,1418.0,709.135294117647,653.6613489430011,427273.15910198394,0,0,0,1,0,0,0,0,0.0,713.3313609467456,1049.3333333333333,118.44262295081967,3464,0,0,0,0,0,0,108,113328,61,7225,65535,1622,95,32,0,0,0,0,0,0,0,0,BENIGN
172.217.9.234-10.42.0.42-443-49698-6,10.42.0.42,49698,172.217.9.234,443,6,21/06/2017 08:56:29,350333,9,6,3123.0,761.0,1368.0,0.0,347.0,583.624879524511,618.0,0.0,126.83333333333334,247.32684178363388,11086.594754133925,42.81640610504862,25023.785714285717,30177.020567563737,113769.0,387.0,350333.0,43791.625,55185.64216982918,150428.0,387.0,279453.0,55890.6,60484.366213923415,159390.0,1243.0,0,0,0,0,296,200,25.689843663029176,17.12656244201945,0.0,1368.0,242.75,466.77310690884207,217877.13333333333,0,0,0,1,0,0,0,0,0.0,258.93333333333334,347.0,126.83333333333333,296,0,0,0,0,0,0,9,3123,6,761,65535,383,5,32,0,0,0,0,0,0,0,0,BENIGN
10.42.0.42-36.110.213.49-34294-80-6,10.42.0.42,34294,36.110.213.49,80,6,21/06/2017 09:00:21,11805438,4,3,0.0,0.0,0.0,0.0,0.0,0.0,0.0,0.0,0.0,0.0,0.0,0.5929470808283437,1967573.0,4125850.7269687303,1.0353777E7,691.0,1451661.0,483887.0,501501.27892259654,1002928.0,1991.0,1.0446755E7,5223377.5,7259273.474066431,1.0356459E7,90296.0,0,0,0,0,132,84,0.3388269033304821,0.2541201774978616,0.0,0.0,0.0,0.0,0.0,0,0,0,1,0,0,0,0,0.0,0.0,0.0,0.0,132,0,0,0,0,0,0,4,0,3,0,65535,115,0,20,0,0,0,0,0,0,0,0,BENIGN
172.217.9.234-10.42.0.42-443-38716-6,10.42.0.42,38716,172.217.9.234,443,6,21/06/2017 08:56:35,274633,10,9,682.0,4610.0,331.0,0.0,68.19999999999999,119.97666439770694,1418.0,0.0,512.2222222222223,582.7627685812165,19269.352190013582,69.18323726573281,15257.388888888889,23945.14298076503,76768.0,17.0,274633.0,30514.777777777777,30537.76531926402,81528.0,112.0,234498.0,29312.249999999996,42208.968247281286,102607.0,17.0,0,0,0,0,328,296,36.412230139859375,32.77100712587344,0.0,1418.0,264.59999999999997,450.3824573567856,202844.3578947368,0,0,0,1,0,0,0,0,0.0,278.5263157894737,68.2,512.2222222222222,328,0,0,0,0,0,0,10,682,9,4610,65535,349,3,32,0,0,0,0,0,0,0,0,BENIGN
172.217.6.240-10.42.0.42-443-50186-6,10.42.0.42,50186,172.217.6.240,443,6,21/06/2017 08:56:35,911619,19,12,1872.0,10663.0,260.0,0.0,98.52631578947368,121.92865328227025,1418.0,0.0,888.5833333333335,506.0451755495448,13750.26189669149,34.005434287789086,30387.300000000003,56933.12905212146,311808.0,11.0,911619.0,50645.50000000001,69792.18319979766,311808.0,47.0,872567.0,79324.27272727272,101113.4973899043,351540.0,11.0,0,0,0,0,616,392,20.842040369935248,13.16339391785384,0.0,1418.0,391.71874999999994,502.6930208243235,252700.2731854838,0,0,0,1,0,0,0,0,0.0,404.35483870967744,98.52631578947368,888.5833333333334,616,0,0,0,0,0,0,19,1872,12,10663,65535,390,8,32,0,0,0,0,0,0,0,0,BENIGN
10.42.0.42-88.212.196.124-39855-443-6,10.42.0.42,39855,88.212.196.124,443,6,21/06/2017 09:00:02,39533524,7,4,568.0,152.0,517.0,0.0,81.14285714285714,193.13244900104917,152.0,0.0,38.0,76.0,18.21239108357757,0.27824486377687957,3953352.4,8195627.627193229,2.0486164E7,742.0,3.9533524E7,6588920.666666666,1.010718540704336E7,2.0741211E7,742.0,2.0914596E7,6971532.0,1.1704150964706881E7,2.0486164E7,157725.0,0,0,0,0,232,124,0.17706491331255975,0.10117995046431985,0.0,517.0,60.0,150.69354815168916,22708.545454545456,0,0,0,1,0,0,0,0,0.0,65.45454545454545,81.14285714285714,38.0,232,0,0,0,0,0,0,7,568,4,152,65535,543,2,32,578574.0,0.0,578574.0,578574.0,2.0486164E7,0.0,2.0486164E7,2.0486164E7,BENIGN
10.42.0.42-88.212.196.124-39854-443-6,10.42.0.42,39854,88.212.196.124,443,6,21/06/2017 09:00:02,39533647,7,4,568.0,152.0,517.0,0.0,81.14285714285714,193.13244900104917,152.0,0.0,38.0,76.0,18.212334419842417,0.2782439980809258,3953364.7,8193365.184864547,2.0486387E7,707.0,3.9533647E7,6588941.166666666,1.0103515362306794E7,2.0740544E7,707.0,2.0924449E7,6974816.333333333,1.1701522262654604E7,2.0486387E7,158065.0,0,0,0,0,232,124,0.17706436241513462,0.10117963566579122,0.0,517.0,60.0,150.69354815168916,22708.545454545456,0,0,0,1,0,0,0,0,0.0,65.45454545454545,81.14285714285714,38.0,232,0,0,0,0,0,0,7,568,4,152,65535,543,2,32,587953.0,0.0,587953.0,587953.0,2.0486387E7,0.0,2.0486387E7,2.0486387E7,BENIGN
192.229.173.136-10.42.0.42-443-42253-6,10.42.0.42,42253,192.229.173.136,443,6,21/06/2017 09:00:24,16822651,2,0,0.0,0.0,0.0,0.0,0.0,0.0,0,0,0,0,0.0,0.11888732637917769,1.6822651E7,0.0,1.6822651E7,1.6822651E7,1.6822651E7,1.6822651E7,0.0,1.6822651E7,1.6822651E7,0,0,0,0,0,0,0,0,0,76,0,0.11888732637917769,0.0,0.0,0.0,0.0,0.0,0.0,0,0,0,0,1,0,0,0,0.0,0.0,0.0,0.0,76,0,0,0,0,0,0,2,0,0,0,2048,-1,0,32,0,0,0,0,0,0,0,0,BENIGN
217.69.133.148-10.42.0.42-443-49951-6,10.42.0.42,49951,217.69.133.148,443,6,21/06/2017 09:00:02,39331569,6,4,568.0,137.0,517.0,0.0,94.66666666666666,207.9035032573205,137.0,0.0,34.25,68.5,17.924532835188955,0.25424869269771566,4370174.333333333,1.2918832822071727E7,3.8819735E7,340.0,3.9331569E7,7866313.8,1.741138589090078E7,3.9012433E7,400.0,358935.0,119645.0,105823.20524818741,202173.0,340.0,0,0,0,0,200,136,0.15254921561862939,0.10169947707908626,0.0,517.0,64.0909090909091,156.03682549030185,24347.49090909091,0,0,0,1,0,0,0,0,0.0,70.5,94.66666666666667,34.25,200,0,0,0,0,0,0,6,568,4,137,65535,6128,2,32,0,0,0,0,0,0,0,0,BENIGN
217.69.133.148-10.42.0.42-443-49953-6,10.42.0.42,49953,217.69.133.148,443,6,21/06/2017 09:00:02,39331301,6,4,568.0,137.0,517.0,0.0,94.66666666666666,207.9035032573205,137.0,0.0,34.25,68.5,17.92465497136746,0.25425042512577956,4370144.555555556,1.2913901821041029E7,3.8806532E7,157.0,3.9331301E7,7866260.2,1.740613163534864E7,3.9002992E7,433.0,368754.0,122918.0,109384.93851074745,210035.0,157.0,0,0,0,0,200,136,0.15255025507546774,0.10170017005031183,0.0,517.0,64.0909090909091,156.03682549030185,24347.49090909091,0,0,0,1,0,0,0,0,0.0,70.5,94.66666666666667,34.25,200,0,0,0,0,0,0,6,568,4,137,65535,6128,2,32,0,0,0,0,0,0,0,0,BENIGN
10.42.0.42-125.88.193.226-40059-80-6,10.42.0.42,40059,125.88.193.226,80,6,21/06/2017 09:00:21,20695797,3,1,0.0,0.0,0.0,0.0,0.0,0.0,0.0,0.0,0.0,0.0,0.0,0.1932759583987029,6898599.0,1.1648263081658011E7,2.0347612E7,15758.0,2.0695797E7,1.03478985E7,1.414173045154533E7,2.0347612E7,348185.0,0,0,0,0,0,0,0,0,0,80,32,0.14495696879902717,0.048318989599675725,0.0,0.0,0.0,0.0,0.0,0,0,0,1,0,0,0,0,0.0,0.0,0.0,0.0,80,0,0,0,0,0,0,3,0,1,0,65535,14600,0,20,0,0,0,0,0,0,0,0,BENIGN
183.56.172.140-10.42.0.42-80-48435-6,10.42.0.42,48435,183.56.172.140,80,6,21/06/2017 09:00:25,15866503,2,0,0.0,0.0,0.0,0.0,0.0,0.0,0,0,0,0,0.0,0.1260517204074521,1.5866503E7,0.0,1.5866503E7,1.5866503E7,1.5866503E7,1.5866503E7,0.0,1.5866503E7,1.5866503E7,0,0,0,0,0,0,0,0,0,40,0,0.1260517204074521,0.0,0.0,0.0,0.0,0.0,0.0,0,0,0,0,1,0,0,0,0.0,0.0,0.0,0.0,40,0,0,0,0,0,0,2,0,0,0,1369,-1,0,20,0,0,0,0,0,0,0,0,BENIGN
10.42.0.42-36.110.213.49-34294-80-6,10.42.0.42,34294,36.110.213.49,80,6,21/06/2017 09:00:33,8026622,2,0,0.0,0.0,0.0,0.0,0.0,0.0,0,0,0,0,0.0,0.2491708217977625,8026622.0,0.0,8026622.0,8026622.0,8026622.0,8026622.0,0.0,8026622.0,8026622.0,0,0,0,0,0,0,0,0,0,40,0,0.2491708217977625,0.0,0.0,0.0,0.0,0.0,0.0,0,0,0,0,1,0,0,0,0.0,0.0,0.0,0.0,40,0,0,0,0,0,0,2,0,0,0,1369,-1,0,20,0,0,0,0,0,0,0,0,BENIGN
10.42.0.42-88.212.196.124-39854-443-6,88.212.196.124,443,10.42.0.42,39854,6,21/06/2017 09:00:41,1342,2,0,0.0,0.0,0.0,0.0,0.0,0.0,0,0,0,0,0.0,1490.3129657228017,1342.0,0.0,1342.0,1342.0,1342.0,1342.0,0.0,1342.0,1342.0,0,0,0,0,0,0,0,0,0,64,0,1490.3129657228017,0.0,0.0,0.0,0.0,0.0,0.0,0,0,0,0,1,0,0,0,0.0,0.0,0.0,0.0,64,0,0,0,0,0,0,2,0,0,0,543,-1,0,32,0,0,0,0,0,0,0,0,BENIGN
10.42.0.42-88.212.196.124-39855-443-6,88.212.196.124,443,10.42.0.42,39855,6,21/06/2017 09:00:41,791,2,0,0.0,0.0,0.0,0.0,0.0,0.0,0,0,0,0,0.0,2528.4450063211125,791.0,0.0,791.0,791.0,791.0,791.0,0.0,791.0,791.0,0,0,0,0,0,0,0,0,0,64,0,2528.4450063211125,0.0,0.0,0.0,0.0,0.0,0.0,0,0,0,0,1,0,0,0,0.0,0.0,0.0,0.0,64,0,0,0,0,0,0,2,0,0,0,543,-1,0,32,0,0,0,0,0,0,0,0,BENIGN
151.101.1.140-10.42.0.42-443-58791-6,10.42.0.42,58791,151.101.1.140,443,6,21/06/2017 09:00:45,105654,8,4,338.0,3608.0,212.0,0.0,42.24999999999999,81.53833454271677,1448.0,0.0,902.0,694.2468341063333,37348.32566679917,113.5782838321313,9604.90909090909,13503.566495222996,45202.0,7.0,105654.0,15093.428571428572,16157.291819868233,45202.0,7.0,25150.0,8383.333333333332,14371.598600480509,24978.0,11.0,0,0,0,0,264,136,75.71885588808753,37.859427944043766,0.0,1448.0,303.53846153846155,544.9318941214298,296950.7692307692,0,0,0,1,0,0,0,0,0.0,328.8333333333333,42.25,902.0,264,0,0,0,0,0,0,8,338,4,3608,65535,59,2,32,0,0,0,0,0,0,0,0,BENIGN
151.101.1.140-10.42.0.42-443-58792-6,10.42.0.42,58792,151.101.1.140,443,6,21/06/2017 09:00:45,100494,8,4,331.0,3608.0,205.0,0.0,41.375,79.46776075868755,1448.0,0.0,902.0,694.2468341063333,39196.369932533285,119.41011403665891,9135.818181818182,13248.79678928001,43400.0,5.0,100494.0,14356.285714285716,15526.651009520005,43400.0,100.0,22807.0,7602.333333333334,13086.288600414302,22713.0,5.0,0,0,0,0,264,136,79.60674269110594,39.80337134555297,0.0,1448.0,303.0,545.0333323140277,297061.3333333333,0,0,0,1,0,0,0,0,0.0,328.25,41.375,902.0,264,0,0,0,0,0,0,8,331,4,3608,65535,59,2,32,0,0,0,0,0,0,0,0,BENIGN
151.101.1.140-10.42.0.42-443-58791-6,151.101.1.140,443,10.42.0.42,58791,6,21/06/2017 09:00:45,12854,3,1,289.0,0.0,258.0,0.0,96.33333333333334,140.8628174265066,0.0,0.0,0.0,0.0,22483.273689124006,311.18717908822157,4284.666666666666,4278.0374394496985,8573.0,17.0,12854.0,6427.0,9065.10893481154,12837.0,17.0,0,0,0,0,0,1,0,0,0,96,20,233.39038431616615,77.79679477205539,0.0,258.0,109.4,136.24169699471597,18561.8,0,1,0,0,1,0,0,0,0.0,136.75,96.33333333333333,0.0,96,0,0,0,0,0,0,3,289,1,0,59,0,1,32,0,0,0,0,0,0,0,0,BENIGN
151.101.1.140-10.42.0.42-443-58792-6,151.101.1.140,443,10.42.0.42,58792,6,21/06/2017 09:00:45,15123,3,1,289.0,0.0,258.0,0.0,96.33333333333334,140.8628174265066,0.0,0.0,0.0,0.0,19109.96495404351,264.49778483105206,5041.0,4356.145429160969,7839.0,22.0,15123.0,7561.5,10662.46315351195,15101.0,22.0,0,0,0,0,0,1,0,0,0,96,20,198.37333862328904,66.12444620776301,0.0,258.0,109.4,136.24169699471597,18561.8,0,1,0,0,1,0,0,0,0.0,136.75,96.33333333333333,0.0,96,0,0,0,0,0,0,3,289,1,0,59,0,1,32,0,0,0,0,0,0,0,0,BENIGN
151.101.1.140-10.42.0.42-443-58797-6,10.42.0.42,58797,151.101.1.140,443,6,21/06/2017 09:00:46,59188,7,4,333.0,3608.0,207.0,0.0,47.57142857142857,84.54162119504046,1448.0,0.0,902.0,694.2468341063333,66584.44279245794,185.8484828005677,5918.799999999999,6780.854449600483,17120.0,11.0,59188.0,9864.666666666668,8157.350615651301,19677.0,454.0,19819.0,6606.333333333334,11304.1515087747,19659.0,11.0,0,0,0,0,232,136,118.26721632763399,67.5812664729337,0.0,1448.0,328.41666666666663,561.2313505034076,314980.6287878787,0,0,0,1,0,0,0,0,0.0,358.27272727272725,47.57142857142857,902.0,232,0,0,0,0,0,0,7,333,4,3608,65535,59,2,32,0,0,0,0,0,0,0,0,BENIGN
151.101.1.140-10.42.0.42-443-58797-6,151.101.1.140,443,10.42.0.42,58797,6,21/06/2017 09:00:46,11474,3,1,289.0,0.0,258.0,0.0,96.33333333333334,140.8628174265066,0.0,0.0,0.0,0.0,25187.380163848702,348.6142583231654,3824.666666666667,3993.6652755749737,7986.0,23.0,11474.0,5737.0,8080.816295399865,11451.0,23.0,0,0,0,0,0,1,0,0,0,96,20,261.4606937423741,87.15356458079135,0.0,258.0,109.4,136.24169699471597,18561.8,0,1,0,0,1,0,0,0,0.0,136.75,96.33333333333333,0.0,96,0,0,0,0,0,0,3,289,1,0,59,0,1,32,0,0,0,0,0,0,0,0,BENIGN
10.42.0.42-121.12.98.63-60433-80-6,10.42.0.42,60433,121.12.98.63,80,6,21/06/2017 09:00:23,23110702,2,0,0.0,0.0,0.0,0.0,0.0,0.0,0,0,0,0,0.0,0.08653999346276889,2.3110702E7,0.0,2.3110702E7,2.3110702E7,2.3110702E7,2.3110702E7,0.0,2.3110702E7,2.3110702E7,0,0,0,0,0,0,0,0,0,40,0,0.08653999346276889,0.0,0.0,0.0,0.0,0.0,0.0,0,0,0,0,1,1,0,0,0.0,0.0,0.0,0.0,40,0,0,0,0,0,0,2,0,0,0,1597,-1,0,20,0,0,0,0,0,0,0,0,BENIGN
10.42.0.42-72.5.205.57-42720-443-6,10.42.0.42,42720,72.5.205.57,443,6,21/06/2017 09:00:48,173749,7,10,700.0,8592.0,365.0,0.0,100.0,143.05127285930268,1460.0,0.0,859.2,682.9362748862851,53479.44448601143,97.84228973979707,10859.3125,15336.002459218851,38468.0,5.0,134739.0,22456.5,21779.314688483657,49968.0,277.0,140144.0,15571.555555555555,23334.927169969436,54181.0,5.0,0,0,0,0,160,212,40.2880016575635,57.55428808223357,0.0,1460.0,516.2222222222223,640.5837921546578,410347.5947712418,0,0,0,1,0,0,0,0,1.0,546.5882352941177,100.0,859.2,160,0,0,0,0,0,0,7,700,10,8592,65535,131,3,20,0,0,0,0,0,0,0,0,BENIGN
10.42.0.42-72.5.205.57-42720-443-6,10.42.0.42,42720,72.5.205.57,443,6,21/06/2017 09:00:48,422,2,0,0.0,0.0,0.0,0.0,0.0,0.0,0,0,0,0,0.0,4739.336492890995,422.0,0.0,422.0,422.0,422.0,422.0,0.0,422.0,422.0,0,0,0,0,0,0,0,0,0,40,0,4739.336492890995,0.0,0.0,0.0,0.0,0.0,0.0,0,0,0,0,1,0,0,0,0.0,0.0,0.0,0.0,40,0,0,0,0,0,0,2,0,0,0,1734,-1,0,20,0,0,0,0,0,0,0,0,BENIGN
10.42.0.42-72.5.205.57-42722-443-6,10.42.0.42,42722,72.5.205.57,443,6,21/06/2017 09:00:49,169660,8,7,975.0,3637.0,641.0,0.0,121.875,223.98752356835797,1460.0,0.0,519.5714285714286,654.2180719869223,27183.779323352588,88.41211835435577,12118.571428571428,15641.903463327088,36912.0,11.0,134309.0,19187.0,22286.818473408595,46785.0,45.0,133708.0,22284.666666666668,24079.968261330137,47946.0,11.0,0,0,0,0,180,152,47.153129788989744,41.258988565366025,0.0,1460.0,288.25,489.7823326063664,239886.73333333337,0,0,0,1,0,0,0,0,0.0,307.46666666666664,121.875,519.5714285714286,180,0,0,0,0,0,0,8,975,7,3637,65535,133,3,20,0,0,0,0,0,0,0,0,BENIGN
10.42.0.42-36.110.213.49-34294-80-6,10.42.0.42,34294,36.110.213.49,80,6,21/06/2017 09:00:44,6024354,2,0,0.0,0.0,0.0,0.0,0.0,0.0,0,0,0,0,0.0,0.3319858029591223,6024354.0,0.0,6024354.0,6024354.0,6024354.0,6024354.0,0.0,6024354.0,6024354.0,0,0,0,0,0,0,0,0,0,40,0,0.3319858029591223,0.0,0.0,0.0,0.0,0.0,0.0,0,0,0,0,1,1,0,0,0.0,0.0,0.0,0.0,40,0,0,0,0,0,0,2,0,0,0,1369,-1,0,20,0,0,0,0,0,0,0,0,BENIGN
10.42.0.42-74.125.192.188-54919-5228-6,10.42.0.42,54919,74.125.192.188,5228,6,21/06/2017 08:58:23,107118253,6,5,3177.0,1014.0,1059.0,0.0,529.5,580.0381883979709,338.0,0.0,202.8,185.13022443674615,39.124984609299034,0.10269024831837018,1.0711825299999999E7,2.2510470919321623E7,5.5207628E7,2185.0,1.07118253E8,2.14236506E7,2.9210759090249546E7,5.5207628E7,98523.0,1.07027507E8,2.675687675E7,3.0878606691796564E7,5.5306908E7,23527.0,1,0,0,0,192,160,0.056012862719111,0.046677385599259165,0.0,1059.0,437.50000000000006,479.7519245306986,230161.90909090915,0,1,0,0,1,0,0,0,0.0,477.27272727272725,529.5,202.8,192,0,0,0,0,0,0,6,3177,5,1014,1815,507,2,32,106508.0,11292.495295549164,114493.0,98523.0,5.33914945E7,2568400.6267801174,5.5207628E7,5.1575361E7,BENIGN
172.217.3.100-10.42.0.42-443-35367-6,10.42.0.42,35367,172.217.3.100,443,6,21/06/2017 08:56:52,268534,11,11,2065.0,4516.0,1368.0,0.0,187.72727272727272,415.36877372019455,1418.0,0.0,410.54545454545456,565.9634906310413,24507.138760827307,81.92631100717227,12787.333333333332,16073.71713491728,38531.0,5.0,268534.0,26853.4,23687.548624165865,61575.0,86.0,229295.0,22929.5,30393.73039241262,78725.0,5.0,0,0,0,0,360,360,40.96315550358614,40.96315550358614,0.0,1418.0,286.13043478260875,490.227897313431,240323.39130434784,0,0,0,1,0,0,0,0,1.0,299.1363636363636,187.72727272727272,410.54545454545456,360,0,0,0,0,0,0,11,2065,11,4516,65535,383,4,32,0,0,0,0,0,0,0,0,BENIGN
169.47.42.102-10.42.0.42-5222-38019-6,10.42.0.42,38019,169.47.42.102,5222,6,21/06/2017 08:58:34,118533382,36,30,845.0,645.0,210.0,0.0,23.472222222222218,49.491982676049155,67.0,0.0,21.500000000000004,24.82733476884174,12.570298551002281,0.5568051707155374,1823590.492307692,6470051.587241688,3.49491E7,400.0,1.18533382E8,3386668.0571428575,8565778.38298151,3.49491E7,2964.0,1.1845888E8,4084788.9655172415,9319860.6737848,3.5023452E7,400.0,1,0,0,0,1152,960,0.303711911299384,0.25309325941615335,0.0,210.0,22.28358208955224,39.70489854907581,1576.478968792402,0,1,0,0,1,0,0,0,0.0,22.62121212121212,23.47222222222222,21.5,1152,0,0,0,0,0,0,36,845,30,645,1386,514,23,32,1349831.2000000002,1661597.5095421574,3176786.0,123530.0,2.23322328E7,9919035.530785173,3.49491E7,1.2584173E7,BENIGN
172.217.3.100-10.42.0.42-443-54499-6,10.42.0.42,54499,172.217.3.100,443,6,21/06/2017 08:56:18,38219315,12,13,1543.0,1450.0,517.0,0.0,128.58333333333331,219.53979069173246,455.0,0.0,111.53846153846155,167.2117496791695,78.31118898912761,0.6541195204571301,1592471.4583333337,7697479.061225174,3.7730785E7,7.0,3.8219315E7,3474483.1818181816,1.1361606757954147E7,3.7730785E7,84.0,3.8175889E7,3181324.083333333,1.0918132066305012E7,3.7850897E7,7.0,0,0,0,0,392,424,0.3139773698194224,0.34014215063770764,0.0,517.0,115.11538461538461,187.75373805558746,35251.46615384615,0,0,0,1,0,0,0,0,1.0,119.72,128.58333333333334,111.53846153846153,392,0,0,0,0,0,0,12,1543,13,1450,65535,357,5,32,268003.0,0.0,268003.0,268003.0,3.7730785E7,0.0,3.7730785E7,3.7730785E7,BENIGN
172.217.3.100-10.42.0.42-443-54499-6,10.42.0.42,54499,172.217.3.100,443,6,21/06/2017 09:00:56,245467,2,1,0.0,0.0,0.0,0.0,0.0,0.0,0.0,0.0,0.0,0.0,0.0,12.221602089079184,122733.5,149655.61470422684,228556.0,16911.0,228556.0,228556.0,0.0,228556.0,228556.0,0,0,0,0,0,0,0,0,0,64,32,8.14773472605279,4.073867363026395,0.0,0.0,0.0,0.0,0.0,0,0,0,0,1,1,0,0,0.0,0.0,0.0,0.0,64,0,0,0,0,0,0,2,0,1,0,357,357,0,32,0,0,0,0,0,0,0,0,BENIGN
8.0.6.4-8.6.0.1-0-0-0,8.6.0.1,0,8.0.6.4,0,0,21/06/2017 08:58:34,110593770,8,0,0.0,0.0,0.0,0.0,0.0,0.0,0,0,0,0,0.0,0.07233680522872128,1.579911E7,1.9658297148950152E7,3.9758506E7,1764.0,1.1059377E8,1.579911E7,1.9658297148950152E7,3.9758506E7,1764.0,0,0,0,0,0,0,0,0,0,0,0,0.07233680522872128,0.0,0.0,0.0,0.0,0.0,0.0,0,0,0,0,0,0,0,0,0.0,0.0,0.0,0.0,0,0,0,0,0,0,0,8,0,0,0,-1,-1,0,0,119217.66666666666,101719.22687640392,178472.0,1764.0,3.6744783333333336E7,2772577.8980705542,3.9758506E7,3.430235E7,BENIGN
10.42.0.42-104.93.181.98-44959-443-6,10.42.0.42,44959,104.93.181.98,443,6,21/06/2017 08:57:24,109276,9,7,751.0,4700.0,426.0,0.0,83.44444444444444,147.60006022281217,1448.0,0.0,671.4285714285714,633.7049411050481,49882.865405029464,146.41824371316667,7285.0666666666675,8017.531188114016,22352.0,7.0,109276.0,13659.5,13400.748454577346,34746.0,7.0,84712.0,14118.666666666668,17969.842588811585,44836.0,18.0,0,0,0,0,296,232,82.36026208865624,64.05798162451042,0.0,1448.0,320.64705882352945,503.38304763575303,253394.49264705883,0,0,0,1,0,0,0,0,0.0,340.6875,83.44444444444444,671.4285714285714,296,0,0,0,0,0,0,9,751,7,4700,65535,972,3,32,0,0,0,0,0,0,0,0,BENIGN
10.42.0.42-104.93.181.98-44959-443-6,10.42.0.42,44959,104.93.181.98,443,6,21/06/2017 09:01:00,171,1,1,31.0,0.0,31.0,31.0,31.0,0.0,0.0,0.0,0.0,0.0,181286.54970760233,11695.906432748538,171.0,0.0,171.0,171.0,0,0,0,0,0,0,0,0,0,0,1,0,0,0,32,32,5847.953216374269,5847.953216374269,0.0,31.0,20.666666666666664,17.8978583448784,320.33333333333337,0,1,0,0,1,0,0,0,1.0,31.0,31.0,0.0,32,0,0,0,0,0,0,1,31,1,0,972,972,0,32,0,0,0,0,0,0,0,0,BENIGN
217.69.133.148-10.42.0.42-443-49952-6,10.42.0.42,49952,217.69.133.148,443,6,21/06/2017 09:00:02,60491038,7,7,1022.0,692.0,517.0,0.0,145.99999999999997,233.3788050930647,524.0,0.0,98.85714285714286,194.03472934110582,28.33477580596319,0.2314392422890809,4653156.769230769,1.661654151961545E7,5.9955947E7,27.0,535064.0,89177.33333333333,88673.7065959615,195784.0,380.0,6.0338794E7,1.0056465666666668E7,2.446690162209757E7,5.9999029E7,27.0,0,0,0,0,232,232,0.11571962114454044,0.11571962114454044,0.0,524.0,114.26666666666665,202.56549793185647,41032.78095238095,0,0,0,1,0,0,0,0,1.0,122.42857142857143,146.0,98.85714285714286,232,0,0,0,0,0,0,7,1022,7,692,65535,6128,3,32,535064.0,0.0,535064.0,535064.0,5.9955947E7,0.0,5.9955947E7,5.9955947E7,BENIGN
10.42.0.42-104.93.181.98-44958-443-6,10.42.0.42,44958,104.93.181.98,443,6,21/06/2017 08:57:24,104356,8,7,753.0,4769.0,427.0,0.0,94.12500000000001,154.60958896523852,1448.0,0.0,681.2857142857143,632.3086572989794,52915.0216566369,143.7387404653302,7454.000000000001,7784.108080916183,22298.0,12.0,104356.0,14908.0,12253.630047187378,30540.0,462.0,79248.0,13208.0,16342.481929009436,39929.0,12.0,0,0,0,0,264,232,76.66066158150944,67.07807888382077,0.0,1448.0,345.12500000000006,515.1285761826847,265357.45,0,0,0,1,0,0,0,0,0.0,368.1333333333333,94.125,681.2857142857143,264,0,0,0,0,0,0,8,753,7,4769,65535,972,3,32,0,0,0,0,0,0,0,0,BENIGN
10.42.0.42-104.93.181.98-44958-443-6,10.42.0.42,44958,104.93.181.98,443,6,21/06/2017 09:01:15,20,1,1,31.0,0.0,31.0,31.0,31.0,0.0,0.0,0.0,0.0,0.0,1549999.9999999998,99999.99999999999,20.0,0.0,20.0,20.0,0,0,0,0,0,0,0,0,0,0,1,0,0,0,32,32,49999.99999999999,49999.99999999999,0.0,31.0,20.666666666666664,17.8978583448784,320.33333333333337,0,1,0,0,1,0,0,0,1.0,31.0,31.0,0.0,32,0,0,0,0,0,0,1,31,1,0,972,972,0,32,0,0,0,0,0,0,0,0,BENIGN
10.42.0.42-52.84.40.244-56063-80-6,10.42.0.42,56063,52.84.40.244,80,6,21/06/2017 08:59:15,77286,10,21,372.0,26421.0,372.0,0.0,37.20000000000001,117.63672895826372,1448.0,0.0,1258.1428571428573,460.2732107905353,346673.3949227545,401.1075744636804,2576.2,7540.898429964065,30278.0,11.0,77286.0,8587.333333333334,14501.933362486536,35541.0,29.0,41749.0,2087.45,7369.65490497493,33305.0,11.0,0,0,0,0,328,680,129.38954014957432,271.7180343141061,0.0,1448.0,837.2812500000001,699.8508704912922,489791.24092741945,0,0,0,1,0,0,0,0,2.0,864.2903225806451,37.2,1258.142857142857,328,0,0,0,0,0,0,10,372,21,26421,65535,118,1,32,0,0,0,0,0,0,0,0,BENIGN
10.42.0.42-52.84.40.244-56062-80-6,10.42.0.42,56062,52.84.40.244,80,6,21/06/2017 08:59:15,76628,6,7,372.0,6721.0,372.0,0.0,62.00000000000001,151.86836405255704,1448.0,0.0,960.1428571428571,682.7318723509321,92564.07579474866,169.6507803935898,6385.666666666666,11315.837689100203,30239.0,11.0,76628.0,15325.6,20382.470981213246,42034.0,64.0,39950.0,6658.333333333334,13118.5566838226,32939.0,11.0,0,0,0,0,200,232,78.30036018165683,91.35042021193297,0.0,1448.0,506.64285714285705,667.6378114312785,445740.2472527473,0,0,0,1,0,0,0,0,1.0,545.6153846153846,62.0,960.1428571428571,200,0,0,0,0,0,0,6,372,7,6721,65535,118,1,32,0,0,0,0,0,0,0,0,BENIGN
10.42.0.42-104.93.181.98-44953-443-6,10.42.0.42,44953,104.93.181.98,443,6,21/06/2017 08:57:23,1340119,12,10,1635.0,8241.0,444.0,0.0,136.25,191.3122744719647,1448.0,0.0,824.1000000000001,647.3322090618456,7369.4947985962435,16.416452568764416,63815.19047619047,209396.796674309,960568.0,3.0,1340119.0,121829.00000000001,282914.8484749431,960568.0,408.0,1314823.0,146091.44444444444,336311.29123667226,1023898.0,3.0,0,0,0,0,392,328,8.954428673871499,7.462023894892916,0.0,1448.0,429.39130434782606,561.9553313799979,315793.79446640325,0,0,0,1,0,0,0,0,0.0,448.90909090909093,136.25,824.1,392,0,0,0,0,0,0,12,1635,10,8241,65535,1039,5,32,0,0,0,0,0,0,0,0,BENIGN
10.42.0.42-104.93.181.98-44953-443-6,10.42.0.42,44953,104.93.181.98,443,6,21/06/2017 09:01:16,12,1,1,31.0,0.0,31.0,31.0,31.0,0.0,0.0,0.0,0.0,0.0,2583333.3333333335,166666.66666666666,12.0,0.0,12.0,12.0,0,0,0,0,0,0,0,0,0,0,1,0,0,0,32,32,83333.33333333333,83333.33333333333,0.0,31.0,20.666666666666664,17.8978583448784,320.33333333333337,0,1,0,0,1,0,0,0,1.0,31.0,31.0,0.0,32,0,0,0,0,0,0,1,31,1,0,1039,1039,0,32,0,0,0,0,0,0,0,0,BENIGN
10.42.0.42-52.84.40.11-34392-80-6,10.42.0.42,34392,52.84.40.11,80,6,21/06/2017 08:59:16,107322,19,29,372.0,37709.0,372.0,0.0,19.57894736842106,85.34265299984897,1448.0,0.0,1300.3103448275863,404.2431290562186,354829.3919233708,447.25219433107844,2283.4468085106387,6483.078847237666,31534.0,4.0,107322.0,5962.333333333334,11504.274376994685,39247.0,6.0,73593.0,2628.321428571428,7642.344467958194,33960.0,4.0,0,0,0,0,616,936,177.03732692271853,270.2148674083599,0.0,1448.0,777.1632653061224,709.3451013358135,503170.47278911556,0,0,0,1,0,0,0,0,1.0,793.3541666666666,19.57894736842105,1300.3103448275863,616,0,0,0,0,0,0,19,372,29,37709,65535,118,1,32,0,0,0,0,0,0,0,0,BENIGN
10.42.0.42-52.84.40.11-34391-80-6,10.42.0.42,34391,52.84.40.11,80,6,21/06/2017 08:59:16,145274,35,58,372.0,80620.0,372.0,0.0,10.62857142857143,62.87947655180164,1448.0,0.0,1390.0000000000002,272.007481837244,557512.0117846277,640.1696105290692,1579.0652173913038,5704.931985811307,31549.0,4.0,145274.0,4272.764705882355,12733.324815304524,62428.0,5.0,110255.0,1934.2982456140348,6475.008979488846,34328.0,11.0,0,0,0,0,1128,1864,240.92404697330565,399.2455635557636,0.0,1448.0,861.6170212765957,708.1204731105743,501434.6044383436,0,0,0,1,0,0,0,0,1.0,870.8817204301075,10.628571428571428,1390.0,1128,0,0,0,0,0,0,35,372,58,80620,65535,118,1,32,0,0,0,0,0,0,0,0,BENIGN
10.42.0.42-52.84.40.197-47415-80-6,10.42.0.42,47415,52.84.40.197,80,6,21/06/2017 08:59:16,89882,17,27,372.0,35484.0,372.0,0.0,21.882352941176475,90.22325251351586,1448.0,0.0,1314.2222222222222,403.01072073288697,398923.03242028435,489.5307180525578,2090.2790697674423,6652.125705100307,31609.0,3.0,89882.0,5617.625000000001,12630.719482673978,37877.0,8.0,53557.0,2059.8846153846157,7387.055631721873,38125.0,3.0,0,0,0,0,552,872,189.13686833848823,300.3938497140695,0.0,1448.0,796.8,713.9048064884231,509660.0727272728,0,0,0,1,0,0,0,0,1.0,814.9090909090909,21.88235294117647,1314.2222222222222,552,0,0,0,0,0,0,17,372,27,35484,65535,118,1,32,0,0,0,0,0,0,0,0,BENIGN
10.42.0.42-52.84.40.197-47416-80-6,10.42.0.42,47416,52.84.40.197,80,6,21/06/2017 08:59:16,88161,12,24,372.0,30820.0,372.0,0.0,31.000000000000007,107.38715006927039,1448.0,0.0,1284.1666666666665,448.3065397952481,353807.2390285954,408.3438255010719,2518.8857142857146,7372.3349672208715,31585.0,3.0,88161.0,8014.636363636363,16624.866762008816,45533.0,6.0,50436.0,2192.869565217391,7770.714430149954,37579.0,3.0,0,0,0,0,392,776,136.1146085003573,272.2292170007146,0.0,1448.0,843.0270270270269,707.9550553250963,501200.3603603602,0,0,0,1,0,0,0,0,2.0,866.4444444444445,31.0,1284.1666666666667,392,0,0,0,0,0,0,12,372,24,30820,65535,118,1,32,0,0,0,0,0,0,0,0,BENIGN
10.42.0.42-54.192.36.12-40453-80-6,10.42.0.42,40453,54.192.36.12,80,6,21/06/2017 08:59:17,121657,45,65,372.0,89571.0,372.0,0.0,8.266666666666667,55.454485841994796,1448.0,0.0,1378.0153846153848,286.2618170217875,739316.2744437229,904.1814281134665,1116.1192660550455,4359.680275664061,30126.0,5.0,121657.0,2764.931818181817,7685.779978568477,34541.0,5.0,85533.0,1336.453124999999,4864.876363229992,33132.0,6.0,0,0,0,0,1448,2088,369.8924024100545,534.289025703412,0.0,1448.0,810.2972972972974,713.0763263315135,508477.8471744472,0,0,0,1,0,0,0,0,1.0,817.6636363636363,8.266666666666667,1378.0153846153846,1448,0,0,0,0,0,0,45,372,65,89571,65535,118,1,32,0,0,0,0,0,0,0,0,BENIGN
172.217.6.238-10.42.0.42-443-45801-6,10.42.0.42,45801,172.217.6.238,443,6,21/06/2017 08:57:23,256597,16,16,856.0,5334.0,279.0,0.0,53.50000000000001,80.4752549959717,1418.0,0.0,333.375,547.1109424361144,24123.43090527169,124.70917430835122,8277.322580645163,16111.335614792248,75889.0,3.0,180708.0,12047.2,16550.37184821796,42749.0,45.0,219947.0,14663.133333333333,25480.76961123726,85747.0,3.0,0,0,0,0,544,520,62.35458715417561,62.35458715417561,0.0,1418.0,187.57575757575756,405.04722180745716,164063.25189393942,0,0,0,1,0,0,0,0,1.0,193.4375,53.5,333.375,544,0,0,0,0,0,0,16,856,16,5334,65535,349,9,32,0,0,0,0,0,0,0,0,BENIGN
172.217.6.238-10.42.0.42-443-45801-6,10.42.0.42,45801,172.217.6.238,443,6,21/06/2017 09:01:23,23,1,1,55.0,0.0,55.0,55.0,55.0,0.0,0.0,0.0,0.0,0.0,2391304.347826087,86956.52173913043,23.0,0.0,23.0,23.0,0,0,0,0,0,0,0,0,0,0,1,0,0,0,32,32,43478.260869565216,43478.260869565216,0.0,55.0,36.66666666666667,31.754264805429415,1008.3333333333333,0,1,0,0,1,0,0,0,1.0,55.0,55.0,0.0,32,0,0,0,0,0,0,1,55,1,0,349,349,0,32,0,0,0,0,0,0,0,0,BENIGN
172.217.6.238-10.42.0.42-443-45801-6,172.217.6.238,443,10.42.0.42,45801,6,21/06/2017 09:01:23,104903,1,2,0.0,0.0,0.0,0.0,0.0,0.0,0.0,0.0,0.0,0.0,0.0,28.597847535342176,52451.5,73831.14034403098,104658.0,245.0,0,0,0,0,0,245.0,245.0,0.0,245.0,245.0,0,0,0,0,32,76,9.532615845114059,19.065231690228117,0.0,0.0,0.0,0.0,0.0,0,0,0,0,1,1,0,0,2.0,0.0,0.0,0.0,32,0,0,0,0,0,0,1,0,2,0,349,1682,0,32,0,0,0,0,0,0,0,0,BENIGN
172.217.10.78-10.42.0.42-443-57237-6,10.42.0.42,57237,172.217.10.78,443,6,21/06/2017 08:57:24,253735,15,16,1124.0,5151.0,475.0,0.0,74.93333333333334,134.36010604058816,1418.0,0.0,321.9375000000001,518.2172605834996,24730.52594242024,122.17470983506415,8457.833333333332,13323.81506430557,42990.0,8.0,177078.0,12648.428571428572,16275.1873944749,40801.0,60.0,216709.0,14447.266666666666,19470.67242388139,47486.0,8.0,0,0,0,0,488,520,59.11679508148265,63.05791475358149,0.0,1418.0,196.09374999999997,393.2089126557732,154613.24899193546,0,0,0,1,0,0,0,0,1.0,202.41935483870967,74.93333333333334,321.9375,488,0,0,0,0,0,0,15,1124,16,5151,65535,357,8,32,0,0,0,0,0,0,0,0,BENIGN
172.217.10.78-10.42.0.42-443-57237-6,10.42.0.42,57237,172.217.10.78,443,6,21/06/2017 09:01:24,26,1,1,55.0,0.0,55.0,55.0,55.0,0.0,0.0,0.0,0.0,0.0,2115384.6153846155,76923.07692307692,26.0,0.0,26.0,26.0,0,0,0,0,0,0,0,0,0,0,1,0,0,0,32,32,38461.53846153846,38461.53846153846,0.0,55.0,36.66666666666667,31.754264805429415,1008.3333333333333,0,1,0,0,1,0,0,0,1.0,55.0,55.0,0.0,32,0,0,0,0,0,0,1,55,1,0,357,357,0,32,0,0,0,0,0,0,0,0,BENIGN
172.217.10.78-10.42.0.42-443-57237-6,172.217.10.78,443,10.42.0.42,57237,6,21/06/2017 09:01:24,89758,1,2,0.0,0.0,0.0,0.0,0.0,0.0,0.0,0.0,0.0,0.0,0.0,33.42320461685866,44879.0,63151.70662777056,89534.0,224.0,0,0,0,0,0,224.0,224.0,0.0,224.0,224.0,0,0,0,0,32,76,11.141068205619554,22.282136411239108,0.0,0.0,0.0,0.0,0.0,0,0,0,0,1,1,0,0,2.0,0.0,0.0,0.0,32,0,0,0,0,0,0,1,0,2,0,357,1638,0,32,0,0,0,0,0,0,0,0,BENIGN
10.42.0.42-74.125.22.154-39658-443-6,10.42.0.42,39658,74.125.22.154,443,6,21/06/2017 08:57:24,235038,16,15,997.0,5194.0,349.0,0.0,62.31250000000001,106.64252982120534,1418.0,0.0,346.2666666666667,530.6441458489951,26340.42154885593,131.89356614675074,7834.600000000002,15465.642456526126,48871.0,7.0,186264.0,12417.6,20727.544537230093,57477.0,8.0,186481.0,13320.071428571428,23589.1042920709,57056.0,7.0,0,0,0,0,520,488,68.07409865638748,63.81946749036326,0.0,1418.0,193.46874999999997,392.49507778914847,154052.38608870973,0,0,0,1,0,0,0,0,0.0,199.70967741935485,62.3125,346.26666666666665,520,0,0,0,0,0,0,16,997,15,5194,65535,179,8,32,0,0,0,0,0,0,0,0,BENIGN
10.42.0.42-74.125.22.154-39658-443-6,10.42.0.42,39658,74.125.22.154,443,6,21/06/2017 09:01:24,25,1,1,55.0,0.0,55.0,55.0,55.0,0.0,0.0,0.0,0.0,0.0,2200000.0,80000.0,25.0,0.0,25.0,25.0,0,0,0,0,0,0,0,0,0,0,1,0,0,0,32,32,40000.0,40000.0,0.0,55.0,36.66666666666667,31.754264805429415,1008.3333333333333,0,1,0,0,1,0,0,0,1.0,55.0,55.0,0.0,32,0,0,0,0,0,0,1,55,1,0,179,179,0,32,0,0,0,0,0,0,0,0,BENIGN
172.217.6.227-10.42.0.42-443-52944-6,10.42.0.42,52944,172.217.6.227,443,6,21/06/2017 08:57:25,136599,11,10,6219.0,354.0,1368.0,0.0,565.3636363636364,640.7545977560009,214.0,0.0,35.400000000000006,66.87334629315663,48118.94669799925,153.73465398721805,6829.950000000001,18641.349517657614,77577.0,5.0,59022.0,5902.2,17410.568315441822,55409.0,5.0,100055.0,11117.222222222223,27214.453291301747,82336.0,9.0,1,0,0,0,352,320,80.5276758980666,73.20697808915146,0.0,1368.0,303.0,519.3077810206308,269680.5714285714,0,1,0,0,1,0,0,0,0.0,317.42857142857144,565.3636363636364,35.4,352,0,0,0,0,0,0,11,6219,10,354,3175,784,9,32,0,0,0,0,0,0,0,0,BENIGN
172.217.6.227-10.42.0.42-443-52944-6,10.42.0.42,52944,172.217.6.227,443,6,21/06/2017 09:01:25,155,1,1,55.0,0.0,55.0,55.0,55.0,0.0,0.0,0.0,0.0,0.0,354838.70967741933,12903.225806451614,155.0,0.0,155.0,155.0,0,0,0,0,0,0,0,0,0,0,1,0,0,0,32,32,6451.612903225807,6451.612903225807,0.0,55.0,36.66666666666667,31.754264805429415,1008.3333333333333,0,1,0,0,1,0,0,0,1.0,55.0,55.0,0.0,32,0,0,0,0,0,0,1,55,1,0,784,784,0,32,0,0,0,0,0,0,0,0,BENIGN
172.217.6.227-10.42.0.42-443-52944-6,172.217.6.227,443,10.42.0.42,52944,6,21/06/2017 09:01:25,23101,1,2,0.0,0.0,0.0,0.0,0.0,0.0,0.0,0.0,0.0,0.0,0.0,129.8645080299554,11550.5,1892.9248532363877,12889.0,10212.0,0,0,0,0,0,10212.0,10212.0,0.0,10212.0,10212.0,0,0,0,0,32,76,43.28816934331847,86.57633868663694,0.0,0.0,0.0,0.0,0.0,0,0,0,0,1,1,0,0,2.0,0.0,0.0,0.0,32,0,0,0,0,0,0,1,0,2,0,784,3219,0,32,0,0,0,0,0,0,0,0,BENIGN
10.42.0.42-36.110.213.49-34294-80-6,10.42.0.42,34294,36.110.213.49,80,6,21/06/2017 09:01:02,24079059,2,0,0.0,0.0,0.0,0.0,0.0,0.0,0,0,0,0,0.0,0.08305972421928946,2.4079059E7,0.0,2.4079059E7,2.4079059E7,2.4079059E7,2.4079059E7,0.0,2.4079059E7,2.4079059E7,0,0,0,0,0,0,0,0,0,40,0,0.08305972421928946,0.0,0.0,0.0,0.0,0.0,0.0,0,0,0,0,1,1,0,0,0.0,0.0,0.0,0.0,40,0,0,0,0,0,0,2,0,0,0,1369,-1,0,20,0,0,0,0,0,0,0,0,BENIGN
10.42.0.42-52.22.102.34-56710-443-6,10.42.0.42,56710,52.22.102.34,443,6,21/06/2017 09:00:45,65546890,11,9,937.0,3418.0,602.0,0.0,85.18181818181819,184.97179146119453,1448.0,0.0,379.77777777777777,616.0374943495277,66.4409859872833,0.3051250791608877,3449836.3157894737,1.379952404779565E7,6.0242347E7,8.0,6.0581569E7,6058156.899999999,1.905349568562499E7,6.0285285E7,8.0,6.5496401E7,8187050.125000001,2.110683120495454E7,6.0246216E7,12.0,0,0,0,0,360,296,0.16781879353848825,0.13730628562239947,0.0,1448.0,207.38095238095238,438.9142827694806,192645.74761904762,0,0,0,1,0,0,0,0,0.0,217.75,85.18181818181819,379.77777777777777,360,0,0,0,0,0,0,11,937,9,3418,65535,79,3,32,296284.0,0.0,296284.0,296284.0,6.0242347E7,0.0,6.0242347E7,6.0242347E7,BENIGN
10.42.0.42-54.187.229.83-37411-443-6,10.42.0.42,37411,54.187.229.83,443,6,21/06/2017 09:00:44,67307791,12,11,4002.0,4015.0,1239.0,0.0,333.5,540.5097762129916,1448.0,0.0,365.0,552.4684606382522,119.1095396370979,0.3417137846642449,3059445.045454545,1.2905558627690753E7,6.0658845E7,17.0,6.2514768E7,5683160.7272727275,1.8304638099915646E7,6.086725E7,483.0,6.7221696E7,6722169.6,1.902930486023194E7,6.070081E7,17.0,0,0,0,0,392,360,0.1782854528683017,0.1634283317959432,0.0,1448.0,334.0416666666665,527.0097333617008,277739.25905797095,0,0,0,1,0,0,0,0,0.0,348.5652173913044,333.5,365.0,392,0,0,0,0,0,0,12,4002,11,4015,65535,138,5,32,1647518.0,0.0,1647518.0,1647518.0,6.0658845E7,0.0,6.0658845E7,6.0658845E7,BENIGN
10.42.0.42-54.187.229.83-37422-443-6,10.42.0.42,37422,54.187.229.83,443,6,21/06/2017 09:00:46,65880430,7,7,289.0,207.0,238.0,0.0,41.285714285714285,88.8007400226565,145.0,0.0,29.57142857142857,52.95550693068393,7.528791175163853,0.2125062025247862,5067725.384615384,1.6727568402538436E7,6.0574973E7,210.0,6.117032E7,1.0195053333333334E7,2.48594522483796E7,6.0939132E7,210.0,6.5795414E7,1.0965902333333334E7,2.437271114098403E7,6.0574973E7,355.0,0,0,0,0,244,232,0.1062531012623931,0.1062531012623931,0.0,238.0,33.06666666666668,68.55182259394991,4699.352380952381,0,0,0,1,0,0,0,0,1.0,35.42857142857143,41.285714285714285,29.571428571428573,244,0,0,0,0,0,0,7,289,7,207,65535,110,2,32,303439.0,0.0,303439.0,303439.0,6.0574973E7,0.0,6.0574973E7,6.0574973E7,BENIGN
10.42.0.42-104.93.181.98-44951-443-6,10.42.0.42,44951,104.93.181.98,443,6,21/06/2017 08:57:23,1083260,17,20,2310.0,21774.0,704.0,0.0,135.88235294117646,221.1147559393485,1448.0,0.0,1088.7,546.3473061591577,22232.889610989052,34.156158263020885,30090.555555555547,120787.54263308646,727519.0,3.0,1083260.0,67703.75000000001,177648.66175178465,727519.0,31.0,1055428.0,55548.84210526316,181324.6845542435,793792.0,3.0,0,0,0,0,552,648,15.693370012739326,18.46278825028156,0.0,1448.0,633.7894736842104,641.129415526826,411046.92745376955,0,0,0,1,0,0,0,0,1.0,650.918918918919,135.88235294117646,1088.7,552,0,0,0,0,0,0,17,2310,20,21774,65535,1083,6,32,0,0,0,0,0,0,0,0,BENIGN
10.42.0.42-104.93.181.98-44951-443-6,10.42.0.42,44951,104.93.181.98,443,6,21/06/2017 09:02:01,23,1,1,31.0,0.0,31.0,31.0,31.0,0.0,0.0,0.0,0.0,0.0,1347826.0869565217,86956.52173913043,23.0,0.0,23.0,23.0,0,0,0,0,0,0,0,0,0,0,1,0,0,0,32,32,43478.260869565216,43478.260869565216,0.0,31.0,20.666666666666664,17.8978583448784,320.33333333333337,0,1,0,0,1,0,0,0,1.0,31.0,31.0,0.0,32,0,0,0,0,0,0,1,31,1,0,1083,1083,0,32,0,0,0,0,0,0,0,0,BENIGN
10.42.0.42-104.192.110.245-45290-443-6,10.42.0.42,45290,104.192.110.245,443,6,21/06/2017 08:59:13,1658266,49,73,946.0,89234.0,263.0,0.0,19.30612244897959,52.26064647579503,1460.0,0.0,1222.3835616438364,514.2128998699799,54382.10757502114,73.57082639335306,13704.677685950417,76338.62524722928,811026.0,3.0,1658266.0,34547.20833333332,124089.76402313518,841903.0,5.0,1552254.0,21559.08333333333,109086.72655661654,905650.0,3.0,0,0,0,0,1000,1472,29.548938469461472,44.02188792389158,0.0,1460.0,733.1707317073169,713.7299359221438,509410.4214314275,0,0,0,1,0,0,0,0,1.0,739.1803278688525,19.306122448979593,1222.3835616438357,1000,0,0,0,0,0,0,49,946,73,89234,65535,33,9,20,0,0,0,0,0,0,0,0,BENIGN
10.42.0.42-104.192.110.245-45290-443-6,10.42.0.42,45290,104.192.110.245,443,6,21/06/2017 09:02:14,232,1,2,46.0,31.0,46.0,46.0,46.0,0.0,31.0,0.0,15.5,21.920310216782973,331896.5517241379,12931.034482758621,116.0,134.35028842544403,211.0,21.0,0,0,0,0,0,211.0,211.0,0.0,211.0,211.0,1,0,0,0,20,40,4310.3448275862065,8620.689655172413,0.0,46.0,30.75,21.68524844220144,470.25,0,1,0,0,1,0,0,0,2.0,41.0,46.0,15.5,20,0,0,0,0,0,0,1,46,2,31,33,33,0,20,0,0,0,0,0,0,0,0,BENIGN
10.42.0.42-104.192.110.245-45290-443-6,10.42.0.42,45290,104.192.110.245,443,6,21/06/2017 09:02:14,27477,2,0,0.0,0.0,0.0,0.0,0.0,0.0,0,0,0,0,0.0,72.78815008916548,27477.0,0.0,27477.0,27477.0,27477.0,27477.0,0.0,27477.0,27477.0,0,0,0,0,0,0,0,0,0,40,0,72.78815008916548,0.0,0.0,0.0,0.0,0.0,0.0,0,0,0,0,1,0,0,0,0.0,0.0,0.0,0.0,40,0,0,0,0,0,0,2,0,0,0,4335,-1,0,20,0,0,0,0,0,0,0,0,BENIGN
10.42.0.42-104.192.110.245-45303-443-6,10.42.0.42,45303,104.192.110.245,443,6,21/06/2017 08:59:16,718980,96,122,779.0,168177.0,261.0,0.0,8.114583333333337,36.71192830436126,1460.0,0.0,1378.4999999999998,312.52811443780485,234994.0193051267,303.20732148321235,3313.271889400921,12981.120859297815,94438.0,3.0,718980.0,7568.210526315783,20254.73747782559,102155.0,5.0,614600.0,5079.338842975208,17633.02193260972,107147.0,3.0,0,0,0,0,1940,2452,133.52249019444213,169.68483128877023,0.0,1460.0,771.488584474886,721.3559502625455,520354.40697918006,0,0,0,1,0,0,0,0,1.0,775.0275229357799,8.114583333333334,1378.5,1940,0,0,0,0,0,0,96,779,122,168177,65535,33,7,20,0,0,0,0,0,0,0,0,BENIGN
10.42.0.42-104.192.110.245-45303-443-6,10.42.0.42,45303,104.192.110.245,443,6,21/06/2017 09:02:17,170,1,2,46.0,31.0,46.0,46.0,46.0,0.0,31.0,0.0,15.5,21.920310216782973,452941.1764705882,17647.05882352941,85.0,90.50966799187809,149.0,21.0,0,0,0,0,0,149.0,149.0,0.0,149.0,149.0,1,0,0,0,20,40,5882.35294117647,11764.70588235294,0.0,46.0,30.75,21.68524844220144,470.25,0,1,0,0,1,0,0,0,2.0,41.0,46.0,15.5,20,0,0,0,0,0,0,1,46,2,31,33,33,0,20,0,0,0,0,0,0,0,0,BENIGN
10.42.0.42-104.192.110.245-45316-443-6,10.42.0.42,45316,104.192.110.245,443,6,21/06/2017 08:59:16,442918,27,33,780.0,35800.0,261.0,0.0,28.888888888888896,65.7011493479454,1460.0,0.0,1084.8484848484848,624.345913797598,82588.65072090094,135.4652554197391,7507.084745762714,21548.886858432434,94429.0,3.0,442918.0,17035.30769230769,32653.07173026052,102653.0,7.0,345417.0,10794.281250000004,28888.299262386245,104197.0,3.0,0,0,0,0,560,672,60.959364938882594,74.50589048085651,0.0,1460.0,599.6721311475412,701.3105047293359,491836.4240437159,0,0,0,1,0,0,0,0,1.0,609.6666666666666,28.88888888888889,1084.8484848484848,560,0,0,0,0,0,0,27,780,33,35800,65535,33,7,20,0,0,0,0,0,0,0,0,BENIGN
10.42.0.42-104.192.110.245-45316-443-6,10.42.0.42,45316,104.192.110.245,443,6,21/06/2017 09:02:17,348,1,2,46.0,31.0,46.0,46.0,46.0,0.0,31.0,0.0,15.5,21.920310216782973,221264.36781609195,8620.689655172413,174.0,231.93102422918759,338.0,10.0,0,0,0,0,0,338.0,338.0,0.0,338.0,338.0,1,0,0,0,20,40,2873.5632183908046,5747.126436781609,0.0,46.0,30.75,21.68524844220144,470.25,0,1,0,0,1,0,0,0,2.0,41.0,46.0,15.5,20,0,0,0,0,0,0,1,46,2,31,33,33,0,20,0,0,0,0,0,0,0,0,BENIGN
10.42.0.42-104.192.110.245-45303-443-6,10.42.0.42,45303,104.192.110.245,443,6,21/06/2017 09:02:17,255,2,0,0.0,0.0,0.0,0.0,0.0,0.0,0,0,0,0,0.0,7843.137254901961,255.0,0.0,255.0,255.0,255.0,255.0,0.0,255.0,255.0,0,0,0,0,0,0,0,0,0,40,0,7843.137254901961,0.0,0.0,0.0,0.0,0.0,0.0,0,0,0,0,1,0,0,0,0.0,0.0,0.0,0.0,40,0,0,0,0,0,0,2,0,0,0,6707,-1,0,20,0,0,0,0,0,0,0,0,BENIGN
10.42.0.42-104.192.110.245-45316-443-6,10.42.0.42,45316,104.192.110.245,443,6,21/06/2017 09:02:17,12064,3,0,0.0,0.0,0.0,0.0,0.0,0.0,0,0,0,0,0.0,248.6737400530504,6032.0,8063.845732651388,11734.0,330.0,12064.0,6032.0,8063.845732651388,11734.0,330.0,0,0,0,0,0,0,0,0,0,60,0,248.6737400530504,0.0,0.0,0.0,0.0,0.0,0.0,0,0,0,0,1,0,0,0,0.0,0.0,0.0,0.0,60,0,0,0,0,0,0,3,0,0,0,2601,-1,0,20,0,0,0,0,0,0,0,0,BENIGN
10.42.0.42-52.84.31.145-54194-443-6,10.42.0.42,54194,52.84.31.145,443,6,21/06/2017 09:00:44,268493,11,9,778.0,6414.0,456.0,0.0,70.72727272727272,143.945191589779,1448.0,0.0,712.6666666666666,666.631832423265,26786.545645510312,74.48983772388853,14131.210526315788,18820.98431296227,61003.0,9.0,268493.0,26849.300000000003,29463.74557938394,81252.0,9.0,234410.0,29301.25,42247.93353779905,106904.0,13.0,0,0,0,0,360,296,40.969410748138685,33.520426975749835,0.0,1448.0,342.4761904761905,544.3053939699311,296268.36190476187,0,0,0,1,0,0,0,0,0.0,359.6,70.72727272727273,712.6666666666666,360,0,0,0,0,0,0,11,778,9,6414,65535,122,3,32,0,0,0,0,0,0,0,0,BENIGN
10.42.0.42-52.84.31.145-54194-443-6,10.42.0.42,54194,52.84.31.145,443,6,21/06/2017 09:02:44,24,1,1,31.0,0.0,31.0,31.0,31.0,0.0,0.0,0.0,0.0,0.0,1291666.6666666667,83333.33333333333,24.0,0.0,24.0,24.0,0,0,0,0,0,0,0,0,0,0,1,0,0,0,32,32,41666.666666666664,41666.666666666664,0.0,31.0,20.666666666666664,17.8978583448784,320.33333333333337,0,1,0,0,1,0,0,0,1.0,31.0,31.0,0.0,32,0,0,0,0,0,0,1,31,1,0,122,122,0,32,0,0,0,0,0,0,0,0,BENIGN
10.42.0.42-104.93.181.98-44954-443-6,10.42.0.42,44954,104.93.181.98,443,6,21/06/2017 08:57:23,1139790,20,38,1910.0,48404.0,730.0,0.0,95.5,201.2117240489153,1448.0,0.0,1273.7894736842109,437.27461579187474,44143.21936497074,50.88656682371314,19996.315789473683,119548.75565211845,904320.0,4.0,1139790.0,59988.94736842105,204976.2725239934,904320.0,13.0,1068179.0,28869.702702702696,152941.51581348284,931075.0,4.0,0,0,0,0,648,1224,17.547092008176943,33.33947481553619,0.0,1448.0,852.779661016949,679.4537376806156,461657.38164815883,0,0,0,1,0,0,0,0,1.0,867.4827586206897,95.5,1273.7894736842106,648,0,0,0,0,0,0,20,1910,38,48404,65535,1076,5,32,0,0,0,0,0,0,0,0,BENIGN
10.42.0.42-104.93.181.98-44954-443-6,10.42.0.42,44954,104.93.181.98,443,6,21/06/2017 09:02:45,213,1,1,31.0,0.0,31.0,31.0,31.0,0.0,0.0,0.0,0.0,0.0,145539.9061032864,9389.671361502347,213.0,0.0,213.0,213.0,0,0,0,0,0,0,0,0,0,0,1,0,0,0,32,32,4694.835680751174,4694.835680751174,0.0,31.0,20.666666666666664,17.8978583448784,320.33333333333337,0,1,0,0,1,0,0,0,1.0,31.0,31.0,0.0,32,0,0,0,0,0,0,1,31,1,0,1076,1076,0,32,0,0,0,0,0,0,0,0,BENIGN
10.42.0.42-104.93.181.98-44952-443-6,10.42.0.42,44952,104.93.181.98,443,6,21/06/2017 08:57:23,1429408,15,14,1719.0,10200.0,521.0,0.0,114.6,190.64694370185205,1448.0,0.0,728.5714285714286,620.3328776720441,8338.417022991336,20.288119277351182,51050.28571428571,182166.1748524127,959674.0,12.0,1429408.0,102100.57142857142,252595.01076920444,959674.0,335.0,1401934.0,107841.07692307692,283955.1329076073,1022456.0,12.0,0,0,0,0,488,456,10.493854798629922,9.79426447872126,0.0,1448.0,397.29999999999995,538.3378730102884,289807.6655172414,0,0,0,1,0,0,0,0,0.0,411.0,114.6,728.5714285714286,488,0,0,0,0,0,0,15,1719,14,10200,65535,1039,5,32,0,0,0,0,0,0,0,0,BENIGN
10.42.0.42-104.93.181.98-44952-443-6,10.42.0.42,44952,104.93.181.98,443,6,21/06/2017 09:02:45,59,1,1,31.0,0.0,31.0,31.0,31.0,0.0,0.0,0.0,0.0,0.0,525423.7288135594,33898.30508474576,59.0,0.0,59.0,59.0,0,0,0,0,0,0,0,0,0,0,1,0,0,0,32,32,16949.15254237288,16949.15254237288,0.0,31.0,20.666666666666664,17.8978583448784,320.33333333333337,0,1,0,0,1,0,0,0,1.0,31.0,31.0,0.0,32,0,0,0,0,0,0,1,31,1,0,1039,1039,0,32,0,0,0,0,0,0,0,0,BENIGN
10.42.0.42-95.213.11.133-37376-443-6,10.42.0.42,37376,95.213.11.133,443,6,21/06/2017 08:58:16,106174015,101,225,1750.0,276563.0,305.0,0.0,17.32673267326733,46.13916100470209,1398.0,0.0,1229.1688888888877,409.64042149259984,2621.2910946242355,3.0704311219652003,326689.2769230769,5723513.8353702035,1.0318775E8,2.0,1.06174015E8,1061740.1500000001,1.0316100059152523E7,1.0318775E8,5.0,1.06037466E8,473381.5446428572,6903424.935082106,1.03328098E8,2.0,0,0,0,0,3240,7208,0.9512685377867646,2.1191625841784356,0.0,1398.0,851.110091743119,657.4239045673786,432206.19029661774,0,0,0,1,0,0,0,0,2.0,853.7208588957055,17.326732673267326,1229.168888888889,3240,0,0,0,0,0,0,101,1750,225,276563,65535,110,18,32,2828751.0,0.0,2828751.0,2828751.0,1.0318775E8,0.0,1.0318775E8,1.0318775E8,BENIGN
10.42.0.42-95.213.11.133-37376-443-6,10.42.0.42,37376,95.213.11.133,443,6,21/06/2017 09:03:02,33,1,2,46.0,31.0,46.0,46.0,46.0,0.0,31.0,0.0,15.5,21.920310216782973,2333333.333333333,90909.0909090909,16.5,12.020815280171307,25.0,8.0,0,0,0,0,0,8.0,8.0,0.0,8.0,8.0,1,0,0,0,32,64,30303.0303030303,60606.0606060606,0.0,46.0,30.75,21.68524844220144,470.25,0,1,0,0,1,0,0,0,2.0,41.0,46.0,15.5,32,0,0,0,0,0,0,1,46,2,31,110,110,0,32,0,0,0,0,0,0,0,0,BENIGN
10.42.0.42-95.213.11.133-37376-443-6,10.42.0.42,37376,95.213.11.133,443,6,21/06/2017 09:03:02,958,3,0,0.0,0.0,0.0,0.0,0.0,0.0,0,0,0,0,0.0,3131.5240083507306,479.0,625.0823945689081,921.0,37.0,958.0,479.0,625.0823945689081,921.0,37.0,0,0,0,0,0,0,0,0,0,96,0,3131.5240083507306,0.0,0.0,0.0,0.0,0.0,0.0,0,0,0,0,1,0,0,0,0.0,0.0,0.0,0.0,96,0,0,0,0,0,0,3,0,0,0,8170,-1,0,32,0,0,0,0,0,0,0,0,BENIGN
172.217.10.234-10.42.0.42-443-50834-6,10.42.0.42,50834,172.217.10.234,443,6,21/06/2017 08:59:17,272013,15,16,739.0,5634.0,251.0,0.0,49.26666666666666,77.87853790786436,1418.0,0.0,352.125,543.7261412390126,23429.027289136917,113.96514137191973,9067.099999999999,13681.562134417656,49632.0,4.0,188737.0,13481.214285714288,20162.17982025742,58503.0,4.0,235542.0,15702.800000000003,20043.161866332364,49632.0,8.0,0,0,0,0,488,520,55.14442324447729,58.82071812744244,0.0,1418.0,199.15624999999997,412.3316946479985,170017.4264112903,0,0,0,1,0,0,0,0,1.0,205.58064516129033,49.266666666666666,352.125,488,0,0,0,0,0,0,15,739,16,5634,65535,349,8,32,0,0,0,0,0,0,0,0,BENIGN
172.217.10.234-10.42.0.42-443-50834-6,10.42.0.42,50834,172.217.10.234,443,6,21/06/2017 09:03:17,23,1,1,55.0,0.0,55.0,55.0,55.0,0.0,0.0,0.0,0.0,0.0,2391304.347826087,86956.52173913043,23.0,0.0,23.0,23.0,0,0,0,0,0,0,0,0,0,0,1,0,0,0,32,32,43478.260869565216,43478.260869565216,0.0,55.0,36.66666666666667,31.754264805429415,1008.3333333333333,0,1,0,0,1,0,0,0,1.0,55.0,55.0,0.0,32,0,0,0,0,0,0,1,55,1,0,349,349,0,32,0,0,0,0,0,0,0,0,BENIGN
172.217.10.234-10.42.0.42-443-50834-6,10.42.0.42,50834,172.217.10.234,443,6,21/06/2017 09:03:17,9802,1,1,0.0,0.0,0.0,0.0,0.0,0.0,0.0,0.0,0.0,0.0,0.0,204.03999183840034,9802.0,0.0,9802.0,9802.0,0,0,0,0,0,0,0,0,0,0,0,0,0,0,32,32,102.01999591920017,102.01999591920017,0.0,0.0,0.0,0.0,0.0,0,0,0,0,1,1,0,0,1.0,0.0,0.0,0.0,32,0,0,0,0,0,0,1,0,1,0,1637,349,0,32,0,0,0,0,0,0,0,0,BENIGN
10.42.0.42-95.213.11.181-36895-80-6,10.42.0.42,36895,95.213.11.181,80,6,21/06/2017 08:58:14,107030308,6,4,912.0,434.0,517.0,0.0,152.0,238.61684768683037,217.0,0.0,108.5,125.28500841414879,12.57587710576335,0.09343147924044094,1.1892256444444442E7,3.538691314338617E7,1.06257135E8,2256.0,1.07030308E8,2.14060616E7,4.743328814437888E7,1.06257135E8,132861.0,1.06890086E8,3.5630028666666664E7,6.147560977008545E7,1.0661578E8,3260.0,0,0,0,0,200,136,0.05605888754426456,0.03737259169617638,0.0,517.0,122.36363636363636,187.82719330665236,35279.05454545455,0,0,0,1,0,0,0,0,0.0,134.6,152.0,108.5,200,0,0,0,0,0,0,6,912,4,434,65535,110,2,32,629398.0,0.0,629398.0,629398.0,1.06257135E8,0.0,1.06257135E8,1.06257135E8,BENIGN
10.42.0.42-95.213.11.181-36896-80-6,10.42.0.42,36896,95.213.11.181,80,6,21/06/2017 08:58:15,106545930,6,4,904.0,616.0,513.0,0.0,150.66666666666669,236.57866908634568,352.0,0.0,154.0,181.41664752717708,14.266147942018996,0.09385623646065129,1.1838436666666668E7,3.5347476193484016E7,1.06098225E8,1050.0,1.0654593E8,2.1309186E7,4.739855727422813E7,1.06098225E8,1050.0,1.06403389E8,3.5467796333333336E7,6.129724669320301E7,1.06247722E8,14240.0,0,0,0,0,200,136,0.05631374187639077,0.03754249458426052,0.0,513.0,138.1818181818182,199.9033857551283,39961.36363636363,0,0,0,1,0,0,0,0,0.0,152.0,150.66666666666666,154.0,200,0,0,0,0,0,0,6,904,4,616,65535,110,2,32,297038.0,0.0,297038.0,297038.0,1.06098225E8,0.0,1.06098225E8,1.06098225E8,BENIGN
8.0.6.4-8.6.0.1-0-0-0,8.6.0.1,0,8.0.6.4,0,0,21/06/2017 09:00:59,110413823,6,0,0.0,0.0,0.0,0.0,0.0,0.0,0,0,0,0,0.0,0.05434102213814298,2.20827646E7,3.0304479281419583E7,5.8877945E7,2014.0,1.10413823E8,2.20827646E7,3.0304479281419583E7,5.8877945E7,2014.0,0,0,0,0,0,0,0,0,0,0,0,0.05434102213814298,0.0,0.0,0.0,0.0,0.0,0.0,0,0,0,0,0,0,0,0,0.0,0.0,0.0,0.0,0,0,0,0,0,0,0,6,0,0,0,-1,-1,0,0,13856.0,16747.117005622193,25698.0,2014.0,5.51540905E7,5266325.53820408,5.8877945E7,5.1430236E7,BENIGN
172.217.7.10-10.42.0.42-443-59307-6,10.42.0.42,59307,172.217.7.10,443,6,21/06/2017 08:59:38,249233,9,8,3186.0,1050.0,1368.0,0.0,354.0,567.447134101495,565.0,0.0,131.25,193.27829676401848,16996.144170314525,68.20926602817444,15577.0625,21850.898539781683,76811.0,27.0,249233.0,31154.125,33096.127651940966,99980.0,332.0,177055.0,25293.57142857143,30032.047820382053,79032.0,27.0,0,0,0,0,296,264,36.11078789726882,32.09847813090562,0.0,1368.0,235.33333333333334,427.4582882987463,182720.58823529413,0,0,0,1,0,0,0,0,0.0,249.1764705882353,354.0,131.25,296,0,0,0,0,0,0,9,3186,8,1050,65535,383,4,32,0,0,0,0,0,0,0,0,BENIGN
172.217.7.10-10.42.0.42-443-59307-6,10.42.0.42,59307,172.217.7.10,443,6,21/06/2017 09:03:39,244288,1,1,0.0,0.0,0.0,0.0,0.0,0.0,0.0,0.0,0.0,0.0,0.0,8.18705789887346,244288.0,0.0,244288.0,244288.0,0,0,0,0,0,0,0,0,0,0,0,0,0,0,32,32,4.09352894943673,4.09352894943673,0.0,0.0,0.0,0.0,0.0,0,0,0,0,1,1,0,0,1.0,0.0,0.0,0.0,32,0,0,0,0,0,0,1,0,1,0,383,383,0,32,0,0,0,0,0,0,0,0,BENIGN
10.42.0.42-52.84.37.117-48406-443-6,10.42.0.42,48406,52.84.37.117,443,6,21/06/2017 09:00:46,604059,21,17,1640.0,5690.0,614.0,0.0,78.0952380952381,145.40010480116746,1448.0,0.0,334.7058823529411,551.5660391904448,12134.576258279407,62.90776232123021,16325.918918918918,42109.617058325275,212784.0,2.0,604059.0,30202.95,61738.14043495147,220302.0,8.0,568779.0,35548.6875,66353.72840739622,234901.0,2.0,0,0,0,0,680,552,34.76481601962722,28.14294630160299,0.0,1448.0,187.94871794871793,395.5447242473245,156455.62887989197,0,0,0,1,0,0,0,0,0.0,192.89473684210526,78.0952380952381,334.70588235294116,680,0,0,0,0,0,0,21,1640,17,5690,65535,131,10,32,0,0,0,0,0,0,0,0,BENIGN
10.42.0.42-52.84.37.117-48406-443-6,10.42.0.42,48406,52.84.37.117,443,6,21/06/2017 09:03:47,202,1,2,46.0,31.0,46.0,46.0,46.0,0.0,31.0,0.0,15.5,21.920310216782973,381188.11881188117,14851.485148514852,101.0,138.59292911256333,199.0,3.0,0,0,0,0,0,3.0,3.0,0.0,3.0,3.0,1,0,0,0,32,64,4950.495049504951,9900.990099009901,0.0,46.0,30.75,21.68524844220144,470.25,0,1,0,0,1,0,0,0,2.0,41.0,46.0,15.5,32,0,0,0,0,0,0,1,46,2,31,131,131,0,32,0,0,0,0,0,0,0,0,BENIGN
10.42.0.42-52.84.37.117-48406-443-6,52.84.37.117,443,10.42.0.42,48406,6,21/06/2017 09:03:47,97154,1,2,0.0,0.0,0.0,0.0,0.0,0.0,0.0,0.0,0.0,0.0,0.0,30.878810959919303,48577.0,64061.04594837646,93875.0,3279.0,0,0,0,0,0,3279.0,3279.0,0.0,3279.0,3279.0,0,0,0,0,32,76,10.292936986639768,20.585873973279536,0.0,0.0,0.0,0.0,0.0,0,0,0,0,1,1,0,0,2.0,0.0,0.0,0.0,32,0,0,0,0,0,0,1,0,2,0,131,1641,0,32,0,0,0,0,0,0,0,0,BENIGN
10.42.0.42-52.84.31.67-42670-443-6,10.42.0.42,42670,52.84.31.67,443,6,21/06/2017 09:00:48,171466,15,12,755.0,4421.0,232.0,0.0,50.333333333333336,77.5128253596661,1448.0,0.0,368.4166666666667,547.1550317669378,30186.74256120747,157.46562000629862,6594.846153846153,10543.54071720618,30664.0,11.0,149564.0,10683.142857142857,13766.074848963039,35318.0,56.0,141450.0,12859.090909090908,19852.24500883739,54778.0,11.0,0,0,0,0,488,392,87.48090000349923,69.98472000279939,0.0,1448.0,184.8571428571429,389.0744681920697,151378.9417989418,0,0,0,1,0,0,0,0,0.0,191.7037037037037,50.333333333333336,368.4166666666667,488,0,0,0,0,0,0,15,755,12,4421,65535,122,7,32,0,0,0,0,0,0,0,0,BENIGN
10.42.0.42-52.84.31.67-42670-443-6,10.42.0.42,42670,52.84.31.67,443,6,21/06/2017 09:03:49,183,1,1,46.0,31.0,46.0,46.0,46.0,0.0,31.0,31.0,31.0,0.0,420765.0273224044,10928.96174863388,183.0,0.0,183.0,183.0,0,0,0,0,0,0,0,0,0,0,1,0,0,0,32,32,5464.48087431694,5464.48087431694,31.0,46.0,41.0,8.660254037844387,75.0,0,1,0,0,1,0,0,0,1.0,61.5,46.0,31.0,32,0,0,0,0,0,0,1,46,1,31,122,122,0,32,0,0,0,0,0,0,0,0,BENIGN
10.42.0.42-52.84.31.67-42670-443-6,10.42.0.42,42670,52.84.31.67,443,6,21/06/2017 09:03:49,34,2,0,0.0,0.0,0.0,0.0,0.0,0.0,0,0,0,0,0.0,58823.529411764706,34.0,0.0,34.0,34.0,34.0,34.0,0.0,34.0,34.0,0,0,0,0,0,0,0,0,0,64,0,58823.529411764706,0.0,0.0,0.0,0.0,0.0,0.0,0,0,0,0,1,0,0,0,0.0,0.0,0.0,0.0,64,0,0,0,0,0,0,2,0,0,0,1595,-1,0,32,0,0,0,0,0,0,0,0,BENIGN
10.42.0.42-52.84.31.67-42670-443-6,10.42.0.42,42670,52.84.31.67,443,6,21/06/2017 09:03:49,13525,1,1,0.0,31.0,0.0,0.0,0.0,0.0,31.0,31.0,31.0,0.0,2292.0517560073936,147.8743068391867,13525.0,0.0,13525.0,13525.0,0,0,0,0,0,0,0,0,0,0,0,0,0,0,20,32,73.93715341959334,73.93715341959334,0.0,31.0,10.333333333333334,17.8978583448784,320.33333333333337,1,0,0,0,0,0,0,0,1.0,15.5,0.0,31.0,20,0,0,0,0,0,0,1,0,1,31,0,122,0,20,0,0,0,0,0,0,0,0,BENIGN
172.217.6.238-10.42.0.42-443-45897-6,10.42.0.42,45897,172.217.6.238,443,6,21/06/2017 09:00:10,265300,15,17,1577.0,5790.0,816.0,0.0,105.13333333333334,212.73856076906986,1418.0,0.0,340.5882352941176,540.0072984256242,27768.563889935922,120.61816811157182,8558.064516129032,16582.54232807399,76264.0,3.0,189036.0,13502.57142857143,19870.968664067477,57788.0,31.0,228531.0,14283.187500000002,24608.923368617732,87968.0,3.0,0,0,0,0,488,552,56.53976630229929,64.07840180927252,0.0,1418.0,223.24242424242422,425.4596066537215,181015.8768939394,0,0,0,1,0,0,0,0,1.0,230.21875,105.13333333333334,340.5882352941176,488,0,0,0,0,0,0,15,1577,17,5790,65535,361,9,32,0,0,0,0,0,0,0,0,BENIGN
172.217.6.238-10.42.0.42-443-45897-6,10.42.0.42,45897,172.217.6.238,443,6,21/06/2017 09:04:10,24,1,1,55.0,0.0,55.0,55.0,55.0,0.0,0.0,0.0,0.0,0.0,2291666.6666666665,83333.33333333333,24.0,0.0,24.0,24.0,0,0,0,0,0,0,0,0,0,0,1,0,0,0,32,32,41666.666666666664,41666.666666666664,0.0,55.0,36.66666666666667,31.754264805429415,1008.3333333333333,0,1,0,0,1,0,0,0,1.0,55.0,55.0,0.0,32,0,0,0,0,0,0,1,55,1,0,361,361,0,32,0,0,0,0,0,0,0,0,BENIGN
172.217.7.10-10.42.0.42-443-54739-6,10.42.0.42,54739,172.217.7.10,443,6,21/06/2017 09:00:33,278805,9,9,1345.0,4673.0,993.0,0.0,149.44444444444446,326.34303696842954,1418.0,0.0,519.2222222222222,569.3346506620201,21584.97874858772,64.56125248829827,16400.294117647056,24575.42601554627,73615.0,11.0,278805.0,34850.625,30244.481980484594,81910.0,1384.0,236212.0,29526.5,43447.02679618677,108802.0,11.0,0,0,0,0,296,296,32.28062624414913,32.28062624414913,0.0,1418.0,316.73684210526324,481.1063456133931,231463.31578947365,0,0,0,1,0,0,0,0,1.0,334.3333333333333,149.44444444444446,519.2222222222222,296,0,0,0,0,0,0,9,1345,9,4673,65535,362,3,32,0,0,0,0,0,0,0,0,BENIGN
172.217.10.136-10.42.0.42-443-54430-6,10.42.0.42,54430,172.217.10.136,443,6,21/06/2017 09:00:47,290787,28,27,888.0,24018.0,242.0,0.0,31.714285714285722,72.08423937406543,1418.0,0.0,889.5555555555555,653.2248012940423,85650.32136924965,189.14188048296518,5384.944444444443,12913.704806407959,76163.0,7.0,214624.0,7949.037037037038,14600.728800254305,53295.0,7.0,254222.0,9777.76923076923,22312.44423958557,99442.0,12.0,0,0,0,0,904,872,96.29041188223682,92.85146860072837,0.0,1418.0,444.74999999999994,625.9702069587657,391838.69999999995,0,0,0,1,0,0,0,0,0.0,452.8363636363636,31.714285714285715,889.5555555555555,904,0,0,0,0,0,0,28,888,27,24018,65535,357,8,32,0,0,0,0,0,0,0,0,BENIGN
172.217.10.136-10.42.0.42-443-54430-6,10.42.0.42,54430,172.217.10.136,443,6,21/06/2017 09:04:47,24,1,1,55.0,0.0,55.0,55.0,55.0,0.0,0.0,0.0,0.0,0.0,2291666.6666666665,83333.33333333333,24.0,0.0,24.0,24.0,0,0,0,0,0,0,0,0,0,0,1,0,0,0,32,32,41666.666666666664,41666.666666666664,0.0,55.0,36.66666666666667,31.754264805429415,1008.3333333333333,0,1,0,0,1,0,0,0,1.0,55.0,55.0,0.0,32,0,0,0,0,0,0,1,55,1,0,357,357,0,32,0,0,0,0,0,0,0,0,BENIGN
172.217.10.136-10.42.0.42-443-54430-6,172.217.10.136,443,10.42.0.42,54430,6,21/06/2017 09:04:47,104139,1,1,0.0,0.0,0.0,0.0,0.0,0.0,0.0,0.0,0.0,0.0,0.0,19.205100874792347,104139.0,0.0,104139.0,104139.0,0,0,0,0,0,0,0,0,0,0,0,0,0,0,32,32,9.602550437396173,9.602550437396173,0.0,0.0,0.0,0.0,0.0,0,0,0,0,1,1,0,0,1.0,0.0,0.0,0.0,32,0,0,0,0,0,0,1,0,1,0,357,2226,0,32,0,0,0,0,0,0,0,0,BENIGN
169.47.42.102-10.42.0.42-5222-38019-6,10.42.0.42,38019,169.47.42.102,5222,6,21/06/2017 09:00:54,119384150,18,16,448.0,324.0,226.0,0.0,24.88888888888889,53.68085307563679,67.0,0.0,20.25,25.063918289046505,6.46652005312263,0.28479492461939043,3617701.515151515,1.7433999650395177E7,9.9448983E7,76.0,1.1938415E8,7022597.05882353,2.4135220696744274E7,9.9448983E7,315.0,1.19305068E8,7953671.200000001,2.568747988465901E7,9.9569358E7,76.0,1,0,0,0,576,512,0.15077378362203023,0.1340211409973602,0.0,226.0,22.142857142857153,41.64637040688213,1734.4201680672272,0,1,0,0,1,0,0,0,0.0,22.794117647058822,24.88888888888889,20.25,576,0,0,0,0,0,0,18,448,16,324,1386,514,12,32,1782274.5,2280923.536461602,3395131.0,169418.0,5.78457255E7,5.883589099540018E7,9.9448983E7,1.6242468E7,BENIGN
8.0.6.4-8.6.0.1-0-0-0,8.6.0.1,0,8.0.6.4,0,0,21/06/2017 09:03:26,85693186,6,0,0.0,0.0,0.0,0.0,0.0,0.0,0,0,0,0,0.0,0.07001723567612482,1.71386372E7,2.3739166562847078E7,4.9066056E7,84528.0,8.5693186E7,1.71386372E7,2.3739166562847078E7,4.9066056E7,84528.0,0,0,0,0,0,0,0,0,0,0,0,0.07001723567612482,0.0,0.0,0.0,0.0,0.0,0.0,0,0,0,0,0,0,0,0,0.0,0.0,0.0,0.0,0,0,0,0,0,0,0,6,0,0,0,-1,-1,0,0,85243.5,1011.8698038779495,85959.0,84528.0,4.2666756E7,9049976.849694148,4.9066056E7,3.6267456E7,BENIGN
10.42.0.42-95.213.11.133-37165-80-6,10.42.0.42,37165,95.213.11.133,80,6,21/06/2017 08:58:15,106390697,6,4,929.0,720.0,515.0,0.0,154.83333333333334,241.98381488576186,412.0,0.0,180.0,212.13831965646062,15.499475485154496,0.09399318062555789,1.1821188555555554E7,3.528027988843048E7,1.05901776E8,122.0,1.06390697E8,2.12781394E7,4.7306105092337154E7,1.05901776E8,122.0,1.06254354E8,3.5418118E7,6.120536515601615E7,1.06091948E8,17652.0,0,0,0,0,200,136,0.05639590837533473,0.037597272250223156,0.0,515.0,149.9090909090909,213.07954127295025,45402.890909090915,0,0,0,1,0,0,0,0,0.0,164.9,154.83333333333334,180.0,200,0,0,0,0,0,0,6,929,4,720,65535,110,2,32,323926.0,0.0,323926.0,323926.0,1.05901776E8,0.0,1.05901776E8,1.05901776E8,BENIGN
169.47.42.102-10.42.0.42-5222-38019-6,10.42.0.42,38019,169.47.42.102,5222,6,21/06/2017 09:05:24,262695,4,2,64.0,0.0,37.0,0.0,16.0,17.60681686165901,0.0,0.0,0.0,0.0,243.62854260644474,22.840175869354194,52539.0,42850.07843049998,102805.0,4720.0,190339.0,63446.333333333336,51831.42570230278,102805.0,4720.0,83017.0,83017.0,0.0,83017.0,83017.0,1,0,0,0,128,64,15.226783912902796,7.613391956451398,0.0,37.0,14.428571428571427,17.633841922632204,310.95238095238096,0,1,0,0,1,0,0,0,0.0,16.833333333333332,16.0,0.0,128,0,0,0,0,0,0,4,64,2,0,514,514,2,32,0,0,0,0,0,0,0,0,BENIGN
8.0.6.4-8.6.0.1-0-0-0,8.6.0.1,0,8.0.6.4,0,0,21/06/2017 09:05:29,78158186,6,0,0.0,0.0,0.0,0.0,0.0,0.0,0,0,0,0,0.0,0.07676739068637033,1.56316372E7,3.480407242380038E7,7.7890902E7,21.0,7.8158186E7,1.56316372E7,3.480407242380038E7,7.7890902E7,21.0,0,0,0,0,0,0,0,0,0,0,0,0.07676739068637033,0.0,0.0,0.0,0.0,0.0,0.0,0,0,0,0,0,0,0,0,0.0,0.0,0.0,0.0,0,0,0,0,0,0,0,6,0,0,0,-1,-1,0,0,189096.0,0.0,189096.0,189096.0,7.7890902E7,0.0,7.7890902E7,7.7890902E7,BENIGN
184.29.141.182-10.42.0.42-443-43984-6,10.42.0.42,43984,184.29.141.182,443,6,21/06/2017 09:00:02,45776322,4,4,1060.0,676.0,546.0,0.0,265.0,306.27438678413836,338.0,0.0,169.0,195.14439098609353,37.9235361023544,0.17476283918135668,6539474.571428571,1.721833775403311E7,4.558695E7,2323.0,4.5776322E7,1.5258774E7,2.626499985253518E7,4.558695E7,55665.0,4.5708696E7,1.5236232E7,2.6307628404493857E7,4.5613656E7,27630.0,1,0,0,0,128,128,0.08738141959067834,0.08738141959067834,0.0,546.0,253.55555555555554,252.5624235268932,63787.77777777778,0,1,0,0,1,0,0,0,1.0,285.25,265.0,169.0,128,0,0,0,0,0,0,4,1060,4,676,1731,1114,1,32,133707.0,0.0,133707.0,133707.0,4.558695E7,0.0,4.558695E7,4.558695E7,BENIGN
184.29.141.182-10.42.0.42-443-43984-6,10.42.0.42,43984,184.29.141.182,443,6,21/06/2017 09:09:08,201,1,1,31.0,0.0,31.0,31.0,31.0,0.0,0.0,0.0,0.0,0.0,154228.85572139302,9950.248756218905,201.0,0.0,201.0,201.0,0,0,0,0,0,0,0,0,0,0,1,0,0,0,32,32,4975.124378109453,4975.124378109453,0.0,31.0,20.666666666666664,17.8978583448784,320.33333333333337,0,1,0,0,1,0,0,0,1.0,31.0,31.0,0.0,32,0,0,0,0,0,0,1,31,1,0,1114,1114,0,32,0,0,0,0,0,0,0,0,BENIGN
10.42.0.1-10.42.0.42-53-12501-17,10.42.0.42,12501,10.42.0.1,53,17,21/06/2017 08:59:12,489519,1,1,34.0,81.0,34.0,34.0,34.0,0.0,81.0,81.0,81.0,0.0,234.92448709856004,4.0856432538880005,489519.0,0.0,489519.0,489519.0,0,0,0,0,0,0,0,0,0,0,0,0,0,0,20,40,2.0428216269440003,2.0428216269440003,34.0,81.0,49.666666666666664,27.13546265191241,736.3333333333333,0,0,0,0,0,0,0,0,1.0,74.5,34.0,81.0,20,0,0,0,0,0,0,1,34,1,81,-1,-1,0,20,0,0,0,0,0,0,0,0,BENIGN
151.101.1.140-10.42.0.42-443-58798-6,10.42.0.42,58798,151.101.1.140,443,6,21/06/2017 09:00:46,106729,7,5,333.0,3866.0,207.0,0.0,47.57142857142857,84.54162119504046,1448.0,0.0,773.2,666.6567332593289,39342.63414816966,112.43429620815336,9702.636363636364,11822.771428668722,37487.0,8.0,106729.0,17788.166666666668,19374.29109326756,53134.0,8.0,53894.0,13473.5,16462.175585262114,33891.0,11.0,0,0,0,0,232,168,65.58667278808946,46.8476234200639,0.0,1448.0,322.99999999999994,537.692911118109,289113.6666666666,0,0,0,1,0,0,0,0,0.0,349.9166666666667,47.57142857142857,773.2,232,0,0,0,0,0,0,7,333,5,3866,65535,59,2,32,0,0,0,0,0,0,0,0,BENIGN
172.217.12.163-10.42.0.42-443-53356-17,10.42.0.42,53356,172.217.12.163,443,17,21/06/2017 08:58:17,3271161,22,15,19093.0,3371.0,1350.0,38.0,867.8636363636365,608.517033877837,1350.0,27.0,224.7333333333333,460.01389212977136,6867.286568897098,11.310968796705511,90865.58333333331,496886.2290072547,2988329.0,5.0,3271161.0,155769.57142857142,649784.7812316454,2988329.0,5.0,3204098.0,228864.14285714287,813626.1540965716,3055167.0,17.0,0,0,0,0,584,420,6.725440906149223,4.585527890556288,27.0,1350.0,626.6842105263158,635.9727643863783,404461.35704125185,0,0,0,0,0,0,0,0,0.0,643.6216216216217,867.8636363636364,224.73333333333332,584,0,0,0,0,0,0,22,19093,15,3371,-1,-1,21,20,0,0,0,0,0,0,0,0,BENIGN
10.42.0.1-10.42.0.42-53-44073-17,10.42.0.42,44073,10.42.0.1,53,17,21/06/2017 08:56:20,95444,1,1,37.0,144.0,37.0,37.0,37.0,0.0,144.0,144.0,144.0,0.0,1896.3999832362433,20.954695947361802,95444.0,0.0,95444.0,95444.0,0,0,0,0,0,0,0,0,0,0,0,0,0,0,32,32,10.477347973680901,10.477347973680901,37.0,144.0,72.66666666666666,61.776478803289955,3816.333333333333,0,0,0,0,0,0,0,0,1.0,109.0,37.0,144.0,32,0,0,0,0,0,0,1,37,1,144,-1,-1,0,32,0,0,0,0,0,0,0,0,BENIGN
10.42.0.1-10.42.0.42-53-12983-17,10.42.0.42,12983,10.42.0.1,53,17,21/06/2017 09:00:46,61209,1,1,31.0,47.0,31.0,31.0,31.0,0.0,47.0,47.0,47.0,0.0,1274.3224035681028,32.674933424823145,61209.0,0.0,61209.0,61209.0,0,0,0,0,0,0,0,0,0,0,0,0,0,0,32,32,16.337466712411572,16.337466712411572,31.0,47.0,36.333333333333336,9.237604307034012,85.33333333333333,0,0,0,0,0,0,0,0,1.0,54.5,31.0,47.0,32,0,0,0,0,0,0,1,31,1,47,-1,-1,0,32,0,0,0,0,0,0,0,0,BENIGN
10.42.0.1-10.42.0.42-53-2013-17,10.42.0.42,2013,10.42.0.1,53,17,21/06/2017 09:00:41,95155,1,1,32.0,131.0,32.0,32.0,32.0,0.0,131.0,131.0,131.0,0.0,1712.9945877778362,21.018338500341546,95155.0,0.0,95155.0,95155.0,0,0,0,0,0,0,0,0,0,0,0,0,0,0,32,32,10.509169250170773,10.509169250170773,32.0,131.0,65.0,57.15767664977295,3267.0,0,0,0,0,0,0,0,0,1.0,97.5,32.0,131.0,32,0,0,0,0,0,0,1,32,1,131,-1,-1,0,32,0,0,0,0,0,0,0,0,BENIGN
10.42.0.42-63.250.200.41-35219-443-6,63.250.200.41,443,10.42.0.42,35219,6,21/06/2017 08:57:22,2209,1,1,0.0,0.0,0.0,0.0,0.0,0.0,0.0,0.0,0.0,0.0,0.0,905.3870529651426,2209.0,0.0,2209.0,2209.0,0,0,0,0,0,0,0,0,0,0,0,0,0,0,32,32,452.6935264825713,452.6935264825713,0.0,0.0,0.0,0.0,0.0,0,0,0,0,1,1,0,0,1.0,0.0,0.0,0.0,32,0,0,0,0,0,0,1,0,1,0,122,1550,0,32,0,0,0,0,0,0,0,0,BENIGN
172.217.10.136-10.42.0.42-443-54430-6,10.42.0.42,54430,172.217.10.136,443,6,21/06/2017 09:04:47,36183,2,1,0.0,0.0,0.0,0.0,0.0,0.0,0.0,0.0,0.0,0.0,0.0,82.91186468783683,18091.5,25432.509598936555,36075.0,108.0,108.0,108.0,0.0,108.0,108.0,0,0,0,0,0,0,0,0,0,76,32,55.27457645855789,27.637288229278944,0.0,0.0,0.0,0.0,0.0,0,0,0,0,1,0,0,0,0.0,0.0,0.0,0.0,76,0,0,0,0,0,0,2,0,1,0,2226,357,0,32,0,0,0,0,0,0,0,0,BENIGN
10.42.0.1-10.42.0.42-53-63475-17,10.42.0.42,63475,10.42.0.1,53,17,21/06/2017 08:56:20,47609,1,1,30.0,140.0,30.0,30.0,30.0,0.0,140.0,140.0,140.0,0.0,3570.7534289735136,42.00886387027663,47609.0,0.0,47609.0,47609.0,0,0,0,0,0,0,0,0,0,0,0,0,0,0,32,32,21.004431935138314,21.004431935138314,30.0,140.0,66.66666666666666,63.50852961085883,4033.333333333333,0,0,0,0,0,0,0,0,1.0,100.0,30.0,140.0,32,0,0,0,0,0,0,1,30,1,140,-1,-1,0,32,0,0,0,0,0,0,0,0,BENIGN
10.42.0.1-10.42.0.42-53-64663-17,10.42.0.42,64663,10.42.0.1,53,17,21/06/2017 08:59:14,891755,1,1,30.0,116.0,30.0,30.0,30.0,0.0,116.0,116.0,116.0,0.0,163.72209855846057,2.2427684734035696,891755.0,0.0,891755.0,891755.0,0,0,0,0,0,0,0,0,0,0,0,0,0,0,20,20,1.1213842367017848,1.1213842367017848,30.0,116.0,58.66666666666667,49.652123150307816,2465.3333333333335,0,0,0,0,0,0,0,0,1.0,88.0,30.0,116.0,20,0,0,0,0,0,0,1,30,1,116,-1,-1,0,20,0,0,0,0,0,0,0,0,BENIGN
10.42.0.1-10.42.0.42-53-1450-17,10.42.0.42,1450,10.42.0.1,53,17,21/06/2017 08:56:19,94072,1,1,33.0,72.0,33.0,33.0,33.0,0.0,72.0,72.0,72.0,0.0,1116.1663406752275,21.260311250956715,94072.0,0.0,94072.0,94072.0,0,0,0,0,0,0,0,0,0,0,0,0,0,0,40,32,10.630155625478357,10.630155625478357,33.0,72.0,46.0,22.516660498395403,507.0,0,0,0,0,0,0,0,0,1.0,69.0,33.0,72.0,40,0,0,0,0,0,0,1,33,1,72,-1,-1,0,40,0,0,0,0,0,0,0,0,BENIGN
151.101.1.140-10.42.0.42-443-58790-6,10.42.0.42,58790,151.101.1.140,443,6,21/06/2017 09:00:45,105216,8,5,338.0,3866.0,212.0,0.0,42.24999999999999,81.53833454271677,1448.0,0.0,773.2,666.6567332593289,39955.900243309,123.55535279805352,8768.0,11012.525480313108,37137.0,17.0,105216.0,15030.857142857141,13611.97298249561,37137.0,196.0,84629.0,21157.25,28172.973590245434,59662.0,17.0,0,0,0,0,264,168,76.03406326034063,47.521289537712896,0.0,1448.0,300.2857142857143,523.6950710790846,274256.52747252746,0,0,0,1,0,0,0,0,0.0,323.38461538461536,42.25,773.2,264,0,0,0,0,0,0,8,338,5,3866,65535,59,2,32,0,0,0,0,0,0,0,0,BENIGN
10.42.0.42-125.88.193.249-49466-80-6,10.42.0.42,49466,125.88.193.249,80,6,21/06/2017 08:59:17,31084695,6,0,0.0,0.0,0.0,0.0,0.0,0.0,0,0,0,0,0.0,0.19302103494983625,6216939.0,6118954.054719116,1.6054903E7,1007571.0,3.1084695E7,6216939.0,6118954.054719116,1.6054903E7,1007571.0,0,0,0,0,0,0,0,0,0,240,0,0.19302103494983625,0.0,0.0,0.0,0.0,0.0,0.0,0,0,0,1,0,0,0,0,0.0,0.0,0.0,0.0,240,0,0,0,0,0,0,6,0,0,0,65535,-1,0,40,7020659.0,0.0,7020659.0,7020659.0,1.2032018E7,5689218.526867288,1.6054903E7,8009133.0,BENIGN
10.42.0.1-10.42.0.42-53-14362-17,10.42.0.42,14362,10.42.0.1,53,17,21/06/2017 09:00:48,153842,1,1,39.0,243.0,39.0,39.0,39.0,0.0,243.0,243.0,243.0,0.0,1833.049492336293,13.000351009477255,153842.0,0.0,153842.0,153842.0,0,0,0,0,0,0,0,0,0,0,0,0,0,0,32,32,6.500175504738627,6.500175504738627,39.0,243.0,107.0,117.77945491468365,13872.0,0,0,0,0,0,0,0,0,1.0,160.5,39.0,243.0,32,0,0,0,0,0,0,1,39,1,243,-1,-1,0,32,0,0,0,0,0,0,0,0,BENIGN
172.217.9.227-10.42.0.42-443-32784-6,172.217.9.227,443,10.42.0.42,32784,6,21/06/2017 08:58:16,36816,1,1,0.0,0.0,0.0,0.0,0.0,0.0,0.0,0.0,0.0,0.0,0.0,54.32420686657974,36816.0,0.0,36816.0,36816.0,0,0,0,0,0,0,0,0,0,0,0,0,0,0,32,32,27.16210343328987,27.16210343328987,0.0,0.0,0.0,0.0,0.0,0,0,0,0,1,1,0,0,1.0,0.0,0.0,0.0,32,0,0,0,0,0,0,1,0,1,0,362,1637,0,32,0,0,0,0,0,0,0,0,BENIGN
10.42.0.1-10.42.0.42-53-40111-17,10.42.0.42,40111,10.42.0.1,53,17,21/06/2017 08:59:15,1281952,1,1,30.0,185.0,30.0,30.0,30.0,0.0,185.0,185.0,185.0,0.0,167.71298769376702,1.560120815755972,1281952.0,0.0,1281952.0,1281952.0,0,0,0,0,0,0,0,0,0,0,0,0,0,0,40,20,0.780060407877986,0.780060407877986,30.0,185.0,81.66666666666666,89.48929172439199,8008.333333333333,0,0,0,0,0,0,0,0,1.0,122.5,30.0,185.0,40,0,0,0,0,0,0,1,30,1,185,-1,-1,0,40,0,0,0,0,0,0,0,0,BENIGN
10.42.0.1-10.42.0.42-53-40729-17,10.42.0.42,40729,10.42.0.1,53,17,21/06/2017 09:00:02,199733,1,1,34.0,82.0,34.0,34.0,34.0,0.0,82.0,82.0,82.0,0.0,580.7753350723216,10.01336784607451,199733.0,0.0,199733.0,199733.0,0,0,0,0,0,0,0,0,0,0,0,0,0,0,32,32,5.006683923037255,5.006683923037255,34.0,82.0,50.0,27.712812921102035,768.0,0,0,0,0,0,0,0,0,1.0,75.0,34.0,82.0,32,0,0,0,0,0,0,1,34,1,82,-1,-1,0,32,0,0,0,0,0,0,0,0,BENIGN
10.42.0.42-72.5.205.57-42722-443-6,10.42.0.42,42722,72.5.205.57,443,6,21/06/2017 09:00:49,33169,1,1,0.0,0.0,0.0,0.0,0.0,0.0,0.0,0.0,0.0,0.0,0.0,60.29726551900872,33169.0,0.0,33169.0,33169.0,0,0,0,0,0,0,0,0,0,0,0,0,0,0,20,20,30.14863275950436,30.14863275950436,0.0,0.0,0.0,0.0,0.0,0,0,0,0,1,1,0,0,1.0,0.0,0.0,0.0,20,0,0,0,0,0,0,1,0,1,0,1597,133,0,20,0,0,0,0,0,0,0,0,BENIGN
172.217.10.13-10.42.0.42-443-38666-6,10.42.0.42,38666,172.217.10.13,443,6,21/06/2017 08:59:26,36636,1,1,0.0,0.0,0.0,0.0,0.0,0.0,0.0,0.0,0.0,0.0,0.0,54.59111256687411,36636.0,0.0,36636.0,36636.0,0,0,0,0,0,0,0,0,0,0,0,0,0,0,32,32,27.295556283437055,27.295556283437055,0.0,0.0,0.0,0.0,0.0,0,0,0,0,1,1,0,0,1.0,0.0,0.0,0.0,32,0,0,0,0,0,0,1,0,1,0,1548,340,0,32,0,0,0,0,0,0,0,0,BENIGN
172.217.6.238-10.42.0.42-443-34018-17,10.42.0.42,34018,172.217.6.238,443,17,21/06/2017 08:58:27,300263,10,11,4146.0,2970.0,1350.0,35.0,414.6,531.8515248116192,1350.0,26.0,270.00000000000006,409.13078593525563,23699.223680573363,69.93868708432274,15013.150000000005,21944.009855886943,73448.0,28.0,300263.0,33362.555555555555,41126.049062945225,119344.0,78.0,191012.0,19101.2,26051.85480195647,73448.0,28.0,0,0,0,0,320,352,33.30413670682035,36.63455037750239,26.0,1350.0,384.8181818181818,502.61863194422983,252625.48917748916,0,0,0,0,0,0,0,0,1.0,403.14285714285717,414.6,270.0,320,0,0,0,0,0,0,10,4146,11,2970,-1,-1,9,32,0,0,0,0,0,0,0,0,BENIGN
172.217.10.14-10.42.0.42-443-44000-17,10.42.0.42,44000,172.217.10.14,443,17,21/06/2017 08:56:30,298806,10,11,4130.0,2957.0,1350.0,35.0,413.0,529.1049045321731,1350.0,26.0,268.8181818181818,410.6569902441253,23717.729898328682,70.2797132587699,14940.300000000003,20764.018105975134,65767.0,27.0,298806.0,33200.666666666664,38810.28189797132,109460.0,285.0,187474.0,18747.399999999998,23931.52315438549,64082.0,27.0,0,0,0,0,200,220,33.46653012322376,36.81318313554614,26.0,1350.0,383.50000000000006,502.0650451124929,252069.30952380953,0,0,0,0,0,0,0,0,1.0,401.76190476190476,413.0,268.8181818181818,200,0,0,0,0,0,0,10,4130,11,2957,-1,-1,9,20,0,0,0,0,0,0,0,0,BENIGN
10.42.0.42-95.213.11.181-36973-80-6,95.213.11.181,80,10.42.0.42,36973,6,21/06/2017 09:00:21,2399,1,1,0.0,0.0,0.0,0.0,0.0,0.0,0.0,0.0,0.0,0.0,0.0,833.6807002917882,2399.0,0.0,2399.0,2399.0,0,0,0,0,0,0,0,0,0,0,0,0,0,0,32,32,416.8403501458941,416.8403501458941,0.0,0.0,0.0,0.0,0.0,0,0,0,0,1,1,0,0,1.0,0.0,0.0,0.0,32,0,0,0,0,0,0,1,0,1,0,110,1369,0,32,0,0,0,0,0,0,0,0,BENIGN
172.217.11.35-10.42.0.42-443-42650-17,10.42.0.42,42650,172.217.11.35,443,17,21/06/2017 08:56:18,140196,6,4,2558.0,1593.0,1350.0,24.0,426.3333333333333,613.1370700476906,1350.0,31.0,398.25,638.0493058272742,29608.548032754148,71.32871123284545,15577.333333333334,19175.41746612052,50813.0,29.0,140196.0,28039.200000000004,39428.32535373523,84088.0,43.0,61468.0,20489.333333333332,21239.226453271156,42430.0,29.0,0,0,0,0,120,80,42.79722673970727,28.53148449313818,24.0,1350.0,500.09090909090907,624.2979183924057,389747.8909090909,0,0,0,0,0,0,0,0,0.0,550.1,426.3333333333333,398.25,120,0,0,0,0,0,0,6,2558,4,1593,-1,-1,5,20,0,0,0,0,0,0,0,0,BENIGN
172.217.10.238-10.42.0.42-443-60511-6,172.217.10.238,443,10.42.0.42,60511,6,21/06/2017 08:56:25,7569,2,1,0.0,0.0,0.0,0.0,0.0,0.0,0.0,0.0,0.0,0.0,0.0,396.3535473642489,3784.5,4476.6930316920325,6950.0,619.0,619.0,619.0,0.0,619.0,619.0,0,0,0,0,0,0,0,0,0,64,32,264.2356982428326,132.1178491214163,0.0,0.0,0.0,0.0,0.0,0,0,0,0,1,1,0,0,0.0,0.0,0.0,0.0,64,0,0,0,0,0,0,2,0,1,0,349,1594,0,32,0,0,0,0,0,0,0,0,BENIGN
172.217.10.14-10.42.0.42-80-40622-6,172.217.10.14,80,10.42.0.42,40622,6,21/06/2017 08:58:10,123267,1,1,0.0,0.0,0.0,0.0,0.0,0.0,0.0,0.0,0.0,0.0,0.0,16.224942604265536,123267.0,0.0,123267.0,123267.0,0,0,0,0,0,0,0,0,0,0,0,0,0,0,32,32,8.112471302132768,8.112471302132768,0.0,0.0,0.0,0.0,0.0,0,0,0,0,1,1,0,0,1.0,0.0,0.0,0.0,32,0,0,0,0,0,0,1,0,1,0,340,1369,0,32,0,0,0,0,0,0,0,0,BENIGN
10.42.0.1-10.42.0.42-53-9087-17,10.42.0.42,9087,10.42.0.1,53,17,21/06/2017 08:59:15,1164851,1,1,30.0,169.0,30.0,30.0,30.0,0.0,169.0,169.0,169.0,0.0,170.83730022123,1.7169577911681406,1164851.0,0.0,1164851.0,1164851.0,0,0,0,0,0,0,0,0,0,0,0,0,0,0,40,32,0.8584788955840703,0.8584788955840703,30.0,169.0,76.33333333333334,80.25168741735799,6440.333333333334,0,0,0,0,0,0,0,0,1.0,114.5,30.0,169.0,40,0,0,0,0,0,0,1,30,1,169,-1,-1,0,40,0,0,0,0,0,0,0,0,BENIGN
151.101.1.140-10.42.0.42-443-58787-6,10.42.0.42,58787,151.101.1.140,443,6,21/06/2017 09:00:45,103345,7,5,338.0,3866.0,212.0,0.0,48.28571428571428,86.11951827879338,1448.0,0.0,773.2,666.6567332593289,40679.27814601577,116.11592239585852,9395.0,8816.387502826768,23002.0,3.0,103345.0,17224.166666666668,12951.044705608372,34877.0,13.0,68619.0,17154.75,21401.748719438794,44259.0,3.0,0,0,0,0,232,168,67.7342880642508,48.38163433160772,0.0,1448.0,323.3846153846154,537.6048019474185,289018.92307692306,0,0,0,1,0,0,0,0,0.0,350.3333333333333,48.285714285714285,773.2,232,0,0,0,0,0,0,7,338,5,3866,65535,59,2,32,0,0,0,0,0,0,0,0,BENIGN
10.42.0.1-10.42.0.42-53-32158-17,10.42.0.42,32158,10.42.0.1,53,17,21/06/2017 08:56:20,48391,1,1,37.0,157.0,37.0,37.0,37.0,0.0,157.0,157.0,157.0,0.0,4009.009939864851,41.329999380050005,48391.0,0.0,48391.0,48391.0,0,0,0,0,0,0,0,0,0,0,0,0,0,0,32,32,20.664999690025002,20.664999690025002,37.0,157.0,77.0,69.2820323027551,4800.0,0,0,0,0,0,0,0,0,1.0,115.5,37.0,157.0,32,0,0,0,0,0,0,1,37,1,157,-1,-1,0,32,0,0,0,0,0,0,0,0,BENIGN
10.42.0.1-10.42.0.42-53-13455-17,10.42.0.42,13455,10.42.0.1,53,17,21/06/2017 08:56:21,47749,1,1,30.0,140.0,30.0,30.0,30.0,0.0,140.0,140.0,140.0,0.0,3560.2839850049218,41.88569394123437,47749.0,0.0,47749.0,47749.0,0,0,0,0,0,0,0,0,0,0,0,0,0,0,32,32,20.942846970617186,20.942846970617186,30.0,140.0,66.66666666666666,63.50852961085883,4033.333333333333,0,0,0,0,0,0,0,0,1.0,100.0,30.0,140.0,32,0,0,0,0,0,0,1,30,1,140,-1,-1,0,32,0,0,0,0,0,0,0,0,BENIGN
10.42.0.1-10.42.0.42-53-18450-17,10.42.0.42,18450,10.42.0.1,53,17,21/06/2017 08:59:17,289227,1,1,32.0,48.0,32.0,32.0,32.0,0.0,48.0,48.0,48.0,0.0,276.5993493000308,6.914983732500769,289227.0,0.0,289227.0,289227.0,0,0,0,0,0,0,0,0,0,0,0,0,0,0,40,20,3.4574918662503844,3.4574918662503844,32.0,48.0,37.333333333333336,9.237604307034012,85.33333333333333,0,0,0,0,0,0,0,0,1.0,56.0,32.0,48.0,40,0,0,0,0,0,0,1,32,1,48,-1,-1,0,40,0,0,0,0,0,0,0,0,BENIGN
10.42.0.1-10.42.0.42-53-12529-17,10.42.0.42,12529,10.42.0.1,53,17,21/06/2017 08:59:17,629340,1,1,34.0,91.0,34.0,34.0,34.0,0.0,91.0,91.0,91.0,0.0,198.62077732227414,3.177932437156386,629340.0,0.0,629340.0,629340.0,0,0,0,0,0,0,0,0,0,0,0,0,0,0,40,20,1.588966218578193,1.588966218578193,34.0,91.0,53.0,32.90896534380867,1083.0,0,0,0,0,0,0,0,0,1.0,79.5,34.0,91.0,40,0,0,0,0,0,0,1,34,1,91,-1,-1,0,40,0,0,0,0,0,0,0,0,BENIGN
172.217.7.10-10.42.0.42-443-54739-6,10.42.0.42,54739,172.217.7.10,443,6,21/06/2017 09:04:33,176115,2,0,0.0,0.0,0.0,0.0,0.0,0.0,0,0,0,0,0.0,11.35621610879255,176115.0,0.0,176115.0,176115.0,176115.0,176115.0,0.0,176115.0,176115.0,0,0,0,0,0,0,0,0,0,64,0,11.35621610879255,0.0,0.0,0.0,0.0,0.0,0.0,0,0,0,0,1,1,0,0,0.0,0.0,0.0,0.0,64,0,0,0,0,0,0,2,0,0,0,362,-1,0,32,0,0,0,0,0,0,0,0,BENIGN
10.42.0.1-10.42.0.42-53-53575-17,10.42.0.42,53575,10.42.0.1,53,17,21/06/2017 09:00:02,87458,1,1,42.0,142.0,42.0,42.0,42.0,0.0,142.0,142.0,142.0,0.0,2103.866999016671,22.868119554529034,87458.0,0.0,87458.0,87458.0,0,0,0,0,0,0,0,0,0,0,0,0,0,0,32,20,11.434059777264517,11.434059777264517,42.0,142.0,75.33333333333334,57.735026918962575,3333.3333333333335,0,0,0,0,0,0,0,0,1.0,113.0,42.0,142.0,32,0,0,0,0,0,0,1,42,1,142,-1,-1,0,32,0,0,0,0,0,0,0,0,BENIGN
10.42.0.1-10.42.0.42-53-36268-17,10.42.0.42,36268,10.42.0.1,53,17,21/06/2017 08:59:14,724823,1,1,30.0,116.0,30.0,30.0,30.0,0.0,116.0,116.0,116.0,0.0,201.42848667881677,2.759294338065983,724823.0,0.0,724823.0,724823.0,0,0,0,0,0,0,0,0,0,0,0,0,0,0,20,20,1.3796471690329914,1.3796471690329914,30.0,116.0,58.66666666666667,49.652123150307816,2465.3333333333335,0,0,0,0,0,0,0,0,1.0,88.0,30.0,116.0,20,0,0,0,0,0,0,1,30,1,116,-1,-1,0,20,0,0,0,0,0,0,0,0,BENIGN
10.42.0.1-10.42.0.42-53-6175-17,10.42.0.42,6175,10.42.0.1,53,17,21/06/2017 08:56:20,47910,1,1,36.0,156.0,36.0,36.0,36.0,0.0,156.0,156.0,156.0,0.0,4007.5140889167187,41.74493842621582,47910.0,0.0,47910.0,47910.0,0,0,0,0,0,0,0,0,0,0,0,0,0,0,32,32,20.87246921310791,20.87246921310791,36.0,156.0,76.0,69.2820323027551,4800.0,0,0,0,0,0,0,0,0,1.0,114.0,36.0,156.0,32,0,0,0,0,0,0,1,36,1,156,-1,-1,0,32,0,0,0,0,0,0,0,0,BENIGN
10.42.0.42-121.12.98.64-44226-80-6,121.12.98.64,80,10.42.0.42,44226,6,21/06/2017 09:00:01,3068,1,1,0.0,0.0,0.0,0.0,0.0,0.0,0.0,0.0,0.0,0.0,0.0,651.890482398957,3068.0,0.0,3068.0,3068.0,0,0,0,0,0,0,0,0,0,0,0,0,0,0,20,20,325.9452411994785,325.9452411994785,0.0,0.0,0.0,0.0,0.0,0,0,0,0,1,1,0,0,1.0,0.0,0.0,0.0,20,0,0,0,0,0,0,1,0,1,0,502,1369,0,20,0,0,0,0,0,0,0,0,BENIGN
10.42.0.1-10.42.0.42-53-29474-17,10.42.0.42,29474,10.42.0.1,53,17,21/06/2017 08:58:15,1355,1,1,24.0,56.0,24.0,24.0,24.0,0.0,56.0,56.0,56.0,0.0,59040.590405904055,1476.0147601476015,1355.0,0.0,1355.0,1355.0,0,0,0,0,0,0,0,0,0,0,0,0,0,0,32,32,738.0073800738007,738.0073800738007,24.0,56.0,34.666666666666664,18.475208614068023,341.3333333333333,0,0,0,0,0,0,0,0,1.0,52.0,24.0,56.0,32,0,0,0,0,0,0,1,24,1,56,-1,-1,0,32,0,0,0,0,0,0,0,0,BENIGN
10.42.0.42-125.88.193.226-40058-80-6,10.42.0.42,40058,125.88.193.226,80,6,21/06/2017 09:00:21,336689,1,1,0.0,0.0,0.0,0.0,0.0,0.0,0.0,0.0,0.0,0.0,0.0,5.940200006534219,336689.0,0.0,336689.0,336689.0,0,0,0,0,0,0,0,0,0,0,0,0,0,0,20,20,2.9701000032671097,2.9701000032671097,0.0,0.0,0.0,0.0,0.0,0,0,0,0,1,1,0,0,1.0,0.0,0.0,0.0,20,0,0,0,0,0,0,1,0,1,0,1386,31,0,20,0,0,0,0,0,0,0,0,BENIGN
10.42.0.1-10.42.0.42-53-60116-17,10.42.0.42,60116,10.42.0.1,53,17,21/06/2017 08:56:18,94546,1,1,31.0,92.0,31.0,31.0,31.0,0.0,92.0,92.0,92.0,0.0,1300.954032957502,21.153724113130114,94546.0,0.0,94546.0,94546.0,0,0,0,0,0,0,0,0,0,0,0,0,0,0,32,32,10.576862056565057,10.576862056565057,31.0,92.0,51.33333333333333,35.21836642056717,1240.3333333333333,0,0,0,0,0,0,0,0,1.0,77.0,31.0,92.0,32,0,0,0,0,0,0,1,31,1,92,-1,-1,0,32,0,0,0,0,0,0,0,0,BENIGN
10.42.0.42-104.88.89.135-54473-443-6,104.88.89.135,443,10.42.0.42,54473,6,21/06/2017 09:00:22,19314171,1,2,0.0,0.0,0.0,0.0,0.0,0.0,0.0,0.0,0.0,0.0,0.0,0.1553263663244982,9657085.5,1.3651899199441098E7,1.9310436E7,3735.0,0,0,0,0,0,1.9310436E7,1.9310436E7,0.0,1.9310436E7,1.9310436E7,0,0,0,0,32,76,0.0517754554414994,0.1035509108829988,0.0,0.0,0.0,0.0,0.0,0,0,0,0,1,1,0,0,2.0,0.0,0.0,0.0,32,0,0,0,0,0,0,1,0,2,0,939,1386,0,32,3735.0,0.0,3735.0,3735.0,1.9310436E7,0.0,1.9310436E7,1.9310436E7,BENIGN
10.42.0.1-10.42.0.42-53-5606-17,10.42.0.42,5606,10.42.0.1,53,17,21/06/2017 08:59:14,999600,1,1,30.0,116.0,30.0,30.0,30.0,0.0,116.0,116.0,116.0,0.0,146.05842336934774,2.000800320128051,999600.0,0.0,999600.0,999600.0,0,0,0,0,0,0,0,0,0,0,0,0,0,0,20,20,1.0004001600640255,1.0004001600640255,30.0,116.0,58.66666666666667,49.652123150307816,2465.3333333333335,0,0,0,0,0,0,0,0,1.0,88.0,30.0,116.0,20,0,0,0,0,0,0,1,30,1,116,-1,-1,0,20,0,0,0,0,0,0,0,0,BENIGN
10.42.0.1-10.42.0.42-53-38787-17,10.42.0.42,38787,10.42.0.1,53,17,21/06/2017 09:00:48,61380,1,1,38.0,209.0,38.0,38.0,38.0,0.0,209.0,209.0,209.0,0.0,4024.112088628218,32.58390355164549,61380.0,0.0,61380.0,61380.0,0,0,0,0,0,0,0,0,0,0,0,0,0,0,20,20,16.291951775822746,16.291951775822746,38.0,209.0,95.0,98.72689603142601,9747.0,0,0,0,0,0,0,0,0,1.0,142.5,38.0,209.0,20,0,0,0,0,0,0,1,38,1,209,-1,-1,0,20,0,0,0,0,0,0,0,0,BENIGN
10.42.0.42-98.137.201.232-33800-443-6,10.42.0.42,33800,98.137.201.232,443,6,21/06/2017 08:56:19,62871289,7,7,333.0,4615.0,207.0,0.0,47.57142857142856,84.54162119504046,1448.0,0.0,659.2857142857143,674.0308386331974,78.70047009852145,0.22267715872661686,4836253.0,1.7398587956956554E7,6.2742238E7,10.0,6.2871289E7,1.0478548166666666E7,2.5603884095747694E7,6.2742238E7,818.0,66496.0,11082.666666666666,15407.342037699646,33274.0,10.0,0,0,0,0,232,232,0.11133857936330843,0.11133857936330843,0.0,1448.0,329.8666666666666,547.3999408459003,299646.69523809524,0,0,0,1,0,0,0,0,1.0,353.42857142857144,47.57142857142857,659.2857142857143,232,0,0,0,0,0,0,7,333,7,4615,65535,61,2,32,129051.0,0.0,129051.0,129051.0,6.2742238E7,0.0,6.2742238E7,6.2742238E7,BENIGN
10.42.0.1-10.42.0.42-53-19763-17,10.42.0.42,19763,10.42.0.1,53,17,21/06/2017 08:59:14,999631,1,1,30.0,116.0,30.0,30.0,30.0,0.0,116.0,116.0,116.0,0.0,146.05389388684424,2.000738272422524,999631.0,0.0,999631.0,999631.0,0,0,0,0,0,0,0,0,0,0,0,0,0,0,20,20,1.000369136211262,1.000369136211262,30.0,116.0,58.66666666666667,49.652123150307816,2465.3333333333335,0,0,0,0,0,0,0,0,1.0,88.0,30.0,116.0,20,0,0,0,0,0,0,1,30,1,116,-1,-1,0,20,0,0,0,0,0,0,0,0,BENIGN
10.42.0.1-10.42.0.42-53-19327-17,10.42.0.42,19327,10.42.0.1,53,17,21/06/2017 08:57:33,50012,1,1,37.0,77.0,37.0,37.0,37.0,0.0,77.0,77.0,77.0,0.0,2279.4529312964887,39.99040230344717,50012.0,0.0,50012.0,50012.0,0,0,0,0,0,0,0,0,0,0,0,0,0,0,32,32,19.995201151723585,19.995201151723585,37.0,77.0,50.333333333333336,23.094010767585033,533.3333333333334,0,0,0,0,0,0,0,0,1.0,75.5,37.0,77.0,32,0,0,0,0,0,0,1,37,1,77,-1,-1,0,32,0,0,0,0,0,0,0,0,BENIGN
10.42.0.1-10.42.0.42-53-54694-17,10.42.0.42,54694,10.42.0.1,53,17,21/06/2017 08:56:24,47136,1,1,37.0,94.0,37.0,37.0,37.0,0.0,94.0,94.0,94.0,0.0,2779.192124915139,42.430414120841824,47136.0,0.0,47136.0,47136.0,0,0,0,0,0,0,0,0,0,0,0,0,0,0,32,32,21.215207060420912,21.215207060420912,37.0,94.0,56.0,32.90896534380867,1083.0,0,0,0,0,0,0,0,0,1.0,84.0,37.0,94.0,32,0,0,0,0,0,0,1,37,1,94,-1,-1,0,32,0,0,0,0,0,0,0,0,BENIGN
10.42.0.42-88.212.196.124-39781-443-6,88.212.196.124,443,10.42.0.42,39781,6,21/06/2017 08:58:35,331814,2,1,0.0,0.0,0.0,0.0,0.0,0.0,0.0,0.0,0.0,0.0,0.0,9.041209834425311,165907.0,22840.96324588786,182058.0,149756.0,331814.0,331814.0,0.0,331814.0,331814.0,0,0,0,0,0,0,0,0,0,52,32,6.027473222950207,3.0137366114751036,0.0,0.0,0.0,0.0,0.0,1,0,0,0,1,0,0,0,0.0,0.0,0.0,0.0,52,0,0,0,0,0,0,2,0,1,0,543,1595,0,20,0,0,0,0,0,0,0,0,BENIGN
10.42.0.42-52.84.40.197-47415-80-6,10.42.0.42,47415,52.84.40.197,80,6,21/06/2017 09:01:16,38142,2,0,0.0,0.0,0.0,0.0,0.0,0.0,0,0,0,0,0.0,52.435635257721145,38142.0,0.0,38142.0,38142.0,38142.0,38142.0,0.0,38142.0,38142.0,0,0,0,0,0,0,0,0,0,64,0,52.435635257721145,0.0,0.0,0.0,0.0,0.0,0.0,0,0,0,0,1,1,0,0,0.0,0.0,0.0,0.0,64,0,0,0,0,0,0,2,0,0,0,118,-1,0,32,0,0,0,0,0,0,0,0,BENIGN
151.101.1.140-10.42.0.42-443-58797-6,10.42.0.42,58797,151.101.1.140,443,6,21/06/2017 09:00:46,67,2,0,0.0,0.0,0.0,0.0,0.0,0.0,0,0,0,0,0.0,29850.746268656716,67.0,0.0,67.0,67.0,67.0,67.0,0.0,67.0,67.0,0,0,0,0,0,0,0,0,0,40,0,29850.746268656716,0.0,0.0,0.0,0.0,0.0,0.0,1,0,0,0,0,0,0,0,0.0,0.0,0.0,0.0,40,0,0,0,0,0,0,2,0,0,0,0,-1,0,20,0,0,0,0,0,0,0,0,BENIGN
10.42.0.1-10.42.0.42-53-7254-17,10.42.0.42,7254,10.42.0.1,53,17,21/06/2017 08:59:15,187217,1,1,30.0,200.0,30.0,30.0,30.0,0.0,200.0,200.0,200.0,0.0,1228.520914233216,10.682790558549705,187217.0,0.0,187217.0,187217.0,0,0,0,0,0,0,0,0,0,0,0,0,0,0,40,20,5.3413952792748525,5.3413952792748525,30.0,200.0,86.66666666666666,98.14954576223637,9633.333333333332,0,0,0,0,0,0,0,0,1.0,130.0,30.0,200.0,40,0,0,0,0,0,0,1,30,1,200,-1,-1,0,40,0,0,0,0,0,0,0,0,BENIGN
10.42.0.42-121.12.98.64-44233-80-6,10.42.0.42,44233,121.12.98.64,80,6,21/06/2017 09:00:02,348084,1,1,0.0,0.0,0.0,0.0,0.0,0.0,0.0,0.0,0.0,0.0,0.0,5.7457395341354385,348084.0,0.0,348084.0,348084.0,0,0,0,0,0,0,0,0,0,0,0,0,0,0,20,20,2.8728697670677192,2.8728697670677192,0.0,0.0,0.0,0.0,0.0,0,0,0,0,1,1,0,0,1.0,0.0,0.0,0.0,20,0,0,0,0,0,0,1,0,1,0,1460,0,0,20,0,0,0,0,0,0,0,0,BENIGN
10.42.0.1-10.42.0.42-53-45891-17,10.42.0.42,45891,10.42.0.1,53,17,21/06/2017 08:56:20,49481,1,1,30.0,140.0,30.0,30.0,30.0,0.0,140.0,140.0,140.0,0.0,3435.6621733594716,40.419554980699665,49481.0,0.0,49481.0,49481.0,0,0,0,0,0,0,0,0,0,0,0,0,0,0,32,32,20.209777490349833,20.209777490349833,30.0,140.0,66.66666666666666,63.50852961085883,4033.333333333333,0,0,0,0,0,0,0,0,1.0,100.0,30.0,140.0,32,0,0,0,0,0,0,1,30,1,140,-1,-1,0,32,0,0,0,0,0,0,0,0,BENIGN
10.42.0.42-98.139.199.204-42677-443-6,10.42.0.42,42677,98.139.199.204,443,6,21/06/2017 08:59:18,25301,1,1,0.0,0.0,0.0,0.0,0.0,0.0,0.0,0.0,0.0,0.0,0.0,79.04825896209636,25301.0,0.0,25301.0,25301.0,0,0,0,0,0,0,0,0,0,0,0,0,0,0,32,32,39.52412948104818,39.52412948104818,0.0,0.0,0.0,0.0,0.0,0,0,0,0,1,0,0,0,1.0,0.0,0.0,0.0,32,0,0,0,0,0,0,1,0,1,0,2138,251,0,32,0,0,0,0,0,0,0,0,BENIGN
10.42.0.1-10.42.0.42-53-38706-17,10.42.0.42,38706,10.42.0.1,53,17,21/06/2017 09:00:45,48070,1,1,39.0,87.0,39.0,39.0,39.0,0.0,87.0,87.0,87.0,0.0,2621.1774495527357,41.60599126274183,48070.0,0.0,48070.0,48070.0,0,0,0,0,0,0,0,0,0,0,0,0,0,0,32,32,20.802995631370916,20.802995631370916,39.0,87.0,55.0,27.712812921102035,768.0,0,0,0,0,0,0,0,0,1.0,82.5,39.0,87.0,32,0,0,0,0,0,0,1,39,1,87,-1,-1,0,32,0,0,0,0,0,0,0,0,BENIGN
10.42.0.1-10.42.0.42-53-6851-17,10.42.0.42,6851,10.42.0.1,53,17,21/06/2017 08:56:21,48393,1,1,30.0,140.0,30.0,30.0,30.0,0.0,140.0,140.0,140.0,0.0,3512.9047589527413,41.32829128179696,48393.0,0.0,48393.0,48393.0,0,0,0,0,0,0,0,0,0,0,0,0,0,0,32,32,20.66414564089848,20.66414564089848,30.0,140.0,66.66666666666666,63.50852961085883,4033.333333333333,0,0,0,0,0,0,0,0,1.0,100.0,30.0,140.0,32,0,0,0,0,0,0,1,30,1,140,-1,-1,0,32,0,0,0,0,0,0,0,0,BENIGN
10.42.0.1-10.42.0.42-53-47149-17,10.42.0.42,47149,10.42.0.1,53,17,21/06/2017 08:59:16,351200,1,1,30.0,185.0,30.0,30.0,30.0,0.0,185.0,185.0,185.0,0.0,612.1867881548975,5.694760820045558,351200.0,0.0,351200.0,351200.0,0,0,0,0,0,0,0,0,0,0,0,0,0,0,40,20,2.847380410022779,2.847380410022779,30.0,185.0,81.66666666666666,89.48929172439199,8008.333333333333,0,0,0,0,0,0,0,0,1.0,122.5,30.0,185.0,40,0,0,0,0,0,0,1,30,1,185,-1,-1,0,40,0,0,0,0,0,0,0,0,BENIGN
151.101.1.140-10.42.0.42-443-58786-6,10.42.0.42,58786,151.101.1.140,443,6,21/06/2017 09:00:45,1360244,97,140,3743.0,178649.0,696.0,0.0,38.58762886597939,88.88121199309124,1448.0,0.0,1276.064285714285,437.6886349465298,134087.70779360173,174.2334463522721,5763.745762711864,48903.42829625115,718940.0,0.0,1360244.0,14169.208333333332,76282.94285368976,718940.0,2.0,1341958.0,9654.374100719426,69152.9054127045,776789.0,2.0,0,0,0,0,3112,4488,71.31073542687929,102.92271092539279,0.0,1448.0,766.3529411764712,698.7698665395624,488279.3263837179,0,0,0,1,0,0,0,0,1.0,769.5864978902954,38.58762886597938,1276.0642857142857,3112,0,0,0,0,0,0,97,3743,140,178649,65535,75,28,32,0,0,0,0,0,0,0,0,BENIGN
172.217.7.195-10.42.0.42-443-53416-6,172.217.7.195,443,10.42.0.42,53416,6,21/06/2017 08:58:22,165654,1,1,0.0,0.0,0.0,0.0,0.0,0.0,0.0,0.0,0.0,0.0,0.0,12.073357721515931,165654.0,0.0,165654.0,165654.0,0,0,0,0,0,0,0,0,0,0,0,0,0,0,32,32,6.036678860757966,6.036678860757966,0.0,0.0,0.0,0.0,0.0,0,0,0,0,1,1,0,0,1.0,0.0,0.0,0.0,32,0,0,0,0,0,0,1,0,1,0,362,1775,0,32,0,0,0,0,0,0,0,0,BENIGN
10.42.0.1-10.42.0.42-53-55533-17,10.42.0.42,55533,10.42.0.1,53,17,21/06/2017 08:56:22,94378,1,1,35.0,120.0,35.0,35.0,35.0,0.0,120.0,120.0,120.0,0.0,1642.331899383331,21.19137934688169,94378.0,0.0,94378.0,94378.0,0,0,0,0,0,0,0,0,0,0,0,0,0,0,32,32,10.595689673440845,10.595689673440845,35.0,120.0,63.33333333333333,49.074772881118186,2408.333333333333,0,0,0,0,0,0,0,0,1.0,95.0,35.0,120.0,32,0,0,0,0,0,0,1,35,1,120,-1,-1,0,32,0,0,0,0,0,0,0,0,BENIGN
10.42.0.1-10.42.0.42-53-8126-17,10.42.0.42,8126,10.42.0.1,53,17,21/06/2017 08:57:23,99095,1,1,37.0,77.0,37.0,37.0,37.0,0.0,77.0,77.0,77.0,0.0,1150.4112215550733,20.18265300973813,99095.0,0.0,99095.0,99095.0,0,0,0,0,0,0,0,0,0,0,0,0,0,0,32,32,10.091326504869064,10.091326504869064,37.0,77.0,50.333333333333336,23.094010767585033,533.3333333333334,0,0,0,0,0,0,0,0,1.0,75.5,37.0,77.0,32,0,0,0,0,0,0,1,37,1,77,-1,-1,0,32,0,0,0,0,0,0,0,0,BENIGN
10.42.0.42-69.147.82.61-35513-443-6,10.42.0.42,35513,69.147.82.61,443,6,21/06/2017 08:56:19,210898,8,9,324.0,5673.0,198.0,0.0,40.5,77.42092740338364,1448.0,0.0,630.3333333333334,676.88662270723,28435.547041697882,80.60768712837485,13181.125,17538.8100845905,42314.0,6.0,210898.0,30128.285714285714,27293.932773385648,75441.0,1194.0,93458.0,11682.25,21276.67412080321,52273.0,6.0,0,0,0,0,264,296,37.933029236882284,42.67465789149257,0.0,1448.0,333.16666666666663,558.2727827863365,311668.5,0,0,0,1,0,0,0,0,1.0,352.7647058823529,40.5,630.3333333333334,264,0,0,0,0,0,0,8,324,9,5673,65535,61,2,32,0,0,0,0,0,0,0,0,BENIGN
10.42.0.1-10.42.0.42-53-56337-17,10.42.0.42,56337,10.42.0.1,53,17,21/06/2017 08:56:20,50029,1,1,30.0,140.0,30.0,30.0,30.0,0.0,140.0,140.0,140.0,0.0,3398.0291430970037,39.97681344820005,50029.0,0.0,50029.0,50029.0,0,0,0,0,0,0,0,0,0,0,0,0,0,0,32,32,19.988406724100024,19.988406724100024,30.0,140.0,66.66666666666666,63.50852961085883,4033.333333333333,0,0,0,0,0,0,0,0,1.0,100.0,30.0,140.0,32,0,0,0,0,0,0,1,30,1,140,-1,-1,0,32,0,0,0,0,0,0,0,0,BENIGN
10.42.0.1-10.42.0.42-53-46614-17,10.42.0.42,46614,10.42.0.1,53,17,21/06/2017 08:56:20,48167,1,1,30.0,140.0,30.0,30.0,30.0,0.0,140.0,140.0,140.0,0.0,3529.3873398800006,41.522203998588246,48167.0,0.0,48167.0,48167.0,0,0,0,0,0,0,0,0,0,0,0,0,0,0,32,32,20.761101999294123,20.761101999294123,30.0,140.0,66.66666666666666,63.50852961085883,4033.333333333333,0,0,0,0,0,0,0,0,1.0,100.0,30.0,140.0,32,0,0,0,0,0,0,1,30,1,140,-1,-1,0,32,0,0,0,0,0,0,0,0,BENIGN
10.42.0.1-10.42.0.42-53-14935-17,10.42.0.42,14935,10.42.0.1,53,17,21/06/2017 08:56:21,47810,1,1,30.0,140.0,30.0,30.0,30.0,0.0,140.0,140.0,140.0,0.0,3555.741476678519,41.832252666806106,47810.0,0.0,47810.0,47810.0,0,0,0,0,0,0,0,0,0,0,0,0,0,0,32,32,20.916126333403053,20.916126333403053,30.0,140.0,66.66666666666666,63.50852961085883,4033.333333333333,0,0,0,0,0,0,0,0,1.0,100.0,30.0,140.0,32,0,0,0,0,0,0,1,30,1,140,-1,-1,0,32,0,0,0,0,0,0,0,0,BENIGN
10.42.0.1-10.42.0.42-53-25907-17,10.42.0.42,25907,10.42.0.1,53,17,21/06/2017 08:56:20,93971,1,1,32.0,115.0,32.0,32.0,32.0,0.0,115.0,115.0,115.0,0.0,1564.3123942492896,21.28316182652095,93971.0,0.0,93971.0,93971.0,0,0,0,0,0,0,0,0,0,0,0,0,0,0,32,32,10.641580913260475,10.641580913260475,32.0,115.0,59.66666666666667,47.92007234273894,2296.3333333333335,0,0,0,0,0,0,0,0,1.0,89.5,32.0,115.0,32,0,0,0,0,0,0,1,32,1,115,-1,-1,0,32,0,0,0,0,0,0,0,0,BENIGN
169.47.42.102-10.42.0.42-5222-38019-6,10.42.0.42,38019,169.47.42.102,5222,6,21/06/2017 09:07:26,314902,3,2,38.0,39.0,35.0,0.0,12.666666666666668,19.39931270260195,39.0,0.0,19.5,27.577164466275352,244.52051749433156,15.877955681450102,78725.5,44038.576880579,142337.0,42598.0,314902.0,157451.0,38868.245548262144,184935.0,129967.0,100915.0,100915.0,0.0,100915.0,100915.0,1,0,0,0,96,64,9.52677340887006,6.351182272580041,0.0,39.0,13.333333333333334,18.424621208227503,339.46666666666664,0,1,0,0,1,0,0,0,0.0,16.0,12.666666666666666,19.5,96,0,0,0,0,0,0,3,38,2,39,1386,514,1,32,0,0,0,0,0,0,0,0,BENIGN
10.42.0.42-121.12.98.63-60439-80-6,121.12.98.63,80,10.42.0.42,60439,6,21/06/2017 09:00:01,6231,1,1,0.0,0.0,0.0,0.0,0.0,0.0,0.0,0.0,0.0,0.0,0.0,320.9757663296421,6231.0,0.0,6231.0,6231.0,0,0,0,0,0,0,0,0,0,0,0,0,0,0,20,20,160.48788316482106,160.48788316482106,0.0,0.0,0.0,0.0,0.0,0,0,0,0,1,1,0,0,1.0,0.0,0.0,0.0,20,0,0,0,0,0,0,1,0,1,0,502,1369,0,20,0,0,0,0,0,0,0,0,BENIGN
10.42.0.1-10.42.0.42-53-3999-17,10.42.0.42,3999,10.42.0.1,53,17,21/06/2017 08:56:19,94665,1,1,33.0,94.0,33.0,33.0,33.0,0.0,94.0,94.0,94.0,0.0,1341.5729150161094,21.12713251993873,94665.0,0.0,94665.0,94665.0,0,0,0,0,0,0,0,0,0,0,0,0,0,0,20,20,10.563566259969365,10.563566259969365,33.0,94.0,53.33333333333333,35.21836642056717,1240.3333333333333,0,0,0,0,0,0,0,0,1.0,80.0,33.0,94.0,20,0,0,0,0,0,0,1,33,1,94,-1,-1,0,20,0,0,0,0,0,0,0,0,BENIGN
10.42.0.1-10.42.0.42-53-57291-17,10.42.0.42,57291,10.42.0.1,53,17,21/06/2017 08:56:20,48365,1,1,30.0,140.0,30.0,30.0,30.0,0.0,140.0,140.0,140.0,0.0,3514.9384885764503,41.35221751266412,48365.0,0.0,48365.0,48365.0,0,0,0,0,0,0,0,0,0,0,0,0,0,0,32,32,20.67610875633206,20.67610875633206,30.0,140.0,66.66666666666666,63.50852961085883,4033.333333333333,0,0,0,0,0,0,0,0,1.0,100.0,30.0,140.0,32,0,0,0,0,0,0,1,30,1,140,-1,-1,0,32,0,0,0,0,0,0,0,0,BENIGN
10.42.0.1-10.42.0.42-53-55286-17,10.42.0.42,55286,10.42.0.1,53,17,21/06/2017 08:56:20,47668,1,1,30.0,140.0,30.0,30.0,30.0,0.0,140.0,140.0,140.0,0.0,3566.3338088445075,41.956868339347146,47668.0,0.0,47668.0,47668.0,0,0,0,0,0,0,0,0,0,0,0,0,0,0,32,32,20.978434169673573,20.978434169673573,30.0,140.0,66.66666666666666,63.50852961085883,4033.333333333333,0,0,0,0,0,0,0,0,1.0,100.0,30.0,140.0,32,0,0,0,0,0,0,1,30,1,140,-1,-1,0,32,0,0,0,0,0,0,0,0,BENIGN
10.42.0.42-36.110.213.49-56843-443-6,36.110.213.49,443,10.42.0.42,56843,6,21/06/2017 08:59:14,364024,2,1,1460.0,0.0,1460.0,0.0,730.0,1032.3759005323593,0.0,0.0,0.0,0.0,4010.7245676109264,8.241214864953958,182012.0,253626.47448955325,361353.0,2671.0,361353.0,361353.0,0.0,361353.0,361353.0,0,0,0,0,0,0,0,0,0,40,20,5.49414324330264,2.74707162165132,0.0,1460.0,365.0,730.0,532900.0,0,0,0,0,1,0,0,0,0.0,486.6666666666667,730.0,0.0,40,0,0,0,0,0,0,2,1460,1,0,131,0,1,20,0,0,0,0,0,0,0,0,BENIGN
10.42.0.1-10.42.0.42-53-57014-17,10.42.0.42,57014,10.42.0.1,53,17,21/06/2017 08:57:22,114243,1,1,34.0,115.0,34.0,34.0,34.0,0.0,115.0,115.0,115.0,0.0,1304.237458750208,17.50654307047259,114243.0,0.0,114243.0,114243.0,0,0,0,0,0,0,0,0,0,0,0,0,0,0,32,32,8.753271535236294,8.753271535236294,34.0,115.0,61.0,46.76537180435969,2187.0,0,0,0,0,0,0,0,0,1.0,91.5,34.0,115.0,32,0,0,0,0,0,0,1,34,1,115,-1,-1,0,32,0,0,0,0,0,0,0,0,BENIGN
217.69.133.148-10.42.0.42-443-49953-6,217.69.133.148,443,10.42.0.42,49953,6,21/06/2017 09:00:41,2040,1,1,0.0,0.0,0.0,0.0,0.0,0.0,0.0,0.0,0.0,0.0,0.0,980.3921568627451,2040.0,0.0,2040.0,2040.0,0,0,0,0,0,0,0,0,0,0,0,0,0,0,32,32,490.19607843137254,490.19607843137254,0.0,0.0,0.0,0.0,0.0,0,0,0,0,1,1,0,0,1.0,0.0,0.0,0.0,32,0,0,0,0,0,0,1,0,1,0,6128,1386,0,32,0,0,0,0,0,0,0,0,BENIGN
10.42.0.1-10.42.0.42-53-54799-17,10.42.0.42,54799,10.42.0.1,53,17,21/06/2017 08:56:21,48034,1,1,30.0,140.0,30.0,30.0,30.0,0.0,140.0,140.0,140.0,0.0,3539.1597618353667,41.63717366865137,48034.0,0.0,48034.0,48034.0,0,0,0,0,0,0,0,0,0,0,0,0,0,0,32,32,20.818586834325686,20.818586834325686,30.0,140.0,66.66666666666666,63.50852961085883,4033.333333333333,0,0,0,0,0,0,0,0,1.0,100.0,30.0,140.0,32,0,0,0,0,0,0,1,30,1,140,-1,-1,0,32,0,0,0,0,0,0,0,0,BENIGN
10.42.0.1-10.42.0.42-53-51355-17,10.42.0.42,51355,10.42.0.1,53,17,21/06/2017 08:59:16,646002,1,1,30.0,185.0,30.0,30.0,30.0,0.0,185.0,185.0,185.0,0.0,332.81630707025676,3.0959656471651793,646002.0,0.0,646002.0,646002.0,0,0,0,0,0,0,0,0,0,0,0,0,0,0,40,20,1.5479828235825897,1.5479828235825897,30.0,185.0,81.66666666666666,89.48929172439199,8008.333333333333,0,0,0,0,0,0,0,0,1.0,122.5,30.0,185.0,40,0,0,0,0,0,0,1,30,1,185,-1,-1,0,40,0,0,0,0,0,0,0,0,BENIGN
10.42.0.1-10.42.0.42-53-23273-17,10.42.0.42,23273,10.42.0.1,53,17,21/06/2017 08:56:20,48538,1,1,30.0,140.0,30.0,30.0,30.0,0.0,140.0,140.0,140.0,0.0,3502.41048250855,41.204829205982946,48538.0,0.0,48538.0,48538.0,0,0,0,0,0,0,0,0,0,0,0,0,0,0,32,32,20.602414602991473,20.602414602991473,30.0,140.0,66.66666666666666,63.50852961085883,4033.333333333333,0,0,0,0,0,0,0,0,1.0,100.0,30.0,140.0,32,0,0,0,0,0,0,1,30,1,140,-1,-1,0,32,0,0,0,0,0,0,0,0,BENIGN
10.42.0.1-10.42.0.42-53-31208-17,10.42.0.42,31208,10.42.0.1,53,17,21/06/2017 08:59:15,348773,1,1,30.0,200.0,30.0,30.0,30.0,0.0,200.0,200.0,200.0,0.0,659.4547169649027,5.7343888431730665,348773.0,0.0,348773.0,348773.0,0,0,0,0,0,0,0,0,0,0,0,0,0,0,40,32,2.8671944215865333,2.8671944215865333,30.0,200.0,86.66666666666666,98.14954576223637,9633.333333333332,0,0,0,0,0,0,0,0,1.0,130.0,30.0,200.0,40,0,0,0,0,0,0,1,30,1,200,-1,-1,0,40,0,0,0,0,0,0,0,0,BENIGN
151.101.1.140-10.42.0.42-443-58792-6,10.42.0.42,58792,151.101.1.140,443,6,21/06/2017 09:00:45,254,2,0,0.0,0.0,0.0,0.0,0.0,0.0,0,0,0,0,0.0,7874.0157480314965,254.0,0.0,254.0,254.0,254.0,254.0,0.0,254.0,254.0,0,0,0,0,0,0,0,0,0,40,0,7874.0157480314965,0.0,0.0,0.0,0.0,0.0,0.0,1,0,0,0,0,0,0,0,0.0,0.0,0.0,0.0,40,0,0,0,0,0,0,2,0,0,0,0,-1,0,20,0,0,0,0,0,0,0,0,BENIGN
10.42.0.1-10.42.0.42-53-20327-17,10.42.0.42,20327,10.42.0.1,53,17,21/06/2017 08:57:23,374294,1,1,39.0,134.0,39.0,39.0,39.0,0.0,134.0,134.0,134.0,0.0,462.2035084719498,5.343393161525432,374294.0,0.0,374294.0,374294.0,0,0,0,0,0,0,0,0,0,0,0,0,0,0,32,32,2.671696580762716,2.671696580762716,39.0,134.0,70.66666666666667,54.84827557301445,3008.3333333333335,0,0,0,0,0,0,0,0,1.0,106.0,39.0,134.0,32,0,0,0,0,0,0,1,39,1,134,-1,-1,0,32,0,0,0,0,0,0,0,0,BENIGN
10.42.0.42-95.213.11.181-36895-80-6,10.42.0.42,36895,95.213.11.181,80,6,21/06/2017 09:03:21,237620,2,0,0.0,0.0,0.0,0.0,0.0,0.0,0,0,0,0,0.0,8.416799932665601,237620.0,0.0,237620.0,237620.0,237620.0,237620.0,0.0,237620.0,237620.0,0,0,0,0,0,0,0,0,0,64,0,8.416799932665601,0.0,0.0,0.0,0.0,0.0,0.0,0,0,0,0,1,1,0,0,0.0,0.0,0.0,0.0,64,0,0,0,0,0,0,2,0,0,0,110,-1,0,32,0,0,0,0,0,0,0,0,BENIGN
10.42.0.42-52.84.31.67-42670-443-6,10.42.0.42,42670,52.84.31.67,443,6,21/06/2017 09:03:49,15870,2,1,0.0,0.0,0.0,0.0,0.0,0.0,0.0,0.0,0.0,0.0,0.0,189.03591682419662,7935.0,8587.104750729433,14007.0,1863.0,15870.0,15870.0,0.0,15870.0,15870.0,0,0,0,0,0,0,0,0,0,40,32,126.0239445494644,63.0119722747322,0.0,0.0,0.0,0.0,0.0,1,0,0,0,0,0,0,0,0.0,0.0,0.0,0.0,40,0,0,0,0,0,0,2,0,1,0,0,122,0,20,0,0,0,0,0,0,0,0,BENIGN
172.217.12.163-10.42.0.42-443-35579-17,10.42.0.42,35579,172.217.12.163,443,17,21/06/2017 09:00:04,3217941,19,11,16871.0,1938.0,1350.0,38.0,887.9473684210527,594.545061714717,1350.0,27.0,176.1818181818182,394.90424616147595,5845.041907231985,9.322731523045325,110963.4827586207,556136.2964857639,3001891.0,3.0,3217941.0,178774.50000000003,704987.310748486,3001891.0,3.0,3149219.0,314921.89999999997,968585.7635234591,3071441.0,23.0,0,0,0,0,488,292,5.904396631262039,3.418334891783286,27.0,1350.0,650.290322580645,631.3345755117165,398583.3462365592,0,0,0,0,0,0,0,0,0.0,671.9666666666667,887.9473684210526,176.1818181818182,488,0,0,0,0,0,0,19,16871,11,1938,-1,-1,18,20,0,0,0,0,0,0,0,0,BENIGN
10.42.0.1-10.42.0.42-53-1519-17,10.42.0.42,1519,10.42.0.1,53,17,21/06/2017 08:59:16,31182,1,1,33.0,80.0,33.0,33.0,33.0,0.0,80.0,80.0,80.0,0.0,3623.8855750112243,64.1395676993137,31182.0,0.0,31182.0,31182.0,0,0,0,0,0,0,0,0,0,0,0,0,0,0,40,32,32.06978384965685,32.06978384965685,33.0,80.0,48.666666666666664,27.13546265191241,736.3333333333333,0,0,0,0,0,0,0,0,1.0,73.0,33.0,80.0,40,0,0,0,0,0,0,1,33,1,80,-1,-1,0,40,0,0,0,0,0,0,0,0,BENIGN
10.42.0.42-104.88.89.135-54474-443-6,104.88.89.135,443,10.42.0.42,54474,6,21/06/2017 09:00:22,19315156,1,2,0.0,0.0,0.0,0.0,0.0,0.0,0.0,0.0,0.0,0.0,0.0,0.1553184452665047,9657578.0,1.365128048100756E7,1.9310491E7,4665.0,0,0,0,0,0,1.9310491E7,1.9310491E7,0.0,1.9310491E7,1.9310491E7,0,0,0,0,32,76,0.0517728150888349,0.1035456301776698,0.0,0.0,0.0,0.0,0.0,0,0,0,0,1,1,0,0,2.0,0.0,0.0,0.0,32,0,0,0,0,0,0,1,0,2,0,939,1386,0,32,4665.0,0.0,4665.0,4665.0,1.9310491E7,0.0,1.9310491E7,1.9310491E7,BENIGN
10.42.0.42-95.213.11.133-37237-80-6,95.213.11.133,80,10.42.0.42,37237,6,21/06/2017 09:00:21,4246,1,1,0.0,0.0,0.0,0.0,0.0,0.0,0.0,0.0,0.0,0.0,0.0,471.0315591144607,4246.0,0.0,4246.0,4246.0,0,0,0,0,0,0,0,0,0,0,0,0,0,0,32,32,235.51577955723036,235.51577955723036,0.0,0.0,0.0,0.0,0.0,0,0,0,0,1,1,0,0,1.0,0.0,0.0,0.0,32,0,0,0,0,0,0,1,0,1,0,110,1369,0,32,0,0,0,0,0,0,0,0,BENIGN
172.217.10.14-10.42.0.42-80-35832-6,172.217.10.14,80,10.42.0.42,35832,6,21/06/2017 08:58:17,34892,1,1,0.0,0.0,0.0,0.0,0.0,0.0,0.0,0.0,0.0,0.0,0.0,57.31972945087699,34892.0,0.0,34892.0,34892.0,0,0,0,0,0,0,0,0,0,0,0,0,0,0,32,32,28.659864725438496,28.659864725438496,0.0,0.0,0.0,0.0,0.0,0,0,0,0,1,1,0,0,1.0,0.0,0.0,0.0,32,0,0,0,0,0,0,1,0,1,0,340,1369,0,32,0,0,0,0,0,0,0,0,BENIGN
10.42.0.1-10.42.0.42-53-35917-17,10.42.0.42,35917,10.42.0.1,53,17,21/06/2017 08:59:16,178439,1,1,30.0,201.0,30.0,30.0,30.0,0.0,201.0,201.0,201.0,0.0,1294.5600457299133,11.208312084241674,178439.0,0.0,178439.0,178439.0,0,0,0,0,0,0,0,0,0,0,0,0,0,0,40,20,5.604156042120837,5.604156042120837,30.0,201.0,87.0,98.72689603142601,9747.0,0,0,0,0,0,0,0,0,1.0,130.5,30.0,201.0,40,0,0,0,0,0,0,1,30,1,201,-1,-1,0,40,0,0,0,0,0,0,0,0,BENIGN
10.42.0.42-95.213.11.133-37238-80-6,95.213.11.133,80,10.42.0.42,37238,6,21/06/2017 09:00:21,5926,1,1,0.0,0.0,0.0,0.0,0.0,0.0,0.0,0.0,0.0,0.0,0.0,337.49578130273375,5926.0,0.0,5926.0,5926.0,0,0,0,0,0,0,0,0,0,0,0,0,0,0,32,32,168.74789065136687,168.74789065136687,0.0,0.0,0.0,0.0,0.0,0,0,0,0,1,1,0,0,1.0,0.0,0.0,0.0,32,0,0,0,0,0,0,1,0,1,0,110,1369,0,32,0,0,0,0,0,0,0,0,BENIGN
172.217.10.78-10.42.0.42-443-47191-17,10.42.0.42,47191,172.217.10.78,443,17,21/06/2017 09:00:48,184367,12,16,3263.0,16974.0,1350.0,35.0,271.91666666666663,506.2869215866601,1350.0,31.0,1060.8750000000002,535.8163709082929,109764.76267444824,151.87099643645556,6828.407407407409,10326.37498112054,38023.0,6.0,163005.0,14818.636363636364,16595.304560463646,50339.0,6.0,146344.0,9756.266666666666,19227.83864039202,54160.0,8.0,0,0,0,0,384,520,65.08756990133809,86.78342653511746,31.0,1350.0,744.3793103448277,648.4657394735176,420507.81527093594,0,0,0,0,0,0,0,0,1.0,770.9642857142857,271.9166666666667,1060.875,384,0,0,0,0,0,0,12,3263,16,16974,-1,-1,11,32,0,0,0,0,0,0,0,0,BENIGN
10.42.0.1-10.42.0.42-53-42714-17,10.42.0.42,42714,10.42.0.1,53,17,21/06/2017 08:59:16,317947,1,1,31.0,188.0,31.0,31.0,31.0,0.0,188.0,188.0,188.0,0.0,688.7940442904006,6.290356568862106,317947.0,0.0,317947.0,317947.0,0,0,0,0,0,0,0,0,0,0,0,0,0,0,40,20,3.145178284431053,3.145178284431053,31.0,188.0,83.33333333333334,90.64399226277125,8216.333333333334,0,0,0,0,0,0,0,0,1.0,125.0,31.0,188.0,40,0,0,0,0,0,0,1,31,1,188,-1,-1,0,40,0,0,0,0,0,0,0,0,BENIGN
151.101.1.140-10.42.0.42-443-58789-6,10.42.0.42,58789,151.101.1.140,443,6,21/06/2017 09:00:45,105020,7,5,338.0,3866.0,212.0,0.0,48.28571428571428,86.11951827879338,1448.0,0.0,773.2,666.6567332593289,40030.47038659303,114.26394972386213,9547.27272727273,9662.051480828582,30309.0,5.0,105020.0,17503.333333333332,12549.838862179333,30309.0,311.0,76269.0,19067.25,24491.296499981378,51555.0,5.0,0,0,0,0,232,168,66.6539706722529,47.609979051609216,0.0,1448.0,323.3846153846154,537.6048019474185,289018.92307692306,0,0,0,1,0,0,0,0,0.0,350.3333333333333,48.285714285714285,773.2,232,0,0,0,0,0,0,7,338,5,3866,65535,59,2,32,0,0,0,0,0,0,0,0,BENIGN
172.217.10.234-10.42.0.42-443-50834-6,10.42.0.42,50834,172.217.10.234,443,6,21/06/2017 09:03:17,23822,1,1,0.0,0.0,0.0,0.0,0.0,0.0,0.0,0.0,0.0,0.0,0.0,83.9560070523046,23822.0,0.0,23822.0,23822.0,0,0,0,0,0,0,0,0,0,0,0,0,0,0,44,32,41.9780035261523,41.9780035261523,0.0,0.0,0.0,0.0,0.0,0,0,0,0,1,0,0,0,1.0,0.0,0.0,0.0,44,0,0,0,0,0,0,1,0,1,0,1637,349,0,44,0,0,0,0,0,0,0,0,BENIGN
151.101.1.140-10.42.0.42-443-58781-6,10.42.0.42,58781,151.101.1.140,443,6,21/06/2017 09:00:42,91267,5,3,568.0,154.0,517.0,0.0,113.6,226.58618669283442,154.0,0.0,51.33333333333333,88.91194145520237,7910.854964006706,87.65490264827375,13038.142857142859,19180.49891972375,53822.0,71.0,37445.0,9361.25,10426.880082268137,19208.0,71.0,75928.0,37964.0,27418.772547289565,57352.0,18576.0,0,0,0,0,168,104,54.78431415517109,32.87058849310265,0.0,517.0,80.22222222222223,171.64117933772317,29460.69444444445,0,0,0,1,0,0,0,0,0.0,90.25,113.6,51.333333333333336,168,0,0,0,0,0,0,5,568,3,154,65535,59,2,32,0,0,0,0,0,0,0,0,BENIGN
10.42.0.1-10.42.0.42-53-17414-17,10.42.0.42,17414,10.42.0.1,53,17,21/06/2017 08:56:22,1143,1,1,42.0,142.0,42.0,42.0,42.0,0.0,142.0,142.0,142.0,0.0,160979.8775153106,1749.7812773403325,1143.0,0.0,1143.0,1143.0,0,0,0,0,0,0,0,0,0,0,0,0,0,0,32,32,874.8906386701663,874.8906386701663,42.0,142.0,75.33333333333334,57.735026918962575,3333.3333333333335,0,0,0,0,0,0,0,0,1.0,113.0,42.0,142.0,32,0,0,0,0,0,0,1,42,1,142,-1,-1,0,32,0,0,0,0,0,0,0,0,BENIGN
10.42.0.42-104.93.181.98-44951-443-6,10.42.0.42,44951,104.93.181.98,443,6,21/06/2017 09:02:01,32637,2,0,0.0,0.0,0.0,0.0,0.0,0.0,0,0,0,0,0.0,61.28014216992984,32637.0,0.0,32637.0,32637.0,32637.0,32637.0,0.0,32637.0,32637.0,0,0,0,0,0,0,0,0,0,64,0,61.28014216992984,0.0,0.0,0.0,0.0,0.0,0.0,0,0,0,0,1,0,0,0,0.0,0.0,0.0,0.0,64,0,0,0,0,0,0,2,0,0,0,2184,-1,0,32,0,0,0,0,0,0,0,0,BENIGN
172.217.9.234-10.42.0.42-443-38716-6,10.42.0.42,38716,172.217.9.234,443,6,21/06/2017 09:00:36,163364,2,0,0.0,0.0,0.0,0.0,0.0,0.0,0,0,0,0,0.0,12.242599348693714,163364.0,0.0,163364.0,163364.0,163364.0,163364.0,0.0,163364.0,163364.0,0,0,0,0,0,0,0,0,0,64,0,12.242599348693714,0.0,0.0,0.0,0.0,0.0,0.0,0,0,0,0,1,1,0,0,0.0,0.0,0.0,0.0,64,0,0,0,0,0,0,2,0,0,0,349,-1,0,32,0,0,0,0,0,0,0,0,BENIGN
10.42.0.42-121.12.98.64-44234-80-6,121.12.98.64,80,10.42.0.42,44234,6,21/06/2017 09:00:01,1869,1,1,0.0,0.0,0.0,0.0,0.0,0.0,0.0,0.0,0.0,0.0,0.0,1070.0909577314071,1869.0,0.0,1869.0,1869.0,0,0,0,0,0,0,0,0,0,0,0,0,0,0,20,20,535.0454788657036,535.0454788657036,0.0,0.0,0.0,0.0,0.0,0,0,0,0,1,1,0,0,1.0,0.0,0.0,0.0,20,0,0,0,0,0,0,1,0,1,0,502,1369,0,20,0,0,0,0,0,0,0,0,BENIGN
10.42.0.42-88.212.196.124-39854-443-6,88.212.196.124,443,10.42.0.42,39854,6,21/06/2017 09:00:41,151740,2,1,0.0,0.0,0.0,0.0,0.0,0.0,0.0,0.0,0.0,0.0,0.0,19.770660340055358,75870.0,104384.51725232053,149681.0,2059.0,151740.0,151740.0,0.0,151740.0,151740.0,0,0,0,0,0,0,0,0,0,52,32,13.18044022670357,6.590220113351785,0.0,0.0,0.0,0.0,0.0,1,0,0,0,1,0,0,0,0.0,0.0,0.0,0.0,52,0,0,0,0,0,0,2,0,1,0,543,1386,0,20,0,0,0,0,0,0,0,0,BENIGN
10.42.0.42-74.125.22.154-39658-443-6,10.42.0.42,39658,74.125.22.154,443,6,21/06/2017 09:01:24,48765,1,1,0.0,0.0,0.0,0.0,0.0,0.0,0.0,0.0,0.0,0.0,0.0,41.01302163436891,48765.0,0.0,48765.0,48765.0,0,0,0,0,0,0,0,0,0,0,0,0,0,0,32,32,20.506510817184456,20.506510817184456,0.0,0.0,0.0,0.0,0.0,0,0,0,0,1,1,0,0,1.0,0.0,0.0,0.0,32,0,0,0,0,0,0,1,0,1,0,1638,179,0,32,0,0,0,0,0,0,0,0,BENIGN
10.42.0.1-10.42.0.42-53-4380-17,10.42.0.42,4380,10.42.0.1,53,17,21/06/2017 08:56:20,94015,1,1,38.0,126.0,38.0,38.0,38.0,0.0,126.0,126.0,126.0,0.0,1744.4024889645268,21.273201084933255,94015.0,0.0,94015.0,94015.0,0,0,0,0,0,0,0,0,0,0,0,0,0,0,32,32,10.636600542466628,10.636600542466628,38.0,126.0,67.33333333333333,50.80682368868706,2581.333333333333,0,0,0,0,0,0,0,0,1.0,101.0,38.0,126.0,32,0,0,0,0,0,0,1,38,1,126,-1,-1,0,32,0,0,0,0,0,0,0,0,BENIGN
10.42.0.42-52.84.40.11-34391-80-6,10.42.0.42,34391,52.84.40.11,80,6,21/06/2017 09:01:16,163551,2,0,0.0,0.0,0.0,0.0,0.0,0.0,0,0,0,0,0.0,12.228601475992198,163551.0,0.0,163551.0,163551.0,163551.0,163551.0,0.0,163551.0,163551.0,0,0,0,0,0,0,0,0,0,64,0,12.228601475992198,0.0,0.0,0.0,0.0,0.0,0.0,0,0,0,0,1,1,0,0,0.0,0.0,0.0,0.0,64,0,0,0,0,0,0,2,0,0,0,118,-1,0,32,0,0,0,0,0,0,0,0,BENIGN
10.42.0.1-10.42.0.42-53-32574-17,10.42.0.42,32574,10.42.0.1,53,17,21/06/2017 08:56:20,47370,1,1,35.0,145.0,35.0,35.0,35.0,0.0,145.0,145.0,145.0,0.0,3799.8733375554148,42.22081486172683,47370.0,0.0,47370.0,47370.0,0,0,0,0,0,0,0,0,0,0,0,0,0,0,32,32,21.110407430863415,21.110407430863415,35.0,145.0,71.66666666666666,63.50852961085883,4033.333333333333,0,0,0,0,0,0,0,0,1.0,107.5,35.0,145.0,32,0,0,0,0,0,0,1,35,1,145,-1,-1,0,32,0,0,0,0,0,0,0,0,BENIGN
10.42.0.42-98.139.180.180-50974-443-6,10.42.0.42,50974,98.139.180.180,443,6,21/06/2017 08:56:19,63182792,9,9,326.0,5079.0,200.0,0.0,36.22222222222222,74.2188954676937,1460.0,0.0,564.3333333333334,636.3917818451147,85.54544408230646,0.2848876953712334,3716634.8235294116,1.528111162521271E7,6.3016035E7,11.0,6.3182792E7,7897849.0,2.227112608182047E7,6.3016035E7,669.0,104729.0,13091.125,17119.238596532265,36124.0,11.0,0,0,0,0,200,192,0.1424438476856167,0.1424438476856167,0.0,1460.0,284.4736842105263,506.86951733393784,256916.70760233913,0,0,0,1,0,0,0,0,1.0,300.27777777777777,36.22222222222222,564.3333333333334,200,0,0,0,0,0,0,9,326,9,5079,65535,62,2,20,166757.0,0.0,166757.0,166757.0,6.3016035E7,0.0,6.3016035E7,6.3016035E7,BENIGN
217.69.133.148-10.42.0.42-443-49954-6,217.69.133.148,443,10.42.0.42,49954,6,21/06/2017 09:00:21,2213,1,1,0.0,0.0,0.0,0.0,0.0,0.0,0.0,0.0,0.0,0.0,0.0,903.750564844103,2213.0,0.0,2213.0,2213.0,0,0,0,0,0,0,0,0,0,0,0,0,0,0,32,32,451.8752824220515,451.8752824220515,0.0,0.0,0.0,0.0,0.0,0,0,0,0,1,1,0,0,1.0,0.0,0.0,0.0,32,0,0,0,0,0,0,1,0,1,0,5592,1369,0,32,0,0,0,0,0,0,0,0,BENIGN
151.101.1.140-10.42.0.42-443-58791-6,10.42.0.42,58791,151.101.1.140,443,6,21/06/2017 09:00:45,7,2,0,0.0,0.0,0.0,0.0,0.0,0.0,0,0,0,0,0.0,285714.28571428574,7.0,0.0,7.0,7.0,7.0,7.0,0.0,7.0,7.0,0,0,0,0,0,0,0,0,0,40,0,285714.28571428574,0.0,0.0,0.0,0.0,0.0,0.0,1,0,0,0,0,0,0,0,0.0,0.0,0.0,0.0,40,0,0,0,0,0,0,2,0,0,0,0,-1,0,20,0,0,0,0,0,0,0,0,BENIGN
10.42.0.1-10.42.0.42-53-62820-17,10.42.0.42,62820,10.42.0.1,53,17,21/06/2017 08:58:15,1368,1,1,26.0,58.0,26.0,26.0,26.0,0.0,58.0,58.0,58.0,0.0,61403.508771929824,1461.9883040935672,1368.0,0.0,1368.0,1368.0,0,0,0,0,0,0,0,0,0,0,0,0,0,0,32,32,730.9941520467836,730.9941520467836,26.0,58.0,36.666666666666664,18.475208614068023,341.3333333333333,0,0,0,0,0,0,0,0,1.0,55.0,26.0,58.0,32,0,0,0,0,0,0,1,26,1,58,-1,-1,0,32,0,0,0,0,0,0,0,0,BENIGN
10.42.0.1-10.42.0.42-53-37113-17,10.42.0.42,37113,10.42.0.1,53,17,21/06/2017 08:59:17,543823,1,1,35.0,155.0,35.0,35.0,35.0,0.0,155.0,155.0,155.0,0.0,349.3783823045366,3.677667182153017,543823.0,0.0,543823.0,543823.0,0,0,0,0,0,0,0,0,0,0,0,0,0,0,40,20,1.8388335910765086,1.8388335910765086,35.0,155.0,75.0,69.2820323027551,4800.0,0,0,0,0,0,0,0,0,1.0,112.5,35.0,155.0,40,0,0,0,0,0,0,1,35,1,155,-1,-1,0,40,0,0,0,0,0,0,0,0,BENIGN
10.42.0.42-88.212.196.124-39856-443-6,88.212.196.124,443,10.42.0.42,39856,6,21/06/2017 09:00:20,160671,2,1,0.0,0.0,0.0,0.0,0.0,0.0,0.0,0.0,0.0,0.0,0.0,18.671695576675315,80335.5,98528.96599731472,150006.0,10665.0,160671.0,160671.0,0.0,160671.0,160671.0,0,0,0,0,0,0,0,0,0,52,32,12.447797051116877,6.223898525558439,0.0,0.0,0.0,0.0,0.0,1,0,0,0,1,0,0,0,0.0,0.0,0.0,0.0,52,0,0,0,0,0,0,2,0,1,0,543,1419,0,20,0,0,0,0,0,0,0,0,BENIGN
172.217.6.238-10.42.0.42-443-45897-6,10.42.0.42,45897,172.217.6.238,443,6,21/06/2017 09:04:10,36370,2,1,0.0,0.0,0.0,0.0,0.0,0.0,0.0,0.0,0.0,0.0,0.0,82.48556502612043,18185.0,25625.549750200484,36305.0,65.0,65.0,65.0,0.0,65.0,65.0,0,0,0,0,0,0,0,0,0,64,32,54.99037668408029,27.495188342040144,0.0,0.0,0.0,0.0,0.0,0,0,0,0,1,1,0,0,0.0,0.0,0.0,0.0,64,0,0,0,0,0,0,2,0,1,0,1682,361,0,32,0,0,0,0,0,0,0,0,BENIGN
10.42.0.1-10.42.0.42-53-55673-17,10.42.0.42,55673,10.42.0.1,53,17,21/06/2017 09:00:45,48928,1,1,42.0,141.0,42.0,42.0,42.0,0.0,141.0,141.0,141.0,0.0,3740.1896664486594,40.876389797253104,48928.0,0.0,48928.0,48928.0,0,0,0,0,0,0,0,0,0,0,0,0,0,0,32,40,20.438194898626552,20.438194898626552,42.0,141.0,75.0,57.15767664977295,3267.0,0,0,0,0,0,0,0,0,1.0,112.5,42.0,141.0,32,0,0,0,0,0,0,1,42,1,141,-1,-1,0,32,0,0,0,0,0,0,0,0,BENIGN
10.42.0.1-10.42.0.42-53-2710-17,10.42.0.42,2710,10.42.0.1,53,17,21/06/2017 08:56:18,97877,1,1,38.0,212.0,38.0,38.0,38.0,0.0,212.0,212.0,212.0,0.0,2554.226222708093,20.433809781664742,97877.0,0.0,97877.0,97877.0,0,0,0,0,0,0,0,0,0,0,0,0,0,0,20,20,10.216904890832371,10.216904890832371,38.0,212.0,96.0,100.45894683899488,10092.0,0,0,0,0,0,0,0,0,1.0,144.0,38.0,212.0,20,0,0,0,0,0,0,1,38,1,212,-1,-1,0,20,0,0,0,0,0,0,0,0,BENIGN
10.42.0.1-10.42.0.42-53-21542-17,10.42.0.42,21542,10.42.0.1,53,17,21/06/2017 08:56:21,48433,1,1,30.0,140.0,30.0,30.0,30.0,0.0,140.0,140.0,140.0,0.0,3510.00351000351,41.294158941217766,48433.0,0.0,48433.0,48433.0,0,0,0,0,0,0,0,0,0,0,0,0,0,0,32,32,20.647079470608883,20.647079470608883,30.0,140.0,66.66666666666666,63.50852961085883,4033.333333333333,0,0,0,0,0,0,0,0,1.0,100.0,30.0,140.0,32,0,0,0,0,0,0,1,30,1,140,-1,-1,0,32,0,0,0,0,0,0,0,0,BENIGN
10.42.0.42-104.93.181.98-44954-443-6,10.42.0.42,44954,104.93.181.98,443,6,21/06/2017 09:02:45,30310,2,0,0.0,0.0,0.0,0.0,0.0,0.0,0,0,0,0,0.0,65.98482349059717,30310.0,0.0,30310.0,30310.0,30310.0,30310.0,0.0,30310.0,30310.0,0,0,0,0,0,0,0,0,0,64,0,65.98482349059717,0.0,0.0,0.0,0.0,0.0,0.0,0,0,0,0,1,0,0,0,0.0,0.0,0.0,0.0,64,0,0,0,0,0,0,2,0,0,0,2953,-1,0,32,0,0,0,0,0,0,0,0,BENIGN
10.42.0.1-10.42.0.42-53-24190-17,10.42.0.42,24190,10.42.0.1,53,17,21/06/2017 09:00:45,48076,1,1,35.0,134.0,35.0,35.0,35.0,0.0,134.0,134.0,134.0,0.0,3515.2674931358683,41.600798735335715,48076.0,0.0,48076.0,48076.0,0,0,0,0,0,0,0,0,0,0,0,0,0,0,32,40,20.800399367667858,20.800399367667858,35.0,134.0,68.0,57.15767664977295,3267.0,0,0,0,0,0,0,0,0,1.0,102.0,35.0,134.0,32,0,0,0,0,0,0,1,35,1,134,-1,-1,0,32,0,0,0,0,0,0,0,0,BENIGN
10.42.0.42-76.13.28.70-37018-443-6,76.13.28.70,443,10.42.0.42,37018,6,21/06/2017 08:57:22,2033,1,1,0.0,0.0,0.0,0.0,0.0,0.0,0.0,0.0,0.0,0.0,0.0,983.7678307919331,2033.0,0.0,2033.0,2033.0,0,0,0,0,0,0,0,0,0,0,0,0,0,0,32,32,491.88391539596654,491.88391539596654,0.0,0.0,0.0,0.0,0.0,0,0,0,0,1,1,0,0,1.0,0.0,0.0,0.0,32,0,0,0,0,0,0,1,0,1,0,61,1595,0,32,0,0,0,0,0,0,0,0,BENIGN
172.217.6.240-10.42.0.42-443-50186-6,10.42.0.42,50186,172.217.6.240,443,6,21/06/2017 09:00:36,87776,2,0,0.0,0.0,0.0,0.0,0.0,0.0,0,0,0,0,0.0,22.785271600437476,87776.0,0.0,87776.0,87776.0,87776.0,87776.0,0.0,87776.0,87776.0,0,0,0,0,0,0,0,0,0,64,0,22.785271600437476,0.0,0.0,0.0,0.0,0.0,0.0,0,0,0,0,1,1,0,0,0.0,0.0,0.0,0.0,64,0,0,0,0,0,0,2,0,0,0,390,-1,0,32,0,0,0,0,0,0,0,0,BENIGN
172.217.6.232-10.42.0.42-443-48737-6,10.42.0.42,48737,172.217.6.232,443,6,21/06/2017 09:00:21,47219,2,0,0.0,0.0,0.0,0.0,0.0,0.0,0,0,0,0,0.0,42.35583133907961,47219.0,0.0,47219.0,47219.0,47219.0,47219.0,0.0,47219.0,47219.0,0,0,0,0,0,0,0,0,0,64,0,42.35583133907961,0.0,0.0,0.0,0.0,0.0,0.0,0,0,0,0,1,1,0,0,0.0,0.0,0.0,0.0,64,0,0,0,0,0,0,2,0,0,0,377,-1,0,32,0,0,0,0,0,0,0,0,BENIGN
10.42.0.1-10.42.0.42-53-17332-17,10.42.0.42,17332,10.42.0.1,53,17,21/06/2017 08:59:17,61339,1,1,30.0,201.0,30.0,30.0,30.0,0.0,201.0,201.0,201.0,0.0,3765.956406201601,32.60568317057663,61339.0,0.0,61339.0,61339.0,0,0,0,0,0,0,0,0,0,0,0,0,0,0,20,40,16.302841585288316,16.302841585288316,30.0,201.0,87.0,98.72689603142601,9747.0,0,0,0,0,0,0,0,0,1.0,130.5,30.0,201.0,20,0,0,0,0,0,0,1,30,1,201,-1,-1,0,20,0,0,0,0,0,0,0,0,BENIGN
10.42.0.1-10.42.0.42-53-17921-17,10.42.0.42,17921,10.42.0.1,53,17,21/06/2017 08:59:14,312709,1,1,29.0,45.0,29.0,29.0,29.0,0.0,45.0,45.0,45.0,0.0,236.64173400829523,6.395722540764736,312709.0,0.0,312709.0,312709.0,0,0,0,0,0,0,0,0,0,0,0,0,0,0,20,20,3.197861270382368,3.197861270382368,29.0,45.0,34.333333333333336,9.237604307034012,85.33333333333333,0,0,0,0,0,0,0,0,1.0,51.5,29.0,45.0,20,0,0,0,0,0,0,1,29,1,45,-1,-1,0,20,0,0,0,0,0,0,0,0,BENIGN
10.42.0.42-74.125.192.188-54919-5228-6,10.42.0.42,54919,74.125.192.188,5228,6,21/06/2017 09:00:51,110254,2,2,1059.0,338.0,1059.0,0.0,529.5,748.8260812765539,338.0,0.0,169.0,239.00209204105306,12670.742104594845,36.27986286211838,36751.333333333336,24935.138446243553,52912.0,8034.0,110254.0,110254.0,0.0,110254.0,110254.0,52912.0,52912.0,0.0,52912.0,52912.0,1,0,0,0,64,64,18.13993143105919,18.13993143105919,0.0,1059.0,491.2,536.381114507213,287704.7,0,1,0,0,1,0,0,0,1.0,614.0,529.5,169.0,64,0,0,0,0,0,0,2,1059,2,338,1948,528,0,32,0,0,0,0,0,0,0,0,BENIGN
10.42.0.1-10.42.0.42-53-14781-17,10.42.0.42,14781,10.42.0.1,53,17,21/06/2017 08:56:21,48136,1,1,30.0,140.0,30.0,30.0,30.0,0.0,140.0,140.0,140.0,0.0,3531.660295828486,41.548944656805716,48136.0,0.0,48136.0,48136.0,0,0,0,0,0,0,0,0,0,0,0,0,0,0,32,32,20.774472328402858,20.774472328402858,30.0,140.0,66.66666666666666,63.50852961085883,4033.333333333333,0,0,0,0,0,0,0,0,1.0,100.0,30.0,140.0,32,0,0,0,0,0,0,1,30,1,140,-1,-1,0,32,0,0,0,0,0,0,0,0,BENIGN
10.42.0.1-10.42.0.42-53-9339-17,10.42.0.42,9339,10.42.0.1,53,17,21/06/2017 08:56:19,95021,1,1,37.0,111.0,37.0,37.0,37.0,0.0,111.0,111.0,111.0,0.0,1557.5504362193622,21.04797886782922,95021.0,0.0,95021.0,95021.0,0,0,0,0,0,0,0,0,0,0,0,0,0,0,20,20,10.52398943391461,10.52398943391461,37.0,111.0,61.66666666666667,42.72391992003231,1825.3333333333335,0,0,0,0,0,0,0,0,1.0,92.5,37.0,111.0,20,0,0,0,0,0,0,1,37,1,111,-1,-1,0,20,0,0,0,0,0,0,0,0,BENIGN
10.42.0.1-10.42.0.42-53-2402-17,10.42.0.42,2402,10.42.0.1,53,17,21/06/2017 08:56:19,93503,1,1,28.0,127.0,28.0,28.0,28.0,0.0,127.0,127.0,127.0,0.0,1657.7008224335048,21.389688031400063,93503.0,0.0,93503.0,93503.0,0,0,0,0,0,0,0,0,0,0,0,0,0,0,20,20,10.694844015700031,10.694844015700031,28.0,127.0,61.0,57.15767664977295,3267.0,0,0,0,0,0,0,0,0,1.0,91.5,28.0,127.0,20,0,0,0,0,0,0,1,28,1,127,-1,-1,0,20,0,0,0,0,0,0,0,0,BENIGN
10.42.0.1-10.42.0.42-53-12275-17,10.42.0.42,12275,10.42.0.1,53,17,21/06/2017 08:59:14,1870834,1,1,30.0,169.0,30.0,30.0,30.0,0.0,169.0,169.0,169.0,0.0,106.36967256314563,1.0690419353079963,1870834.0,0.0,1870834.0,1870834.0,0,0,0,0,0,0,0,0,0,0,0,0,0,0,20,32,0.5345209676539981,0.5345209676539981,30.0,169.0,76.33333333333334,80.25168741735799,6440.333333333334,0,0,0,0,0,0,0,0,1.0,114.5,30.0,169.0,20,0,0,0,0,0,0,1,30,1,169,-1,-1,0,20,0,0,0,0,0,0,0,0,BENIGN
10.42.0.1-10.42.0.42-53-10044-17,10.42.0.42,10044,10.42.0.1,53,17,21/06/2017 08:56:20,48650,1,1,38.0,148.0,38.0,38.0,38.0,0.0,148.0,148.0,148.0,0.0,3823.2271325796505,41.109969167523126,48650.0,0.0,48650.0,48650.0,0,0,0,0,0,0,0,0,0,0,0,0,0,0,32,32,20.554984583761563,20.554984583761563,38.0,148.0,74.66666666666666,63.50852961085883,4033.333333333333,0,0,0,0,0,0,0,0,1.0,112.0,38.0,148.0,32,0,0,0,0,0,0,1,38,1,148,-1,-1,0,32,0,0,0,0,0,0,0,0,BENIGN
10.42.0.1-10.42.0.42-53-56528-17,10.42.0.42,56528,10.42.0.1,53,17,21/06/2017 09:00:10,50474,1,1,37.0,77.0,37.0,37.0,37.0,0.0,77.0,77.0,77.0,0.0,2258.5885802591433,39.62436105717796,50474.0,0.0,50474.0,50474.0,0,0,0,0,0,0,0,0,0,0,0,0,0,0,20,20,19.81218052858898,19.81218052858898,37.0,77.0,50.333333333333336,23.094010767585033,533.3333333333334,0,0,0,0,0,0,0,0,1.0,75.5,37.0,77.0,20,0,0,0,0,0,0,1,37,1,77,-1,-1,0,20,0,0,0,0,0,0,0,0,BENIGN
151.101.1.140-10.42.0.42-443-58788-6,10.42.0.42,58788,151.101.1.140,443,6,21/06/2017 09:00:45,102956,7,5,338.0,3866.0,212.0,0.0,48.28571428571428,86.11951827879338,1448.0,0.0,773.2,666.6567332593289,40832.97719414118,116.55464470259139,9359.636363636364,9063.173178006999,27333.0,12.0,102956.0,17159.333333333336,14979.728657978643,42873.0,857.0,60187.0,15046.75,18012.11480041512,36245.0,12.0,0,0,0,0,232,168,67.99020940984498,48.56443529274641,0.0,1448.0,323.3846153846154,537.6048019474185,289018.92307692306,0,0,0,1,0,0,0,0,0.0,350.3333333333333,48.285714285714285,773.2,232,0,0,0,0,0,0,7,338,5,3866,65535,59,2,32,0,0,0,0,0,0,0,0,BENIGN
206.126.112.157-10.42.0.42-443-51079-17,10.42.0.42,51079,206.126.112.157,443,17,21/06/2017 08:56:18,199991,8,8,3661.0,4410.0,1350.0,38.0,457.625,578.8675983578381,1350.0,35.0,551.2499999999999,663.7802454771565,40356.81605672255,80.00360016200729,13332.733333333334,12790.359128581777,33709.0,29.0,199991.0,28570.142857142855,32988.93184301149,88714.0,67.0,139498.0,19928.285714285714,17685.076191658376,50282.0,29.0,0,0,0,0,232,232,40.001800081003644,40.001800081003644,35.0,1350.0,554.1764705882352,619.3658284178783,383614.0294117647,0,0,0,0,0,0,0,0,1.0,588.8125,457.625,551.25,232,0,0,0,0,0,0,8,3661,8,4410,-1,-1,7,20,0,0,0,0,0,0,0,0,BENIGN
172.217.10.238-10.42.0.42-443-57029-6,172.217.10.238,443,10.42.0.42,57029,6,21/06/2017 08:59:51,60111020,2,2,0.0,31.0,0.0,0.0,0.0,0.0,31.0,0.0,15.5,21.920310216782973,0.5157124267729943,0.06654353893845089,2.0037006666666664E7,3.449847702622092E7,5.9872303E7,36947.0,6.011102E7,6.011102E7,0.0,6.011102E7,6.011102E7,5.9872303E7,5.9872303E7,0.0,5.9872303E7,5.9872303E7,0,0,0,0,52,64,0.03327176946922544,0.03327176946922544,0.0,31.0,6.2,13.863621460498695,192.2,0,0,0,0,1,1,0,0,1.0,7.75,0.0,15.5,52,0,0,0,0,0,0,2,0,2,31,682,2806,0,20,201770.0,0.0,201770.0,201770.0,5.9872303E7,0.0,5.9872303E7,5.9872303E7,BENIGN
10.42.0.42-121.12.98.63-60444-80-6,121.12.98.63,80,10.42.0.42,60444,6,21/06/2017 09:00:01,5573,1,1,0.0,0.0,0.0,0.0,0.0,0.0,0.0,0.0,0.0,0.0,0.0,358.87313834559484,5573.0,0.0,5573.0,5573.0,0,0,0,0,0,0,0,0,0,0,0,0,0,0,20,20,179.43656917279742,179.43656917279742,0.0,0.0,0.0,0.0,0.0,0,0,0,0,1,1,0,0,1.0,0.0,0.0,0.0,20,0,0,0,0,0,0,1,0,1,0,502,1369,0,20,0,0,0,0,0,0,0,0,BENIGN
151.101.1.140-10.42.0.42-443-58780-6,10.42.0.42,58780,151.101.1.140,443,6,21/06/2017 09:00:42,94780,5,3,568.0,154.0,517.0,0.0,113.6,226.58618669283442,154.0,0.0,51.33333333333333,88.91194145520237,7617.640852500527,84.40599282549061,13540.0,20645.204083919023,57810.0,94.0,36970.0,9242.5,10464.527780395381,19033.0,94.0,79380.0,39690.0,30517.31446244902,61269.0,18111.0,0,0,0,0,168,104,52.75374551593163,31.652247309558977,0.0,517.0,80.22222222222223,171.64117933772317,29460.69444444445,0,0,0,1,0,0,0,0,0.0,90.25,113.6,51.333333333333336,168,0,0,0,0,0,0,5,568,3,154,65535,59,2,32,0,0,0,0,0,0,0,0,BENIGN
10.42.0.1-10.42.0.42-53-55424-17,10.42.0.42,55424,10.42.0.1,53,17,21/06/2017 09:00:46,99409,1,1,42.0,102.0,42.0,42.0,42.0,0.0,102.0,102.0,102.0,0.0,1448.5609954833064,20.118902715045923,99409.0,0.0,99409.0,99409.0,0,0,0,0,0,0,0,0,0,0,0,0,0,0,32,32,10.059451357522962,10.059451357522962,42.0,102.0,62.0,34.64101615137755,1200.0,0,0,0,0,0,0,0,0,1.0,93.0,42.0,102.0,32,0,0,0,0,0,0,1,42,1,102,-1,-1,0,32,0,0,0,0,0,0,0,0,BENIGN
10.42.0.42-104.93.181.98-44953-443-6,10.42.0.42,44953,104.93.181.98,443,6,21/06/2017 09:01:16,35906,2,0,0.0,0.0,0.0,0.0,0.0,0.0,0,0,0,0,0.0,55.70099704784715,35906.0,0.0,35906.0,35906.0,35906.0,35906.0,0.0,35906.0,35906.0,0,0,0,0,0,0,0,0,0,64,0,55.70099704784715,0.0,0.0,0.0,0.0,0.0,0.0,0,0,0,0,1,0,0,0,0.0,0.0,0.0,0.0,64,0,0,0,0,0,0,2,0,0,0,1731,-1,0,32,0,0,0,0,0,0,0,0,BENIGN
10.42.0.1-10.42.0.42-53-53789-17,10.42.0.42,53789,10.42.0.1,53,17,21/06/2017 08:56:20,48288,1,1,30.0,140.0,30.0,30.0,30.0,0.0,140.0,140.0,140.0,0.0,3520.543406229291,41.4181577203446,48288.0,0.0,48288.0,48288.0,0,0,0,0,0,0,0,0,0,0,0,0,0,0,32,32,20.7090788601723,20.7090788601723,30.0,140.0,66.66666666666666,63.50852961085883,4033.333333333333,0,0,0,0,0,0,0,0,1.0,100.0,30.0,140.0,32,0,0,0,0,0,0,1,30,1,140,-1,-1,0,32,0,0,0,0,0,0,0,0,BENIGN
184.29.141.182-10.42.0.42-443-43984-6,10.42.0.42,43984,184.29.141.182,443,6,21/06/2017 09:09:08,35424,2,0,0.0,0.0,0.0,0.0,0.0,0.0,0,0,0,0,0.0,56.45889792231256,35424.0,0.0,35424.0,35424.0,35424.0,35424.0,0.0,35424.0,35424.0,0,0,0,0,0,0,0,0,0,64,0,56.45889792231256,0.0,0.0,0.0,0.0,0.0,0.0,0,0,0,0,1,0,0,0,0.0,0.0,0.0,0.0,64,0,0,0,0,0,0,2,0,0,0,1822,-1,0,32,0,0,0,0,0,0,0,0,BENIGN
10.42.0.1-10.42.0.42-53-28401-17,10.42.0.42,28401,10.42.0.1,53,17,21/06/2017 08:56:19,67634,1,1,32.0,91.0,32.0,32.0,32.0,0.0,91.0,91.0,91.0,0.0,1818.6119407398646,29.570925865688857,67634.0,0.0,67634.0,67634.0,0,0,0,0,0,0,0,0,0,0,0,0,0,0,40,32,14.785462932844428,14.785462932844428,32.0,91.0,51.66666666666667,34.06366588218792,1160.3333333333335,0,0,0,0,0,0,0,0,1.0,77.5,32.0,91.0,40,0,0,0,0,0,0,1,32,1,91,-1,-1,0,40,0,0,0,0,0,0,0,0,BENIGN
10.42.0.1-10.42.0.42-53-22024-17,10.42.0.42,22024,10.42.0.1,53,17,21/06/2017 08:59:15,1738865,1,1,30.0,185.0,30.0,30.0,30.0,0.0,185.0,185.0,185.0,0.0,123.64387114583363,1.1501755455426383,1738865.0,0.0,1738865.0,1738865.0,0,0,0,0,0,0,0,0,0,0,0,0,0,0,40,32,0.5750877727713192,0.5750877727713192,30.0,185.0,81.66666666666666,89.48929172439199,8008.333333333333,0,0,0,0,0,0,0,0,1.0,122.5,30.0,185.0,40,0,0,0,0,0,0,1,30,1,185,-1,-1,0,40,0,0,0,0,0,0,0,0,BENIGN
10.42.0.1-10.42.0.42-53-42945-17,10.42.0.42,42945,10.42.0.1,53,17,21/06/2017 08:58:17,48094,1,1,34.0,82.0,34.0,34.0,34.0,0.0,82.0,82.0,82.0,0.0,2411.943277747744,41.58522892668525,48094.0,0.0,48094.0,48094.0,0,0,0,0,0,0,0,0,0,0,0,0,0,0,32,32,20.792614463342623,20.792614463342623,34.0,82.0,50.0,27.712812921102035,768.0,0,0,0,0,0,0,0,0,1.0,75.0,34.0,82.0,32,0,0,0,0,0,0,1,34,1,82,-1,-1,0,32,0,0,0,0,0,0,0,0,BENIGN
10.42.0.1-10.42.0.42-53-48133-17,10.42.0.42,48133,10.42.0.1,53,17,21/06/2017 08:56:20,175756,1,1,40.0,160.0,40.0,40.0,40.0,0.0,160.0,160.0,160.0,0.0,1137.941236714536,11.379412367145362,175756.0,0.0,175756.0,175756.0,0,0,0,0,0,0,0,0,0,0,0,0,0,0,32,20,5.689706183572681,5.689706183572681,40.0,160.0,80.0,69.2820323027551,4800.0,0,0,0,0,0,0,0,0,1.0,120.0,40.0,160.0,32,0,0,0,0,0,0,1,40,1,160,-1,-1,0,32,0,0,0,0,0,0,0,0,BENIGN
183.56.172.140-10.42.0.42-80-48435-6,10.42.0.42,48435,183.56.172.140,80,6,21/06/2017 09:00:42,363565,1,1,0.0,0.0,0.0,0.0,0.0,0.0,0.0,0.0,0.0,0.0,0.0,5.501079586868922,363565.0,0.0,363565.0,363565.0,0,0,0,0,0,0,0,0,0,0,0,0,0,0,20,20,2.750539793434461,2.750539793434461,0.0,0.0,0.0,0.0,0.0,0,0,0,0,1,1,0,0,1.0,0.0,0.0,0.0,20,0,0,0,0,0,0,1,0,1,0,1369,183,0,20,0,0,0,0,0,0,0,0,BENIGN
10.42.0.42-95.213.11.181-36894-80-6,95.213.11.181,80,10.42.0.42,36894,6,21/06/2017 08:59:09,96972,1,1,0.0,0.0,0.0,0.0,0.0,0.0,0.0,0.0,0.0,0.0,0.0,20.62451016788351,96972.0,0.0,96972.0,96972.0,0,0,0,0,0,0,0,0,0,0,0,0,0,0,32,32,10.312255083941755,10.312255083941755,0.0,0.0,0.0,0.0,0.0,0,0,0,0,1,1,0,0,1.0,0.0,0.0,0.0,32,0,0,0,0,0,0,1,0,1,0,110,1369,0,32,0,0,0,0,0,0,0,0,BENIGN
10.42.0.1-10.42.0.42-53-21766-17,10.42.0.42,21766,10.42.0.1,53,17,21/06/2017 08:56:23,96109,1,1,37.0,96.0,37.0,37.0,37.0,0.0,96.0,96.0,96.0,0.0,1383.8454255064562,20.809705646713628,96109.0,0.0,96109.0,96109.0,0,0,0,0,0,0,0,0,0,0,0,0,0,0,32,32,10.404852823356814,10.404852823356814,37.0,96.0,56.66666666666667,34.06366588218792,1160.3333333333335,0,0,0,0,0,0,0,0,1.0,85.0,37.0,96.0,32,0,0,0,0,0,0,1,37,1,96,-1,-1,0,32,0,0,0,0,0,0,0,0,BENIGN
10.42.0.42-63.250.200.63-53187-443-6,10.42.0.42,53187,63.250.200.63,443,6,21/06/2017 08:58:19,25214,1,1,0.0,0.0,0.0,0.0,0.0,0.0,0.0,0.0,0.0,0.0,0.0,79.32101213611486,25214.0,0.0,25214.0,25214.0,0,0,0,0,0,0,0,0,0,0,0,0,0,0,32,32,39.66050606805743,39.66050606805743,0.0,0.0,0.0,0.0,0.0,0,0,0,0,1,1,0,0,1.0,0.0,0.0,0.0,32,0,0,0,0,0,0,1,0,1,0,1731,65,0,32,0,0,0,0,0,0,0,0,BENIGN
10.42.0.1-10.42.0.42-53-34371-17,10.42.0.42,34371,10.42.0.1,53,17,21/06/2017 09:00:44,48090,1,1,40.0,136.0,40.0,40.0,40.0,0.0,136.0,136.0,136.0,0.0,3659.8045331669787,41.58868787689748,48090.0,0.0,48090.0,48090.0,0,0,0,0,0,0,0,0,0,0,0,0,0,0,32,32,20.79434393844874,20.79434393844874,40.0,136.0,72.0,55.42562584220407,3072.0,0,0,0,0,0,0,0,0,1.0,108.0,40.0,136.0,32,0,0,0,0,0,0,1,40,1,136,-1,-1,0,32,0,0,0,0,0,0,0,0,BENIGN
10.42.0.1-10.42.0.42-53-54210-17,10.42.0.42,54210,10.42.0.1,53,17,21/06/2017 08:56:19,48100,1,1,39.0,100.0,39.0,39.0,39.0,0.0,100.0,100.0,100.0,0.0,2889.81288981289,41.58004158004158,48100.0,0.0,48100.0,48100.0,0,0,0,0,0,0,0,0,0,0,0,0,0,0,20,20,20.79002079002079,20.79002079002079,39.0,100.0,59.33333333333333,35.21836642056717,1240.3333333333333,0,0,0,0,0,0,0,0,1.0,89.0,39.0,100.0,20,0,0,0,0,0,0,1,39,1,100,-1,-1,0,20,0,0,0,0,0,0,0,0,BENIGN
172.217.10.14-10.42.0.42-80-46865-6,172.217.10.14,80,10.42.0.42,46865,6,21/06/2017 08:58:17,42079,1,1,0.0,0.0,0.0,0.0,0.0,0.0,0.0,0.0,0.0,0.0,0.0,47.529646617077404,42079.0,0.0,42079.0,42079.0,0,0,0,0,0,0,0,0,0,0,0,0,0,0,32,32,23.764823308538702,23.764823308538702,0.0,0.0,0.0,0.0,0.0,0,0,0,0,1,1,0,0,1.0,0.0,0.0,0.0,32,0,0,0,0,0,0,1,0,1,0,340,1369,0,32,0,0,0,0,0,0,0,0,BENIGN
172.217.9.234-10.42.0.42-443-53124-6,172.217.9.234,443,10.42.0.42,53124,6,21/06/2017 08:59:14,39332,1,1,0.0,0.0,0.0,0.0,0.0,0.0,0.0,0.0,0.0,0.0,0.0,50.84918132818062,39332.0,0.0,39332.0,39332.0,0,0,0,0,0,0,0,0,0,0,0,0,0,0,32,32,25.42459066409031,25.42459066409031,0.0,0.0,0.0,0.0,0.0,0,0,0,0,1,1,0,0,1.0,0.0,0.0,0.0,32,0,0,0,0,0,0,1,0,1,0,468,1423,0,32,0,0,0,0,0,0,0,0,BENIGN
10.42.0.1-10.42.0.42-53-39841-17,10.42.0.42,39841,10.42.0.1,53,17,21/06/2017 08:59:17,268108,1,1,31.0,47.0,31.0,31.0,31.0,0.0,47.0,47.0,47.0,0.0,290.9275366643293,7.459680427290494,268108.0,0.0,268108.0,268108.0,0,0,0,0,0,0,0,0,0,0,0,0,0,0,32,20,3.729840213645247,3.729840213645247,31.0,47.0,36.333333333333336,9.237604307034012,85.33333333333333,0,0,0,0,0,0,0,0,1.0,54.5,31.0,47.0,32,0,0,0,0,0,0,1,31,1,47,-1,-1,0,32,0,0,0,0,0,0,0,0,BENIGN
217.69.133.148-10.42.0.42-443-49951-6,217.69.133.148,443,10.42.0.42,49951,6,21/06/2017 09:00:41,2083,1,1,0.0,0.0,0.0,0.0,0.0,0.0,0.0,0.0,0.0,0.0,0.0,960.1536245799327,2083.0,0.0,2083.0,2083.0,0,0,0,0,0,0,0,0,0,0,0,0,0,0,32,32,480.07681228996637,480.07681228996637,0.0,0.0,0.0,0.0,0.0,0,0,0,0,1,1,0,0,1.0,0.0,0.0,0.0,32,0,0,0,0,0,0,1,0,1,0,6128,1386,0,32,0,0,0,0,0,0,0,0,BENIGN
151.101.1.140-10.42.0.42-443-58779-6,10.42.0.42,58779,151.101.1.140,443,6,21/06/2017 09:00:41,119101,7,5,328.0,3866.0,202.0,0.0,46.857142857142854,82.97676094632072,1448.0,0.0,773.2,666.6567332593289,35213.81012753881,100.75482153802236,10827.363636363636,13273.282022715612,42762.0,12.0,119101.0,19850.166666666668,21300.93554205229,58613.0,174.0,60756.0,15189.0,19003.989651298663,39542.0,12.0,0,0,0,0,232,168,58.773645897179705,41.98117564084264,0.0,1448.0,322.61538461538464,537.7845817892667,289212.25641025644,0,0,0,1,0,0,0,0,0.0,349.5,46.857142857142854,773.2,232,0,0,0,0,0,0,7,328,5,3866,65535,59,2,32,0,0,0,0,0,0,0,0,BENIGN
151.101.1.140-10.42.0.42-443-58794-6,10.42.0.42,58794,151.101.1.140,443,6,21/06/2017 09:00:45,179416,8,5,338.0,3866.0,212.0,0.0,42.24999999999999,81.53833454271677,1448.0,0.0,773.2,666.6567332593289,23431.57800865029,72.4573059258929,14951.333333333334,16568.806421780184,55203.0,3.0,179416.0,25630.857142857145,21881.981487276782,55203.0,77.0,114740.0,28685.0,37406.650460401645,78671.0,3.0,0,0,0,0,264,168,44.58911133901101,27.868194586881884,0.0,1448.0,300.28571428571433,523.6950710790846,274256.52747252746,0,0,0,1,0,0,0,0,0.0,323.38461538461536,42.25,773.2,264,0,0,0,0,0,0,8,338,5,3866,65535,59,2,32,0,0,0,0,0,0,0,0,BENIGN
10.42.0.42-95.213.11.133-37377-443-6,10.42.0.42,37377,95.213.11.133,443,6,21/06/2017 08:58:16,54154058,8,8,322.0,5497.0,196.0,0.0,40.25000000000001,76.84074440035052,1398.0,0.0,687.125,666.5462019138015,107.45270465234572,0.29545338966102963,3610270.533333333,1.3848262929325534E7,5.3668381E7,11.0,5.4154058E7,7736294.000000001,2.0254253999381382E7,5.3668381E7,45.0,349148.0,49878.28571428571,86440.1919801861,204219.0,11.0,0,0,0,0,264,264,0.14772669483051482,0.14772669483051482,0.0,1398.0,342.2941176470589,556.1921615666976,309349.72058823536,0,0,0,1,0,0,0,0,1.0,363.6875,40.25,687.125,264,0,0,0,0,0,0,8,322,8,5497,65535,110,2,32,485677.0,0.0,485677.0,485677.0,5.3668381E7,0.0,5.3668381E7,5.3668381E7,BENIGN
10.42.0.42-121.12.98.63-60431-80-6,121.12.98.63,80,10.42.0.42,60431,6,21/06/2017 09:00:01,5861,1,1,0.0,0.0,0.0,0.0,0.0,0.0,0.0,0.0,0.0,0.0,0.0,341.2386964681795,5861.0,0.0,5861.0,5861.0,0,0,0,0,0,0,0,0,0,0,0,0,0,0,20,20,170.61934823408976,170.61934823408976,0.0,0.0,0.0,0.0,0.0,0,0,0,0,1,1,0,0,1.0,0.0,0.0,0.0,20,0,0,0,0,0,0,1,0,1,0,502,1369,0,20,0,0,0,0,0,0,0,0,BENIGN
10.42.0.42-125.88.193.226-40057-80-6,10.42.0.42,40057,125.88.193.226,80,6,21/06/2017 09:00:21,367017,1,1,0.0,0.0,0.0,0.0,0.0,0.0,0.0,0.0,0.0,0.0,0.0,5.449338858962936,367017.0,0.0,367017.0,367017.0,0,0,0,0,0,0,0,0,0,0,0,0,0,0,20,20,2.724669429481468,2.724669429481468,0.0,0.0,0.0,0.0,0.0,0,0,0,0,1,1,0,0,1.0,0.0,0.0,0.0,20,0,0,0,0,0,0,1,0,1,0,1386,31,0,20,0,0,0,0,0,0,0,0,BENIGN
10.42.0.1-10.42.0.42-53-4804-17,10.42.0.42,4804,10.42.0.1,53,17,21/06/2017 08:58:14,1081,1,1,28.0,60.0,28.0,28.0,28.0,0.0,60.0,60.0,60.0,0.0,81406.10545790935,1850.1387604070308,1081.0,0.0,1081.0,1081.0,0,0,0,0,0,0,0,0,0,0,0,0,0,0,32,32,925.0693802035154,925.0693802035154,28.0,60.0,38.666666666666664,18.475208614068023,341.3333333333333,0,0,0,0,0,0,0,0,1.0,58.0,28.0,60.0,32,0,0,0,0,0,0,1,28,1,60,-1,-1,0,32,0,0,0,0,0,0,0,0,BENIGN
10.42.0.1-10.42.0.42-53-42610-17,10.42.0.42,42610,10.42.0.1,53,17,21/06/2017 08:56:20,48406,1,1,35.0,155.0,35.0,35.0,35.0,0.0,155.0,155.0,155.0,0.0,3925.13324794447,41.317192083626,48406.0,0.0,48406.0,48406.0,0,0,0,0,0,0,0,0,0,0,0,0,0,0,32,32,20.658596041813,20.658596041813,35.0,155.0,75.0,69.2820323027551,4800.0,0,0,0,0,0,0,0,0,1.0,112.5,35.0,155.0,32,0,0,0,0,0,0,1,35,1,155,-1,-1,0,32,0,0,0,0,0,0,0,0,BENIGN
10.42.0.1-10.42.0.42-53-39142-17,10.42.0.42,39142,10.42.0.1,53,17,21/06/2017 09:00:44,60023,1,1,26.0,154.0,26.0,26.0,26.0,0.0,154.0,154.0,154.0,0.0,2998.850440664412,33.3205604518268,60023.0,0.0,60023.0,60023.0,0,0,0,0,0,0,0,0,0,0,0,0,0,0,32,32,16.6602802259134,16.6602802259134,26.0,154.0,68.66666666666666,73.9008344562721,5461.333333333333,0,0,0,0,0,0,0,0,1.0,103.0,26.0,154.0,32,0,0,0,0,0,0,1,26,1,154,-1,-1,0,32,0,0,0,0,0,0,0,0,BENIGN
10.42.0.1-10.42.0.42-53-16311-17,10.42.0.42,16311,10.42.0.1,53,17,21/06/2017 09:00:49,48306,1,1,38.0,242.0,38.0,38.0,38.0,0.0,242.0,242.0,242.0,0.0,5796.381401896245,41.40272429925889,48306.0,0.0,48306.0,48306.0,0,0,0,0,0,0,0,0,0,0,0,0,0,0,32,32,20.701362149629446,20.701362149629446,38.0,242.0,106.0,117.77945491468365,13872.0,0,0,0,0,0,0,0,0,1.0,159.0,38.0,242.0,32,0,0,0,0,0,0,1,38,1,242,-1,-1,0,32,0,0,0,0,0,0,0,0,BENIGN
172.217.9.234-10.42.0.42-443-49698-6,10.42.0.42,49698,172.217.9.234,443,6,21/06/2017 09:00:29,164336,2,0,0.0,0.0,0.0,0.0,0.0,0.0,0,0,0,0,0.0,12.170187907701294,164336.0,0.0,164336.0,164336.0,164336.0,164336.0,0.0,164336.0,164336.0,0,0,0,0,0,0,0,0,0,64,0,12.170187907701294,0.0,0.0,0.0,0.0,0.0,0.0,0,0,0,0,1,1,0,0,0.0,0.0,0.0,0.0,64,0,0,0,0,0,0,2,0,0,0,383,-1,0,32,0,0,0,0,0,0,0,0,BENIGN
10.42.0.1-10.42.0.42-53-15421-17,10.42.0.42,15421,10.42.0.1,53,17,21/06/2017 09:00:46,47963,1,1,37.0,136.0,37.0,37.0,37.0,0.0,136.0,136.0,136.0,0.0,3606.947021662532,41.69880949898881,47963.0,0.0,47963.0,47963.0,0,0,0,0,0,0,0,0,0,0,0,0,0,0,32,32,20.849404749494404,20.849404749494404,37.0,136.0,70.0,57.15767664977295,3267.0,0,0,0,0,0,0,0,0,1.0,105.0,37.0,136.0,32,0,0,0,0,0,0,1,37,1,136,-1,-1,0,32,0,0,0,0,0,0,0,0,BENIGN
172.217.3.100-10.42.0.42-443-56465-17,10.42.0.42,56465,172.217.3.100,443,17,21/06/2017 08:57:24,190129,5,5,2195.0,1918.0,1350.0,38.0,439.0,585.3558746608767,1350.0,30.0,383.6,573.8129486165329,21632.680969236677,52.59586912043928,21125.44444444444,23961.982650185226,62931.0,29.0,127198.0,31799.5,36291.72446072704,69813.0,450.0,139012.0,34753.0,29821.21691011284,70748.0,29.0,0,0,0,0,160,160,26.29793456021964,26.29793456021964,30.0,1350.0,496.6363636363636,591.2982788284222,349633.6545454545,0,0,0,0,0,0,0,0,1.0,546.3,439.0,383.6,160,0,0,0,0,0,0,5,2195,5,1918,-1,-1,4,32,0,0,0,0,0,0,0,0,BENIGN
10.42.0.42-88.212.196.124-39855-443-6,88.212.196.124,443,10.42.0.42,39855,6,21/06/2017 09:00:41,152286,2,1,0.0,0.0,0.0,0.0,0.0,0.0,0.0,0.0,0.0,0.0,0.0,19.699775422560183,76143.0,104699.88687672972,150177.0,2109.0,152286.0,152286.0,0.0,152286.0,152286.0,0,0,0,0,0,0,0,0,0,52,32,13.13318361504012,6.56659180752006,0.0,0.0,0.0,0.0,0.0,1,0,0,0,1,0,0,0,0.0,0.0,0.0,0.0,52,0,0,0,0,0,0,2,0,1,0,543,1386,0,20,0,0,0,0,0,0,0,0,BENIGN
10.42.0.42-104.93.181.98-44952-443-6,10.42.0.42,44952,104.93.181.98,443,6,21/06/2017 09:02:45,30297,2,0,0.0,0.0,0.0,0.0,0.0,0.0,0,0,0,0,0.0,66.01313661418622,30297.0,0.0,30297.0,30297.0,30297.0,30297.0,0.0,30297.0,30297.0,0,0,0,0,0,0,0,0,0,64,0,66.01313661418622,0.0,0.0,0.0,0.0,0.0,0.0,0,0,0,0,1,0,0,0,0.0,0.0,0.0,0.0,64,0,0,0,0,0,0,2,0,0,0,1867,-1,0,32,0,0,0,0,0,0,0,0,BENIGN
10.42.0.1-10.42.0.42-53-47313-17,10.42.0.42,47313,10.42.0.1,53,17,21/06/2017 08:56:20,95818,1,1,39.0,94.0,39.0,39.0,39.0,0.0,94.0,94.0,94.0,0.0,1388.048174664468,20.872904882172453,95818.0,0.0,95818.0,95818.0,0,0,0,0,0,0,0,0,0,0,0,0,0,0,32,32,10.436452441086226,10.436452441086226,39.0,94.0,57.33333333333333,31.754264805429415,1008.3333333333333,0,0,0,0,0,0,0,0,1.0,86.0,39.0,94.0,32,0,0,0,0,0,0,1,39,1,94,-1,-1,0,32,0,0,0,0,0,0,0,0,BENIGN
172.217.12.163-10.42.0.42-443-32967-17,10.42.0.42,32967,172.217.12.163,443,17,21/06/2017 09:00:44,3199376,19,12,16959.0,1952.0,1350.0,38.0,892.578947368421,589.9008688650317,1350.0,27.0,162.66666666666666,378.72545425013317,5910.840113822195,9.689389430939032,106645.86666666665,544564.9078387533,2989221.0,5.0,3199376.0,177743.1111111111,702183.284291794,2989221.0,5.0,3131888.0,284717.0909090909,919572.4930430938,3057194.0,16.0,0,0,0,0,596,384,5.938658038317472,3.750731392621561,27.0,1350.0,633.15625,629.6530078402374,396462.91028225806,0,0,0,0,0,0,0,0,0.0,653.5806451612904,892.578947368421,162.66666666666666,596,0,0,0,0,0,0,19,16959,12,1952,-1,-1,18,20,0,0,0,0,0,0,0,0,BENIGN
10.42.0.42-98.139.199.204-42662-443-6,10.42.0.42,42662,98.139.199.204,443,6,21/06/2017 08:56:19,62871179,9,9,327.0,5673.0,201.0,0.0,36.333333333333336,74.49496627289659,1448.0,0.0,630.3333333333334,676.88662270723,95.43323499627708,0.2862997049888312,3698304.6470588236,1.521264891766694E7,6.2732033E7,7.0,6.2871179E7,7858897.375,2.217210635570471E7,6.2732033E7,836.0,72625.0,9078.124999999998,15421.035516809963,38255.0,7.0,0,0,0,0,296,296,0.1431498524944156,0.1431498524944156,0.0,1448.0,315.78947368421046,547.8658167985791,300156.95321637427,0,0,0,1,0,0,0,0,1.0,333.3333333333333,36.333333333333336,630.3333333333334,296,0,0,0,0,0,0,9,327,9,5673,65535,61,2,32,139146.0,0.0,139146.0,139146.0,6.2732033E7,0.0,6.2732033E7,6.2732033E7,BENIGN
10.42.0.1-10.42.0.42-53-24672-17,10.42.0.42,24672,10.42.0.1,53,17,21/06/2017 08:56:20,47666,1,1,35.0,113.0,35.0,35.0,35.0,0.0,113.0,113.0,113.0,0.0,3104.9385306088197,41.958628792011076,47666.0,0.0,47666.0,47666.0,0,0,0,0,0,0,0,0,0,0,0,0,0,0,32,32,20.979314396005538,20.979314396005538,35.0,113.0,61.0,45.033320996790806,2028.0,0,0,0,0,0,0,0,0,1.0,91.5,35.0,113.0,32,0,0,0,0,0,0,1,35,1,113,-1,-1,0,32,0,0,0,0,0,0,0,0,BENIGN
10.42.0.1-10.42.0.42-53-48713-17,10.42.0.42,48713,10.42.0.1,53,17,21/06/2017 08:56:20,47992,1,1,30.0,140.0,30.0,30.0,30.0,0.0,140.0,140.0,140.0,0.0,3542.2570428404733,41.67361226871145,47992.0,0.0,47992.0,47992.0,0,0,0,0,0,0,0,0,0,0,0,0,0,0,32,32,20.836806134355726,20.836806134355726,30.0,140.0,66.66666666666666,63.50852961085883,4033.333333333333,0,0,0,0,0,0,0,0,1.0,100.0,30.0,140.0,32,0,0,0,0,0,0,1,30,1,140,-1,-1,0,32,0,0,0,0,0,0,0,0,BENIGN
10.42.0.1-10.42.0.42-53-1751-17,10.42.0.42,1751,10.42.0.1,53,17,21/06/2017 08:56:19,141889,1,1,30.0,140.0,30.0,30.0,30.0,0.0,140.0,140.0,140.0,0.0,1198.1196569149124,14.095525375469558,141889.0,0.0,141889.0,141889.0,0,0,0,0,0,0,0,0,0,0,0,0,0,0,20,20,7.047762687734779,7.047762687734779,30.0,140.0,66.66666666666666,63.50852961085883,4033.333333333333,0,0,0,0,0,0,0,0,1.0,100.0,30.0,140.0,20,0,0,0,0,0,0,1,30,1,140,-1,-1,0,20,0,0,0,0,0,0,0,0,BENIGN
10.42.0.1-10.42.0.42-53-36666-17,10.42.0.42,36666,10.42.0.1,53,17,21/06/2017 08:56:19,93979,1,1,41.0,119.0,41.0,41.0,41.0,0.0,119.0,119.0,119.0,0.0,1702.508007107971,21.28135008884964,93979.0,0.0,93979.0,93979.0,0,0,0,0,0,0,0,0,0,0,0,0,0,0,20,32,10.64067504442482,10.64067504442482,41.0,119.0,67.0,45.033320996790806,2028.0,0,0,0,0,0,0,0,0,1.0,100.5,41.0,119.0,20,0,0,0,0,0,0,1,41,1,119,-1,-1,0,20,0,0,0,0,0,0,0,0,BENIGN
216.58.216.35-10.42.0.42-443-34269-6,216.58.216.35,443,10.42.0.42,34269,6,21/06/2017 08:56:56,6476,1,1,0.0,0.0,0.0,0.0,0.0,0.0,0.0,0.0,0.0,0.0,0.0,308.83261272390365,6476.0,0.0,6476.0,6476.0,0,0,0,0,0,0,0,0,0,0,0,0,0,0,32,32,154.41630636195183,154.41630636195183,0.0,0.0,0.0,0.0,0.0,0,0,0,0,1,1,0,0,1.0,0.0,0.0,0.0,32,0,0,0,0,0,0,1,0,1,0,357,1594,0,32,0,0,0,0,0,0,0,0,BENIGN
172.217.10.14-10.42.0.42-443-42246-6,172.217.10.14,443,10.42.0.42,42246,6,21/06/2017 08:58:20,139837,1,1,0.0,0.0,0.0,0.0,0.0,0.0,0.0,0.0,0.0,0.0,0.0,14.302366326508722,139837.0,0.0,139837.0,139837.0,0,0,0,0,0,0,0,0,0,0,0,0,0,0,32,32,7.151183163254361,7.151183163254361,0.0,0.0,0.0,0.0,0.0,0,0,0,0,1,1,0,0,1.0,0.0,0.0,0.0,32,0,0,0,0,0,0,1,0,1,0,360,1637,0,32,0,0,0,0,0,0,0,0,BENIGN
10.42.0.1-10.42.0.42-53-57001-17,10.42.0.42,57001,10.42.0.1,53,17,21/06/2017 08:57:24,1325,1,1,33.0,191.0,33.0,33.0,33.0,0.0,191.0,191.0,191.0,0.0,169056.6037735849,1509.433962264151,1325.0,0.0,1325.0,1325.0,0,0,0,0,0,0,0,0,0,0,0,0,0,0,32,32,754.7169811320755,754.7169811320755,33.0,191.0,85.66666666666666,91.22134253196086,8321.333333333332,0,0,0,0,0,0,0,0,1.0,128.5,33.0,191.0,32,0,0,0,0,0,0,1,33,1,191,-1,-1,0,32,0,0,0,0,0,0,0,0,BENIGN
10.42.0.42-98.139.180.180-50973-443-6,10.42.0.42,50973,98.139.180.180,443,6,21/06/2017 08:56:19,63520621,9,9,327.0,5079.0,201.0,0.0,36.333333333333336,74.49496627289659,1460.0,0.0,564.3333333333334,636.3917818451147,85.10622086015185,0.2833725444844124,3736507.117647059,1.536777802848868E7,6.3372225E7,8.0,6.3520621E7,7940077.625,2.2397982763532147E7,6.3372225E7,445.0,83033.0,10379.124999999998,17116.68863534316,41374.0,8.0,0,0,0,0,200,192,0.1416862722422062,0.1416862722422062,0.0,1460.0,284.5263157894736,506.8603104100832,256907.37426900584,0,0,0,1,0,0,0,0,1.0,300.3333333333333,36.333333333333336,564.3333333333334,200,0,0,0,0,0,0,9,327,9,5079,65535,62,2,20,148396.0,0.0,148396.0,148396.0,6.3372225E7,0.0,6.3372225E7,6.3372225E7,BENIGN
10.42.0.1-10.42.0.42-53-57368-17,10.42.0.42,57368,10.42.0.1,53,17,21/06/2017 08:56:19,95594,1,1,39.0,94.0,39.0,39.0,39.0,0.0,94.0,94.0,94.0,0.0,1391.3007092495345,20.921815176684728,95594.0,0.0,95594.0,95594.0,0,0,0,0,0,0,0,0,0,0,0,0,0,0,20,20,10.460907588342364,10.460907588342364,39.0,94.0,57.33333333333333,31.754264805429415,1008.3333333333333,0,0,0,0,0,0,0,0,1.0,86.0,39.0,94.0,20,0,0,0,0,0,0,1,39,1,94,-1,-1,0,20,0,0,0,0,0,0,0,0,BENIGN
10.42.0.1-10.42.0.42-53-39578-17,10.42.0.42,39578,10.42.0.1,53,17,21/06/2017 08:58:17,1249,1,1,34.0,386.0,34.0,34.0,34.0,0.0,386.0,386.0,386.0,0.0,336269.0152121698,1601.281024819856,1249.0,0.0,1249.0,1249.0,0,0,0,0,0,0,0,0,0,0,0,0,0,0,32,32,800.640512409928,800.640512409928,34.0,386.0,151.33333333333331,203.22729475474824,41301.33333333333,0,0,0,0,0,0,0,0,1.0,227.0,34.0,386.0,32,0,0,0,0,0,0,1,34,1,386,-1,-1,0,32,0,0,0,0,0,0,0,0,BENIGN
172.217.11.35-10.42.0.42-443-56628-17,10.42.0.42,56628,172.217.11.35,443,17,21/06/2017 08:57:24,143639,5,4,2419.0,1789.0,1350.0,38.0,483.8,625.1121499379132,1350.0,30.0,447.25,623.72930827403,29295.664826405085,62.65707781312875,17954.875,20069.910807955417,52262.0,28.0,143639.0,35909.75,42746.530630177076,86738.0,201.0,62061.0,20687.0,20696.601919155713,41421.0,28.0,0,0,0,0,160,128,34.80948767396042,27.847590139168332,30.0,1350.0,555.8000000000001,617.700178979342,381553.51111111115,0,0,0,0,0,0,0,0,0.0,617.5555555555555,483.8,447.25,160,0,0,0,0,0,0,5,2419,4,1789,-1,-1,4,32,0,0,0,0,0,0,0,0,BENIGN
183.56.172.229-10.42.0.42-80-33571-6,10.42.0.42,33571,183.56.172.229,80,6,21/06/2017 08:59:16,31066935,6,0,0.0,0.0,0.0,0.0,0.0,0.0,0,0,0,0,0.0,0.19313137906909708,6213387.0,6114194.174750872,1.6043324E7,1000023.0,3.1066935E7,6213387.0,6114194.174750872,1.6043324E7,1000023.0,0,0,0,0,0,0,0,0,0,240,0,0.19313137906909708,0.0,0.0,0.0,0.0,0.0,0.0,0,0,0,1,0,0,0,0,0.0,0.0,0.0,0.0,240,0,0,0,0,0,0,6,0,0,0,65535,-1,0,40,7016975.0,0.0,7016975.0,7016975.0,1.202498E7,5682796.5830805525,1.6043324E7,8006636.0,BENIGN
162.208.20.178-10.42.0.42-443-42659-6,10.42.0.42,42659,162.208.20.178,443,6,21/06/2017 08:57:20,2470448,3,0,0.0,0.0,0.0,0.0,0.0,0.0,0,0,0,0,0.0,1.2143546433683283,1235224.0,1692400.6838003818,2431932.0,38516.0,2470448.0,1235224.0,1692400.6838003818,2431932.0,38516.0,0,0,0,0,0,0,0,0,0,60,0,1.2143546433683283,0.0,0.0,0.0,0.0,0.0,0.0,0,0,0,0,1,0,0,0,0.0,0.0,0.0,0.0,60,0,0,0,0,0,0,3,0,0,0,1552,-1,0,20,0,0,0,0,0,0,0,0,BENIGN
10.42.0.1-10.42.0.42-53-48919-17,10.42.0.42,48919,10.42.0.1,53,17,21/06/2017 08:56:20,141275,1,1,35.0,117.0,35.0,35.0,35.0,0.0,117.0,117.0,117.0,0.0,1075.9157671208634,14.156786409485045,141275.0,0.0,141275.0,141275.0,0,0,0,0,0,0,0,0,0,0,0,0,0,0,32,32,7.078393204742523,7.078393204742523,35.0,117.0,62.33333333333333,47.34272207354931,2241.333333333333,0,0,0,0,0,0,0,0,1.0,93.5,35.0,117.0,32,0,0,0,0,0,0,1,35,1,117,-1,-1,0,32,0,0,0,0,0,0,0,0,BENIGN
10.42.0.42-125.88.193.249-49467-80-6,10.42.0.42,49467,125.88.193.249,80,6,21/06/2017 08:59:17,31043168,6,0,0.0,0.0,0.0,0.0,0.0,0.0,0,0,0,0,0.0,0.1932792426339992,6208633.6,6108448.628931146,1.6016853E7,988149.0,3.1043168E7,6208633.6,6108448.628931146,1.6016853E7,988149.0,0,0,0,0,0,0,0,0,0,240,0,0.1932792426339992,0.0,0.0,0.0,0.0,0.0,0.0,0,0,0,1,0,0,0,0,0.0,0.0,0.0,0.0,240,0,0,0,0,0,0,6,0,0,0,65535,-1,0,40,7001685.0,0.0,7001685.0,7001685.0,1.20207415E7,5651355.080055092,1.6016853E7,8024630.0,BENIGN
10.42.0.1-10.42.0.42-53-12956-17,10.42.0.42,12956,10.42.0.1,53,17,21/06/2017 08:56:20,47569,1,1,33.0,143.0,33.0,33.0,33.0,0.0,143.0,143.0,143.0,0.0,3699.8885829006285,42.044188442052594,47569.0,0.0,47569.0,47569.0,0,0,0,0,0,0,0,0,0,0,0,0,0,0,32,32,21.022094221026297,21.022094221026297,33.0,143.0,69.66666666666666,63.50852961085883,4033.333333333333,0,0,0,0,0,0,0,0,1.0,104.5,33.0,143.0,32,0,0,0,0,0,0,1,33,1,143,-1,-1,0,32,0,0,0,0,0,0,0,0,BENIGN
217.69.133.148-10.42.0.42-443-49952-6,10.42.0.42,49952,217.69.133.148,443,6,21/06/2017 09:01:02,36152,2,0,0.0,0.0,0.0,0.0,0.0,0.0,0,0,0,0,0.0,55.32197388802833,36152.0,0.0,36152.0,36152.0,36152.0,36152.0,0.0,36152.0,36152.0,0,0,0,0,0,0,0,0,0,64,0,55.32197388802833,0.0,0.0,0.0,0.0,0.0,0.0,0,0,0,0,1,0,0,0,0.0,0.0,0.0,0.0,64,0,0,0,0,0,0,2,0,0,0,1403,-1,0,32,0,0,0,0,0,0,0,0,BENIGN
10.42.0.42-36.110.213.49-56844-443-6,10.42.0.42,56844,36.110.213.49,443,6,21/06/2017 09:00:03,355002,1,1,0.0,0.0,0.0,0.0,0.0,0.0,0.0,0.0,0.0,0.0,0.0,5.633771077346044,355002.0,0.0,355002.0,355002.0,0,0,0,0,0,0,0,0,0,0,0,0,0,0,20,20,2.816885538673022,2.816885538673022,0.0,0.0,0.0,0.0,0.0,0,0,0,0,1,1,0,0,1.0,0.0,0.0,0.0,20,0,0,0,0,0,0,1,0,1,0,1597,123,0,20,0,0,0,0,0,0,0,0,BENIGN
10.42.0.1-10.42.0.42-53-45612-17,10.42.0.42,45612,10.42.0.1,53,17,21/06/2017 08:59:17,31442,1,1,42.0,58.0,42.0,42.0,42.0,0.0,58.0,58.0,58.0,0.0,3180.459258316901,63.60918516633802,31442.0,0.0,31442.0,31442.0,0,0,0,0,0,0,0,0,0,0,0,0,0,0,40,32,31.80459258316901,31.80459258316901,42.0,58.0,47.333333333333336,9.237604307034012,85.33333333333333,0,0,0,0,0,0,0,0,1.0,71.0,42.0,58.0,40,0,0,0,0,0,0,1,42,1,58,-1,-1,0,40,0,0,0,0,0,0,0,0,BENIGN
151.101.1.140-10.42.0.42-443-58778-6,10.42.0.42,58778,151.101.1.140,443,6,21/06/2017 09:00:41,6775645,186,473,2953.0,656342.0,554.0,0.0,15.87634408602151,66.56556028271102,1448.0,0.0,1387.6152219873145,265.0364860171945,97303.65153428198,97.2601132438314,10297.332826747719,114254.72714859224,2058998.0,2.0,6775645.0,36625.10810810811,214052.74528494338,2058998.0,4.0,6745781.0,14291.908898305088,139776.7850938874,2172113.0,2.0,0,0,0,0,5960,15144,27.451261097651958,69.80885214617945,0.0,1448.0,998.9318181818182,658.9886696024201,434266.0666643677,0,0,0,1,0,0,0,0,2.0,1000.4476479514416,15.876344086021506,1387.615221987315,5960,0,0,0,0,0,0,186,2953,473,656342,65535,72,18,32,0,0,0,0,0,0,0,0,BENIGN
10.42.0.42-121.12.98.64-44217-80-6,121.12.98.64,80,10.42.0.42,44217,6,21/06/2017 09:00:01,3329,1,1,0.0,0.0,0.0,0.0,0.0,0.0,0.0,0.0,0.0,0.0,0.0,600.7810153199159,3329.0,0.0,3329.0,3329.0,0,0,0,0,0,0,0,0,0,0,0,0,0,0,20,20,300.39050765995796,300.39050765995796,0.0,0.0,0.0,0.0,0.0,0,0,0,0,1,1,0,0,1.0,0.0,0.0,0.0,20,0,0,0,0,0,0,1,0,1,0,502,1369,0,20,0,0,0,0,0,0,0,0,BENIGN
10.42.0.1-10.42.0.42-53-29885-17,10.42.0.42,29885,10.42.0.1,53,17,21/06/2017 08:57:24,50689,1,1,42.0,102.0,42.0,42.0,42.0,0.0,102.0,102.0,102.0,0.0,2840.8530450393578,39.456292292213305,50689.0,0.0,50689.0,50689.0,0,0,0,0,0,0,0,0,0,0,0,0,0,0,32,32,19.728146146106653,19.728146146106653,42.0,102.0,62.0,34.64101615137755,1200.0,0,0,0,0,0,0,0,0,1.0,93.0,42.0,102.0,32,0,0,0,0,0,0,1,42,1,102,-1,-1,0,32,0,0,0,0,0,0,0,0,BENIGN
10.42.0.1-10.42.0.42-53-30236-17,10.42.0.42,30236,10.42.0.1,53,17,21/06/2017 08:59:14,274474,1,1,26.0,42.0,26.0,26.0,26.0,0.0,42.0,42.0,42.0,0.0,247.74659894926296,7.286664674978322,274474.0,0.0,274474.0,274474.0,0,0,0,0,0,0,0,0,0,0,0,0,0,0,20,20,3.643332337489161,3.643332337489161,26.0,42.0,31.333333333333332,9.237604307034012,85.33333333333333,0,0,0,0,0,0,0,0,1.0,47.0,26.0,42.0,20,0,0,0,0,0,0,1,26,1,42,-1,-1,0,20,0,0,0,0,0,0,0,0,BENIGN
151.101.1.140-10.42.0.42-443-58793-6,10.42.0.42,58793,151.101.1.140,443,6,21/06/2017 09:00:45,156773,7,5,331.0,3866.0,205.0,0.0,47.285714285714285,83.91407169582125,1448.0,0.0,773.2,666.6567332593289,26771.191467918583,76.5437926173512,14252.09090909091,18377.917664711338,63078.0,12.0,156773.0,26128.833333333332,23941.671081331537,63078.0,38.0,114631.0,28657.75,40268.58190016132,85510.0,12.0,0,0,0,0,232,168,44.650545693454866,31.893246923896335,0.0,1448.0,322.84615384615387,537.7291521069329,289152.64102564106,0,0,0,1,0,0,0,0,0.0,349.75,47.285714285714285,773.2,232,0,0,0,0,0,0,7,331,5,3866,65535,59,2,32,0,0,0,0,0,0,0,0,BENIGN
10.42.0.1-10.42.0.42-53-54239-17,10.42.0.42,54239,10.42.0.1,53,17,21/06/2017 08:56:20,47431,1,1,32.0,120.0,32.0,32.0,32.0,0.0,120.0,120.0,120.0,0.0,3204.6551833189264,42.166515569985876,47431.0,0.0,47431.0,47431.0,0,0,0,0,0,0,0,0,0,0,0,0,0,0,32,32,21.083257784992938,21.083257784992938,32.0,120.0,61.33333333333333,50.80682368868706,2581.333333333333,0,0,0,0,0,0,0,0,1.0,92.0,32.0,120.0,32,0,0,0,0,0,0,1,32,1,120,-1,-1,0,32,0,0,0,0,0,0,0,0,BENIGN
172.217.12.163-10.42.0.42-443-58721-17,10.42.0.42,58721,172.217.12.163,443,17,21/06/2017 08:59:12,3206903,18,12,15620.0,1949.0,1350.0,38.0,867.7777777777777,594.1845183359,1350.0,27.0,162.41666666666669,378.8176482241298,5478.4943604468235,9.35481989944816,110582.8620689655,553695.1396265384,2988797.0,5.0,3206903.0,188641.35294117648,722158.5870971262,2988797.0,5.0,3136341.0,285121.9090909091,919672.5034549477,3057902.0,24.0,0,0,0,0,456,324,5.612891939668895,3.7419279597792636,27.0,1350.0,610.290322580645,625.2499869944493,390937.54623655905,0,0,0,0,0,0,0,0,0.0,630.6333333333333,867.7777777777778,162.41666666666666,456,0,0,0,0,0,0,18,15620,12,1949,-1,-1,17,20,0,0,0,0,0,0,0,0,BENIGN
10.42.0.1-10.42.0.42-53-11161-17,10.42.0.42,11161,10.42.0.1,53,17,21/06/2017 08:56:35,50243,1,1,40.0,98.0,40.0,40.0,40.0,0.0,98.0,98.0,98.0,0.0,2746.65127480445,39.80654021455725,50243.0,0.0,50243.0,50243.0,0,0,0,0,0,0,0,0,0,0,0,0,0,0,40,32,19.903270107278626,19.903270107278626,40.0,98.0,59.33333333333333,33.48631561299829,1121.3333333333333,0,0,0,0,0,0,0,0,1.0,89.0,40.0,98.0,40,0,0,0,0,0,0,1,40,1,98,-1,-1,0,40,0,0,0,0,0,0,0,0,BENIGN
10.42.0.42-95.213.11.133-37164-80-6,95.213.11.133,80,10.42.0.42,37164,6,21/06/2017 08:59:09,95988,1,1,0.0,0.0,0.0,0.0,0.0,0.0,0.0,0.0,0.0,0.0,0.0,20.835937825561526,95988.0,0.0,95988.0,95988.0,0,0,0,0,0,0,0,0,0,0,0,0,0,0,32,32,10.417968912780763,10.417968912780763,0.0,0.0,0.0,0.0,0.0,0,0,0,0,1,1,0,0,1.0,0.0,0.0,0.0,32,0,0,0,0,0,0,1,0,1,0,110,1369,0,32,0,0,0,0,0,0,0,0,BENIGN
8.0.6.4-8.6.0.1-0-0-0,8.6.0.1,0,8.0.6.4,0,0,21/06/2017 09:07:31,81654,2,0,0.0,0.0,0.0,0.0,0.0,0.0,0,0,0,0,0.0,24.49359492492713,81654.0,0.0,81654.0,81654.0,81654.0,81654.0,0.0,81654.0,81654.0,0,0,0,0,0,0,0,0,0,0,0,24.49359492492713,0.0,0.0,0.0,0.0,0.0,0.0,0,0,0,0,0,0,0,0,0.0,0.0,0.0,0.0,0,0,0,0,0,0,0,2,0,0,0,-1,-1,0,0,0,0,0,0,0,0,0,0,BENIGN
10.42.0.1-10.42.0.42-53-54485-17,10.42.0.42,54485,10.42.0.1,53,17,21/06/2017 09:00:42,48452,1,1,38.0,137.0,38.0,38.0,38.0,0.0,137.0,137.0,137.0,0.0,3611.8220094113763,41.2779658218443,48452.0,0.0,48452.0,48452.0,0,0,0,0,0,0,0,0,0,0,0,0,0,0,32,32,20.63898291092215,20.63898291092215,38.0,137.0,71.0,57.15767664977295,3267.0,0,0,0,0,0,0,0,0,1.0,106.5,38.0,137.0,32,0,0,0,0,0,0,1,38,1,137,-1,-1,0,32,0,0,0,0,0,0,0,0,BENIGN
10.42.0.1-10.42.0.42-53-61475-17,10.42.0.42,61475,10.42.0.1,53,17,21/06/2017 08:56:25,51496,1,1,36.0,73.0,36.0,36.0,36.0,0.0,73.0,73.0,73.0,0.0,2116.669255864533,38.83796799751437,51496.0,0.0,51496.0,51496.0,0,0,0,0,0,0,0,0,0,0,0,0,0,0,40,32,19.418983998757184,19.418983998757184,36.0,73.0,48.333333333333336,21.361959960016154,456.33333333333337,0,0,0,0,0,0,0,0,1.0,72.5,36.0,73.0,40,0,0,0,0,0,0,1,36,1,73,-1,-1,0,40,0,0,0,0,0,0,0,0,BENIGN
10.42.0.1-10.42.0.42-53-57976-17,10.42.0.42,57976,10.42.0.1,53,17,21/06/2017 08:56:21,47726,1,1,30.0,140.0,30.0,30.0,30.0,0.0,140.0,140.0,140.0,0.0,3561.9997485647236,41.9058793948791,47726.0,0.0,47726.0,47726.0,0,0,0,0,0,0,0,0,0,0,0,0,0,0,32,32,20.95293969743955,20.95293969743955,30.0,140.0,66.66666666666666,63.50852961085883,4033.333333333333,0,0,0,0,0,0,0,0,1.0,100.0,30.0,140.0,32,0,0,0,0,0,0,1,30,1,140,-1,-1,0,32,0,0,0,0,0,0,0,0,BENIGN
10.42.0.42-74.125.29.139-53259-443-6,74.125.29.139,443,10.42.0.42,53259,6,21/06/2017 08:58:51,165569,1,1,0.0,0.0,0.0,0.0,0.0,0.0,0.0,0.0,0.0,0.0,0.0,12.079555955523075,165569.0,0.0,165569.0,165569.0,0,0,0,0,0,0,0,0,0,0,0,0,0,0,32,32,6.0397779777615375,6.0397779777615375,0.0,0.0,0.0,0.0,0.0,0,0,0,0,1,1,0,0,1.0,0.0,0.0,0.0,32,0,0,0,0,0,0,1,0,1,0,357,1638,0,32,0,0,0,0,0,0,0,0,BENIGN
10.42.0.1-10.42.0.42-53-60762-17,10.42.0.42,60762,10.42.0.1,53,17,21/06/2017 08:56:21,132318,1,1,30.0,92.0,30.0,30.0,30.0,0.0,92.0,92.0,92.0,0.0,922.0211913723001,15.11510149790656,132318.0,0.0,132318.0,132318.0,0,0,0,0,0,0,0,0,0,0,0,0,0,0,32,32,7.55755074895328,7.55755074895328,30.0,92.0,50.66666666666667,35.7957166897568,1281.3333333333335,0,0,0,0,0,0,0,0,1.0,76.0,30.0,92.0,32,0,0,0,0,0,0,1,30,1,92,-1,-1,0,32,0,0,0,0,0,0,0,0,BENIGN
10.42.0.42-52.84.31.222-37702-443-6,10.42.0.42,37702,52.84.31.222,443,6,21/06/2017 08:56:50,32583527,3,0,0.0,0.0,0.0,0.0,0.0,0.0,0,0,0,0,0.0,0.09207106400728197,1.62917635E7,2.2995331020181913E7,3.2551918E7,31609.0,3.2583527E7,1.62917635E7,2.2995331020181913E7,3.2551918E7,31609.0,0,0,0,0,0,0,0,0,0,96,0,0.09207106400728197,0.0,0.0,0.0,0.0,0.0,0.0,0,0,0,0,1,0,0,0,0.0,0.0,0.0,0.0,96,0,0,0,0,0,0,3,0,0,0,1550,-1,0,32,31609.0,0.0,31609.0,31609.0,3.2551918E7,0.0,3.2551918E7,3.2551918E7,BENIGN
10.42.0.1-10.42.0.42-53-58407-17,10.42.0.42,58407,10.42.0.1,53,17,21/06/2017 08:59:17,1622028,1,1,30.0,185.0,30.0,30.0,30.0,0.0,185.0,185.0,185.0,0.0,132.550116274195,1.2330243374343723,1622028.0,0.0,1622028.0,1622028.0,0,0,0,0,0,0,0,0,0,0,0,0,0,0,40,40,0.6165121687171862,0.6165121687171862,30.0,185.0,81.66666666666666,89.48929172439199,8008.333333333333,0,0,0,0,0,0,0,0,1.0,122.5,30.0,185.0,40,0,0,0,0,0,0,1,30,1,185,-1,-1,0,40,0,0,0,0,0,0,0,0,BENIGN
10.42.0.42-125.88.193.226-40059-80-6,125.88.193.226,80,10.42.0.42,40059,6,21/06/2017 09:00:42,2167,1,1,0.0,0.0,0.0,0.0,0.0,0.0,0.0,0.0,0.0,0.0,0.0,922.9349330872174,2167.0,0.0,2167.0,2167.0,0,0,0,0,0,0,0,0,0,0,0,0,0,0,20,20,461.4674665436087,461.4674665436087,0.0,0.0,0.0,0.0,0.0,0,0,0,0,1,1,0,0,1.0,0.0,0.0,0.0,20,0,0,0,0,0,0,1,0,1,0,29,1369,0,20,0,0,0,0,0,0,0,0,BENIGN
151.101.1.140-10.42.0.42-443-58782-6,10.42.0.42,58782,151.101.1.140,443,6,21/06/2017 09:00:42,148815,15,16,861.0,12581.0,342.0,0.0,57.39999999999999,97.90213772655105,1448.0,0.0,786.3125,677.1967433225492,90326.91596949231,208.31233410610488,4960.5,8204.57851887675,32252.0,3.0,133634.0,9545.285714285714,12949.92948854324,36945.0,5.0,133502.0,8900.133333333333,16748.354136053687,52897.0,3.0,0,0,0,0,488,520,100.79629069650237,107.51604340960253,0.0,1448.0,420.0625,603.9829594637423,364795.4153225806,0,0,0,1,0,0,0,0,1.0,433.61290322580646,57.4,786.3125,488,0,0,0,0,0,0,15,861,16,12581,65535,61,7,32,0,0,0,0,0,0,0,0,BENIGN
10.42.0.42-108.174.10.10-47722-443-6,10.42.0.42,47722,108.174.10.10,443,6,21/06/2017 09:00:04,28467,1,1,0.0,0.0,0.0,0.0,0.0,0.0,0.0,0.0,0.0,0.0,0.0,70.25678856219483,28467.0,0.0,28467.0,28467.0,0,0,0,0,0,0,0,0,0,0,0,0,0,0,32,32,35.128394281097414,35.128394281097414,0.0,0.0,0.0,0.0,0.0,0,0,0,0,1,0,0,0,1.0,0.0,0.0,0.0,32,0,0,0,0,0,0,1,0,1,0,1957,16,0,32,0,0,0,0,0,0,0,0,BENIGN
10.42.0.42-98.139.199.204-42670-443-6,10.42.0.42,42670,98.139.199.204,443,6,21/06/2017 08:56:19,62824239,10,9,337.0,5689.0,211.0,0.0,33.699999999999996,73.8166647851283,1448.0,0.0,632.1111111111111,675.7592848870898,95.91839226257878,0.3024310409872215,3490235.5,1.4759802173248043E7,6.2631824E7,11.0,6.2824239E7,6980471.0,2.086926982485063E7,6.2631824E7,31.0,126751.0,15843.874999999998,29061.07726072059,73309.0,11.0,0,0,0,0,328,296,0.15917423209853765,0.14325680888868386,0.0,1448.0,301.29999999999995,537.7363959961679,289160.4315789474,0,0,0,1,0,0,0,0,0.0,317.1578947368421,33.7,632.1111111111111,328,0,0,0,0,0,0,10,337,9,5689,65535,61,2,32,192415.0,0.0,192415.0,192415.0,6.2631824E7,0.0,6.2631824E7,6.2631824E7,BENIGN
10.42.0.1-10.42.0.42-53-37406-17,10.42.0.42,37406,10.42.0.1,53,17,21/06/2017 08:56:19,95533,1,1,31.0,117.0,31.0,31.0,31.0,0.0,117.0,117.0,117.0,0.0,1549.202893241079,20.935174232987553,95533.0,0.0,95533.0,95533.0,0,0,0,0,0,0,0,0,0,0,0,0,0,0,20,20,10.467587116493776,10.467587116493776,31.0,117.0,59.66666666666667,49.652123150307816,2465.3333333333335,0,0,0,0,0,0,0,0,1.0,89.5,31.0,117.0,20,0,0,0,0,0,0,1,31,1,117,-1,-1,0,20,0,0,0,0,0,0,0,0,BENIGN
10.42.0.1-10.42.0.42-53-14123-17,10.42.0.42,14123,10.42.0.1,53,17,21/06/2017 08:56:25,98856,1,1,29.0,83.0,29.0,29.0,29.0,0.0,83.0,83.0,83.0,0.0,1132.9610746945052,20.231447762401878,98856.0,0.0,98856.0,98856.0,0,0,0,0,0,0,0,0,0,0,0,0,0,0,32,32,10.115723881200939,10.115723881200939,29.0,83.0,47.0,31.176914536239792,972.0,0,0,0,0,0,0,0,0,1.0,70.5,29.0,83.0,32,0,0,0,0,0,0,1,29,1,83,-1,-1,0,32,0,0,0,0,0,0,0,0,BENIGN
10.42.0.42-95.213.11.181-36974-80-6,95.213.11.181,80,10.42.0.42,36974,6,21/06/2017 09:00:21,6310,1,1,0.0,0.0,0.0,0.0,0.0,0.0,0.0,0.0,0.0,0.0,0.0,316.9572107765452,6310.0,0.0,6310.0,6310.0,0,0,0,0,0,0,0,0,0,0,0,0,0,0,32,32,158.4786053882726,158.4786053882726,0.0,0.0,0.0,0.0,0.0,0,0,0,0,1,1,0,0,1.0,0.0,0.0,0.0,32,0,0,0,0,0,0,1,0,1,0,110,1369,0,32,0,0,0,0,0,0,0,0,BENIGN
172.217.6.238-10.42.0.42-443-46733-17,10.42.0.42,46733,172.217.6.238,443,17,21/06/2017 08:57:33,291069,11,11,4216.0,2951.0,1350.0,35.0,383.2727272727273,522.5464746621282,1350.0,26.0,268.2727272727273,410.1653546824965,24623.027529554845,75.58345272083251,13860.42857142857,19202.36367370285,73655.0,27.0,291069.0,29106.899999999998,38958.938271096544,123679.0,43.0,203863.0,20386.3,26723.395696779757,73655.0,27.0,0,0,0,0,352,352,37.791726360416256,37.791726360416256,26.0,1350.0,370.30434782608694,499.5030653088771,249503.3122529644,0,0,0,0,0,0,0,0,1.0,387.1363636363636,383.27272727272725,268.27272727272725,352,0,0,0,0,0,0,11,4216,11,2951,-1,-1,10,32,0,0,0,0,0,0,0,0,BENIGN
10.42.0.1-10.42.0.42-53-31694-17,10.42.0.42,31694,10.42.0.1,53,17,21/06/2017 08:56:21,154302,1,1,38.0,85.0,38.0,38.0,38.0,0.0,85.0,85.0,85.0,0.0,797.1380798693472,12.961594794623531,154302.0,0.0,154302.0,154302.0,0,0,0,0,0,0,0,0,0,0,0,0,0,0,32,32,6.480797397311766,6.480797397311766,38.0,85.0,53.666666666666664,27.13546265191241,736.3333333333333,0,0,0,0,0,0,0,0,1.0,80.5,38.0,85.0,32,0,0,0,0,0,0,1,38,1,85,-1,-1,0,32,0,0,0,0,0,0,0,0,BENIGN
183.56.172.229-10.42.0.42-80-33572-6,10.42.0.42,33572,183.56.172.229,80,6,21/06/2017 09:00:02,341439,1,1,0.0,0.0,0.0,0.0,0.0,0.0,0.0,0.0,0.0,0.0,0.0,5.857561672802462,341439.0,0.0,341439.0,341439.0,0,0,0,0,0,0,0,0,0,0,0,0,0,0,20,20,2.928780836401231,2.928780836401231,0.0,0.0,0.0,0.0,0.0,0,0,0,0,1,1,0,0,1.0,0.0,0.0,0.0,20,0,0,0,0,0,0,1,0,1,0,1432,0,0,20,0,0,0,0,0,0,0,0,BENIGN
172.217.10.102-10.42.0.42-443-36940-6,10.42.0.42,36940,172.217.10.102,443,6,21/06/2017 09:00:25,36387,1,1,0.0,0.0,0.0,0.0,0.0,0.0,0.0,0.0,0.0,0.0,0.0,54.964685189765575,36387.0,0.0,36387.0,36387.0,0,0,0,0,0,0,0,0,0,0,0,0,0,0,32,32,27.482342594882788,27.482342594882788,0.0,0.0,0.0,0.0,0.0,0,0,0,0,1,1,0,0,1.0,0.0,0.0,0.0,32,0,0,0,0,0,0,1,0,1,0,1594,357,0,32,0,0,0,0,0,0,0,0,BENIGN
10.42.0.1-10.42.0.42-53-37270-17,10.42.0.42,37270,10.42.0.1,53,17,21/06/2017 08:56:20,48612,1,1,30.0,140.0,30.0,30.0,30.0,0.0,140.0,140.0,140.0,0.0,3497.078910557064,41.142104830083106,48612.0,0.0,48612.0,48612.0,0,0,0,0,0,0,0,0,0,0,0,0,0,0,32,32,20.571052415041553,20.571052415041553,30.0,140.0,66.66666666666666,63.50852961085883,4033.333333333333,0,0,0,0,0,0,0,0,1.0,100.0,30.0,140.0,32,0,0,0,0,0,0,1,30,1,140,-1,-1,0,32,0,0,0,0,0,0,0,0,BENIGN
10.42.0.1-10.42.0.42-53-42924-17,10.42.0.42,42924,10.42.0.1,53,17,21/06/2017 08:56:23,48023,1,1,34.0,119.0,34.0,34.0,34.0,0.0,119.0,119.0,119.0,0.0,3185.973387751702,41.64671095100264,48023.0,0.0,48023.0,48023.0,0,0,0,0,0,0,0,0,0,0,0,0,0,0,32,32,20.82335547550132,20.82335547550132,34.0,119.0,62.33333333333333,49.074772881118186,2408.333333333333,0,0,0,0,0,0,0,0,1.0,93.5,34.0,119.0,32,0,0,0,0,0,0,1,34,1,119,-1,-1,0,32,0,0,0,0,0,0,0,0,BENIGN
172.217.10.238-10.42.0.42-443-40755-6,172.217.10.238,443,10.42.0.42,40755,6,21/06/2017 08:59:14,150019,1,1,0.0,0.0,0.0,0.0,0.0,0.0,0.0,0.0,0.0,0.0,0.0,13.331644658343276,150019.0,0.0,150019.0,150019.0,0,0,0,0,0,0,0,0,0,0,0,0,0,0,32,32,6.665822329171638,6.665822329171638,0.0,0.0,0.0,0.0,0.0,0,0,0,0,1,1,0,0,1.0,0.0,0.0,0.0,32,0,0,0,0,0,0,1,0,1,0,468,1419,0,32,0,0,0,0,0,0,0,0,BENIGN
10.42.0.42-95.213.11.181-36896-80-6,10.42.0.42,36896,95.213.11.181,80,6,21/06/2017 09:03:22,76105,2,0,0.0,0.0,0.0,0.0,0.0,0.0,0,0,0,0,0.0,26.279482294198804,76105.0,0.0,76105.0,76105.0,76105.0,76105.0,0.0,76105.0,76105.0,0,0,0,0,0,0,0,0,0,64,0,26.279482294198804,0.0,0.0,0.0,0.0,0.0,0.0,0,0,0,0,1,1,0,0,0.0,0.0,0.0,0.0,64,0,0,0,0,0,0,2,0,0,0,110,-1,0,32,0,0,0,0,0,0,0,0,BENIGN
172.217.6.238-10.42.0.42-443-54321-17,10.42.0.42,54321,172.217.6.238,443,17,21/06/2017 09:00:13,39910671,26,28,8563.0,5411.0,1350.0,23.0,329.3461538461539,452.18862810183026,1350.0,26.0,193.24999999999997,298.6807567360918,350.1319233645558,1.3530216016663814,753031.5283018871,3134214.0581586286,1.5705909E7,18.0,3.9910671E7,1596426.84,4463952.831861202,1.5705909E7,42.0,3.9827593E7,1475096.037037037,4330087.991506687,1.5792758E7,18.0,0,0,0,0,712,764,0.6514548452467762,0.7015667564196052,23.0,1350.0,278.61818181818177,406.87064515091515,165543.72188552193,0,0,0,0,0,0,0,0,1.0,283.77777777777777,329.34615384615387,193.25,712,0,0,0,0,0,0,26,8563,28,5411,-1,-1,25,20,186382.66666666666,109392.13390977128,269370.0,62418.0,1.3042676E7,3905214.38826974,1.5705909E7,8559696.0,BENIGN
10.42.0.1-10.42.0.42-53-12746-17,10.42.0.42,12746,10.42.0.1,53,17,21/06/2017 08:56:20,94077,1,1,37.0,118.0,37.0,37.0,37.0,0.0,118.0,118.0,118.0,0.0,1647.586551441904,21.259181308927793,94077.0,0.0,94077.0,94077.0,0,0,0,0,0,0,0,0,0,0,0,0,0,0,32,32,10.629590654463897,10.629590654463897,37.0,118.0,64.0,46.76537180435969,2187.0,0,0,0,0,0,0,0,0,1.0,96.0,37.0,118.0,32,0,0,0,0,0,0,1,37,1,118,-1,-1,0,32,0,0,0,0,0,0,0,0,BENIGN
10.42.0.1-10.42.0.42-53-12675-17,10.42.0.42,12675,10.42.0.1,53,17,21/06/2017 08:56:21,120430,1,1,36.0,117.0,36.0,36.0,36.0,0.0,117.0,117.0,117.0,0.0,1270.4475628996097,16.60715768496222,120430.0,0.0,120430.0,120430.0,0,0,0,0,0,0,0,0,0,0,0,0,0,0,32,32,8.30357884248111,8.30357884248111,36.0,117.0,63.0,46.76537180435969,2187.0,0,0,0,0,0,0,0,0,1.0,94.5,36.0,117.0,32,0,0,0,0,0,0,1,36,1,117,-1,-1,0,32,0,0,0,0,0,0,0,0,BENIGN
10.42.0.42-121.12.98.64-44222-80-6,10.42.0.42,44222,121.12.98.64,80,6,21/06/2017 09:00:02,344047,1,1,0.0,0.0,0.0,0.0,0.0,0.0,0.0,0.0,0.0,0.0,0.0,5.8131592485910355,344047.0,0.0,344047.0,344047.0,0,0,0,0,0,0,0,0,0,0,0,0,0,0,20,20,2.9065796242955177,2.9065796242955177,0.0,0.0,0.0,0.0,0.0,0,0,0,0,1,1,0,0,1.0,0.0,0.0,0.0,20,0,0,0,0,0,0,1,0,1,0,1460,0,0,20,0,0,0,0,0,0,0,0,BENIGN
10.42.0.42-52.84.40.11-34392-80-6,10.42.0.42,34392,52.84.40.11,80,6,21/06/2017 09:01:16,179076,2,0,0.0,0.0,0.0,0.0,0.0,0.0,0,0,0,0,0.0,11.168442449016059,179076.0,0.0,179076.0,179076.0,179076.0,179076.0,0.0,179076.0,179076.0,0,0,0,0,0,0,0,0,0,64,0,11.168442449016059,0.0,0.0,0.0,0.0,0.0,0.0,0,0,0,0,1,1,0,0,0.0,0.0,0.0,0.0,64,0,0,0,0,0,0,2,0,0,0,118,-1,0,32,0,0,0,0,0,0,0,0,BENIGN
10.42.0.1-10.42.0.42-53-7757-17,10.42.0.42,7757,10.42.0.1,53,17,21/06/2017 08:56:21,48474,1,1,30.0,140.0,30.0,30.0,30.0,0.0,140.0,140.0,140.0,0.0,3507.034699013904,41.25923175310476,48474.0,0.0,48474.0,48474.0,0,0,0,0,0,0,0,0,0,0,0,0,0,0,32,32,20.62961587655238,20.62961587655238,30.0,140.0,66.66666666666666,63.50852961085883,4033.333333333333,0,0,0,0,0,0,0,0,1.0,100.0,30.0,140.0,32,0,0,0,0,0,0,1,30,1,140,-1,-1,0,32,0,0,0,0,0,0,0,0,BENIGN
10.42.0.42-52.84.40.244-56063-80-6,10.42.0.42,56063,52.84.40.244,80,6,21/06/2017 09:01:15,125857,2,0,0.0,0.0,0.0,0.0,0.0,0.0,0,0,0,0,0.0,15.891050954654887,125857.0,0.0,125857.0,125857.0,125857.0,125857.0,0.0,125857.0,125857.0,0,0,0,0,0,0,0,0,0,64,0,15.891050954654887,0.0,0.0,0.0,0.0,0.0,0.0,0,0,0,0,1,1,0,0,0.0,0.0,0.0,0.0,64,0,0,0,0,0,0,2,0,0,0,118,-1,0,32,0,0,0,0,0,0,0,0,BENIGN
10.42.0.1-10.42.0.42-53-58557-17,10.42.0.42,58557,10.42.0.1,53,17,21/06/2017 08:59:13,332419,1,1,27.0,67.0,27.0,27.0,27.0,0.0,67.0,67.0,67.0,0.0,282.7756536178738,6.0165032684654,332419.0,0.0,332419.0,332419.0,0,0,0,0,0,0,0,0,0,0,0,0,0,0,20,48,3.0082516342327,3.0082516342327,27.0,67.0,40.333333333333336,23.094010767585033,533.3333333333334,0,0,0,0,0,0,0,0,1.0,60.5,27.0,67.0,20,0,0,0,0,0,0,1,27,1,67,-1,-1,0,20,0,0,0,0,0,0,0,0,BENIGN
10.42.0.1-10.42.0.42-53-59716-17,10.42.0.42,59716,10.42.0.1,53,17,21/06/2017 08:57:25,50928,1,1,47.0,63.0,47.0,47.0,47.0,0.0,63.0,63.0,63.0,0.0,2159.9120326735783,39.271127866792334,50928.0,0.0,50928.0,50928.0,0,0,0,0,0,0,0,0,0,0,0,0,0,0,32,32,19.635563933396167,19.635563933396167,47.0,63.0,52.333333333333336,9.237604307034012,85.33333333333333,0,0,0,0,0,0,0,0,1.0,78.5,47.0,63.0,32,0,0,0,0,0,0,1,47,1,63,-1,-1,0,32,0,0,0,0,0,0,0,0,BENIGN
10.42.0.42-95.213.11.133-37376-443-6,95.213.11.133,443,10.42.0.42,37376,6,21/06/2017 09:03:02,80842,2,1,0.0,0.0,0.0,0.0,0.0,0.0,0.0,0.0,0.0,0.0,0.0,37.109423319561614,40421.0,47605.256936603124,74083.0,6759.0,80842.0,80842.0,0.0,80842.0,80842.0,0,0,0,0,0,0,0,0,0,64,44,24.73961554637441,12.369807773187205,0.0,0.0,0.0,0.0,0.0,0,0,0,0,1,1,0,0,0.0,0.0,0.0,0.0,64,0,0,0,0,0,0,2,0,1,0,110,8170,0,32,0,0,0,0,0,0,0,0,BENIGN
172.217.12.163-10.42.0.42-443-42660-17,10.42.0.42,42660,172.217.12.163,443,17,21/06/2017 08:57:25,3117942,14,10,13533.0,1826.0,1350.0,38.0,966.6428571428572,577.5900338931995,1350.0,27.0,182.60000000000002,415.3721758188004,4926.005679387236,7.6973850058788775,135562.69565217398,607422.6803756729,2921204.0,5.0,3117942.0,239841.6923076923,824831.846521296,2983772.0,5.0,3048530.0,338725.5555555556,983374.1712067324,2960735.0,16.0,0,0,0,0,448,320,4.4901412534293454,3.207243752449532,27.0,1350.0,668.36,644.1925747269472,414984.0733333334,0,0,0,0,0,0,0,0,0.0,696.2083333333334,966.6428571428571,182.6,448,0,0,0,0,0,0,14,13533,10,1826,-1,-1,13,32,0,0,0,0,0,0,0,0,BENIGN
10.42.0.1-10.42.0.42-53-39842-17,10.42.0.42,39842,10.42.0.1,53,17,21/06/2017 08:59:38,31524,1,1,37.0,327.0,37.0,37.0,37.0,0.0,327.0,327.0,327.0,0.0,11546.758025631263,63.44372541555639,31524.0,0.0,31524.0,31524.0,0,0,0,0,0,0,0,0,0,0,0,0,0,0,32,32,31.721862707778197,31.721862707778197,37.0,327.0,133.66666666666669,167.43157806499147,28033.333333333336,0,0,0,0,0,0,0,0,1.0,200.5,37.0,327.0,32,0,0,0,0,0,0,1,37,1,327,-1,-1,0,32,0,0,0,0,0,0,0,0,BENIGN
10.42.0.1-10.42.0.42-53-21232-17,10.42.0.42,21232,10.42.0.1,53,17,21/06/2017 08:56:20,49854,1,1,30.0,140.0,30.0,30.0,30.0,0.0,140.0,140.0,140.0,0.0,3409.957074658001,40.11714205480001,49854.0,0.0,49854.0,49854.0,0,0,0,0,0,0,0,0,0,0,0,0,0,0,32,32,20.058571027400006,20.058571027400006,30.0,140.0,66.66666666666666,63.50852961085883,4033.333333333333,0,0,0,0,0,0,0,0,1.0,100.0,30.0,140.0,32,0,0,0,0,0,0,1,30,1,140,-1,-1,0,32,0,0,0,0,0,0,0,0,BENIGN
10.42.0.42-52.84.40.244-56062-80-6,10.42.0.42,56062,52.84.40.244,80,6,21/06/2017 09:01:15,123323,2,0,0.0,0.0,0.0,0.0,0.0,0.0,0,0,0,0,0.0,16.21757498601234,123323.0,0.0,123323.0,123323.0,123323.0,123323.0,0.0,123323.0,123323.0,0,0,0,0,0,0,0,0,0,64,0,16.21757498601234,0.0,0.0,0.0,0.0,0.0,0.0,0,0,0,0,1,1,0,0,0.0,0.0,0.0,0.0,64,0,0,0,0,0,0,2,0,0,0,118,-1,0,32,0,0,0,0,0,0,0,0,BENIGN
10.42.0.42-108.174.10.10-35580-80-6,108.174.10.10,80,10.42.0.42,35580,6,21/06/2017 08:58:14,2571,1,1,0.0,0.0,0.0,0.0,0.0,0.0,0.0,0.0,0.0,0.0,0.0,777.9074290159472,2571.0,0.0,2571.0,2571.0,0,0,0,0,0,0,0,0,0,0,0,0,0,0,32,32,388.9537145079736,388.9537145079736,0.0,0.0,0.0,0.0,0.0,0,0,0,0,1,1,0,0,1.0,0.0,0.0,0.0,32,0,0,0,0,0,0,1,0,1,0,16,1369,0,32,0,0,0,0,0,0,0,0,BENIGN
10.42.0.42-69.147.82.61-35514-443-6,10.42.0.42,35514,69.147.82.61,443,6,21/06/2017 08:56:19,201285,9,9,324.0,5673.0,198.0,0.0,36.0,73.66817494685205,1448.0,0.0,630.3333333333334,676.88662270723,29793.576272449514,89.4254415381176,11840.29411764706,16202.057684769185,41782.0,7.0,201285.0,25160.625,27443.6158849246,79571.0,7.0,100320.0,12540.0,23098.759997639947,58863.0,7.0,0,0,0,0,296,296,44.7127207690588,44.7127207690588,0.0,1448.0,315.6315789473684,547.9011681484897,300195.69005847955,0,0,0,1,0,0,0,0,1.0,333.1666666666667,36.0,630.3333333333334,296,0,0,0,0,0,0,9,324,9,5673,65535,61,2,32,0,0,0,0,0,0,0,0,BENIGN
10.42.0.1-10.42.0.42-53-34040-17,10.42.0.42,34040,10.42.0.1,53,17,21/06/2017 08:56:21,48278,1,1,34.0,97.0,34.0,34.0,34.0,0.0,97.0,97.0,97.0,0.0,2713.451261444136,41.426736815941005,48278.0,0.0,48278.0,48278.0,0,0,0,0,0,0,0,0,0,0,0,0,0,0,32,32,20.713368407970503,20.713368407970503,34.0,97.0,55.0,36.373066958946424,1323.0,0,0,0,0,0,0,0,0,1.0,82.5,34.0,97.0,32,0,0,0,0,0,0,1,34,1,97,-1,-1,0,32,0,0,0,0,0,0,0,0,BENIGN
10.42.0.42-108.174.10.10-47723-443-6,10.42.0.42,47723,108.174.10.10,443,6,21/06/2017 08:57:22,53572939,7,8,330.0,3125.0,204.0,0.0,47.142857142857146,83.60109363604556,1448.0,0.0,390.625,653.229983018451,64.49151501656462,0.27999210571591004,3826638.5,1.4278222191707347E7,5.3434817E7,6.0,5.3572939E7,8928823.166666668,2.180340598931692E7,5.3434817E7,487.0,74791.0,10684.42857142857,17788.073756097958,41499.0,6.0,0,0,0,0,232,264,0.13066298266742468,0.14932912304848536,0.0,1448.0,215.9375,484.361912726424,234606.4625,0,0,0,1,0,0,0,0,1.0,230.33333333333334,47.142857142857146,390.625,232,0,0,0,0,0,0,7,330,8,3125,65535,16,2,32,138122.0,0.0,138122.0,138122.0,5.3434817E7,0.0,5.3434817E7,5.3434817E7,BENIGN
10.42.0.42-121.12.98.63-60451-80-6,121.12.98.63,80,10.42.0.42,60451,6,21/06/2017 09:00:01,6304,1,1,0.0,0.0,0.0,0.0,0.0,0.0,0.0,0.0,0.0,0.0,0.0,317.25888324873097,6304.0,0.0,6304.0,6304.0,0,0,0,0,0,0,0,0,0,0,0,0,0,0,20,20,158.62944162436548,158.62944162436548,0.0,0.0,0.0,0.0,0.0,0,0,0,0,1,1,0,0,1.0,0.0,0.0,0.0,20,0,0,0,0,0,0,1,0,1,0,502,1369,0,20,0,0,0,0,0,0,0,0,BENIGN
10.42.0.1-10.42.0.42-53-29524-17,10.42.0.42,29524,10.42.0.1,53,17,21/06/2017 08:56:20,48063,1,1,30.0,140.0,30.0,30.0,30.0,0.0,140.0,140.0,140.0,0.0,3537.0243222437216,41.612050849926135,48063.0,0.0,48063.0,48063.0,0,0,0,0,0,0,0,0,0,0,0,0,0,0,32,32,20.806025424963067,20.806025424963067,30.0,140.0,66.66666666666666,63.50852961085883,4033.333333333333,0,0,0,0,0,0,0,0,1.0,100.0,30.0,140.0,32,0,0,0,0,0,0,1,30,1,140,-1,-1,0,32,0,0,0,0,0,0,0,0,BENIGN
10.42.0.1-10.42.0.42-53-47165-17,10.42.0.42,47165,10.42.0.1,53,17,21/06/2017 08:56:20,48353,1,1,35.0,145.0,35.0,35.0,35.0,0.0,145.0,145.0,145.0,0.0,3722.623208487581,41.362480094306456,48353.0,0.0,48353.0,48353.0,0,0,0,0,0,0,0,0,0,0,0,0,0,0,32,32,20.681240047153228,20.681240047153228,35.0,145.0,71.66666666666666,63.50852961085883,4033.333333333333,0,0,0,0,0,0,0,0,1.0,107.5,35.0,145.0,32,0,0,0,0,0,0,1,35,1,145,-1,-1,0,32,0,0,0,0,0,0,0,0,BENIGN
10.42.0.1-10.42.0.42-53-39220-17,10.42.0.42,39220,10.42.0.1,53,17,21/06/2017 08:56:20,94630,1,1,32.0,95.0,32.0,32.0,32.0,0.0,95.0,95.0,95.0,0.0,1342.069111275494,21.134946634259748,94630.0,0.0,94630.0,94630.0,0,0,0,0,0,0,0,0,0,0,0,0,0,0,32,32,10.567473317129874,10.567473317129874,32.0,95.0,53.0,36.373066958946424,1323.0,0,0,0,0,0,0,0,0,1.0,79.5,32.0,95.0,32,0,0,0,0,0,0,1,32,1,95,-1,-1,0,32,0,0,0,0,0,0,0,0,BENIGN
172.217.7.6-10.42.0.42-443-42485-6,10.42.0.42,42485,172.217.7.6,443,6,21/06/2017 09:00:25,23652,1,1,0.0,0.0,0.0,0.0,0.0,0.0,0.0,0.0,0.0,0.0,0.0,84.5594452900389,23652.0,0.0,23652.0,23652.0,0,0,0,0,0,0,0,0,0,0,0,0,0,0,44,32,42.27972264501945,42.27972264501945,0.0,0.0,0.0,0.0,0.0,0,0,0,0,1,0,0,0,1.0,0.0,0.0,0.0,44,0,0,0,0,0,0,1,0,1,0,1594,357,0,44,0,0,0,0,0,0,0,0,BENIGN
10.42.0.1-10.42.0.42-53-7623-17,10.42.0.42,7623,10.42.0.1,53,17,21/06/2017 08:59:16,257559,1,1,30.0,77.0,30.0,30.0,30.0,0.0,77.0,77.0,77.0,0.0,415.43879266498163,7.765211077850124,257559.0,0.0,257559.0,257559.0,0,0,0,0,0,0,0,0,0,0,0,0,0,0,20,40,3.882605538925062,3.882605538925062,30.0,77.0,45.666666666666664,27.13546265191241,736.3333333333333,0,0,0,0,0,0,0,0,1.0,68.5,30.0,77.0,20,0,0,0,0,0,0,1,30,1,77,-1,-1,0,20,0,0,0,0,0,0,0,0,BENIGN
10.42.0.1-10.42.0.42-53-14919-17,10.42.0.42,14919,10.42.0.1,53,17,21/06/2017 08:57:24,53246,1,1,41.0,127.0,41.0,41.0,41.0,0.0,127.0,127.0,127.0,0.0,3155.1665852834017,37.56150696765954,53246.0,0.0,53246.0,53246.0,0,0,0,0,0,0,0,0,0,0,0,0,0,0,32,32,18.78075348382977,18.78075348382977,41.0,127.0,69.66666666666667,49.652123150307816,2465.3333333333335,0,0,0,0,0,0,0,0,1.0,104.5,41.0,127.0,32,0,0,0,0,0,0,1,41,1,127,-1,-1,0,32,0,0,0,0,0,0,0,0,BENIGN
10.42.0.42-54.192.36.12-40453-80-6,10.42.0.42,40453,54.192.36.12,80,6,21/06/2017 09:01:17,134298,2,0,0.0,0.0,0.0,0.0,0.0,0.0,0,0,0,0,0.0,14.892254538414571,134298.0,0.0,134298.0,134298.0,134298.0,134298.0,0.0,134298.0,134298.0,0,0,0,0,0,0,0,0,0,64,0,14.892254538414571,0.0,0.0,0.0,0.0,0.0,0.0,0,0,0,0,1,1,0,0,0.0,0.0,0.0,0.0,64,0,0,0,0,0,0,2,0,0,0,118,-1,0,32,0,0,0,0,0,0,0,0,BENIGN
10.42.0.1-10.42.0.42-53-45777-17,10.42.0.42,45777,10.42.0.1,53,17,21/06/2017 08:59:14,100512,1,1,33.0,49.0,33.0,33.0,33.0,0.0,49.0,49.0,49.0,0.0,815.8229863100923,19.898121617319322,100512.0,0.0,100512.0,100512.0,0,0,0,0,0,0,0,0,0,0,0,0,0,0,20,20,9.949060808659661,9.949060808659661,33.0,49.0,38.333333333333336,9.237604307034012,85.33333333333333,0,0,0,0,0,0,0,0,1.0,57.5,33.0,49.0,20,0,0,0,0,0,0,1,33,1,49,-1,-1,0,20,0,0,0,0,0,0,0,0,BENIGN
10.42.0.42-69.147.82.61-35517-443-6,10.42.0.42,35517,69.147.82.61,443,6,21/06/2017 08:56:19,209759,9,9,324.0,5673.0,198.0,0.0,36.0,73.66817494685205,1448.0,0.0,630.3333333333334,676.88662270723,28589.953232042488,85.81276607916705,12338.764705882353,15826.549416760954,36981.0,6.0,209759.0,26219.875,24438.96356486911,69207.0,420.0,109802.0,13725.250000000002,25637.022602645797,68029.0,6.0,0,0,0,0,296,296,42.906383039583524,42.906383039583524,0.0,1448.0,315.6315789473684,547.9011681484897,300195.69005847955,0,0,0,1,0,0,0,0,1.0,333.1666666666667,36.0,630.3333333333334,296,0,0,0,0,0,0,9,324,9,5673,65535,61,2,32,0,0,0,0,0,0,0,0,BENIGN
10.42.0.42-95.213.11.133-37165-80-6,10.42.0.42,37165,95.213.11.133,80,6,21/06/2017 09:06:42,183525,2,0,0.0,0.0,0.0,0.0,0.0,0.0,0,0,0,0,0.0,10.897697861326796,183525.0,0.0,183525.0,183525.0,183525.0,183525.0,0.0,183525.0,183525.0,0,0,0,0,0,0,0,0,0,64,0,10.897697861326796,0.0,0.0,0.0,0.0,0.0,0.0,0,0,0,0,1,1,0,0,0.0,0.0,0.0,0.0,64,0,0,0,0,0,0,2,0,0,0,110,-1,0,32,0,0,0,0,0,0,0,0,BENIGN
172.217.10.238-10.42.0.42-443-52148-6,10.42.0.42,52148,172.217.10.238,443,6,21/06/2017 09:00:26,42659,2,0,0.0,0.0,0.0,0.0,0.0,0.0,0,0,0,0,0.0,46.88342436531564,42659.0,0.0,42659.0,42659.0,42659.0,42659.0,0.0,42659.0,42659.0,0,0,0,0,0,0,0,0,0,64,0,46.88342436531564,0.0,0.0,0.0,0.0,0.0,0.0,0,0,0,0,1,1,0,0,0.0,0.0,0.0,0.0,64,0,0,0,0,0,0,2,0,0,0,362,-1,0,32,0,0,0,0,0,0,0,0,BENIGN
172.217.10.238-10.42.0.42-443-44357-6,172.217.10.238,443,10.42.0.42,44357,6,21/06/2017 08:58:19,177748,1,1,0.0,0.0,0.0,0.0,0.0,0.0,0.0,0.0,0.0,0.0,0.0,11.25188469068569,177748.0,0.0,177748.0,177748.0,0,0,0,0,0,0,0,0,0,0,0,0,0,0,32,32,5.625942345342845,5.625942345342845,0.0,0.0,0.0,0.0,0.0,0,0,0,0,1,1,0,0,1.0,0.0,0.0,0.0,32,0,0,0,0,0,0,1,0,1,0,554,1419,0,32,0,0,0,0,0,0,0,0,BENIGN
10.42.0.1-10.42.0.42-53-38039-17,10.42.0.42,38039,10.42.0.1,53,17,21/06/2017 08:56:20,47442,1,1,33.0,96.0,33.0,33.0,33.0,0.0,96.0,96.0,96.0,0.0,2719.1096496775012,42.15673875468994,47442.0,0.0,47442.0,47442.0,0,0,0,0,0,0,0,0,0,0,0,0,0,0,32,32,21.07836937734497,21.07836937734497,33.0,96.0,54.0,36.373066958946424,1323.0,0,0,0,0,0,0,0,0,1.0,81.0,33.0,96.0,32,0,0,0,0,0,0,1,33,1,96,-1,-1,0,32,0,0,0,0,0,0,0,0,BENIGN
10.42.0.1-10.42.0.42-53-1071-17,10.42.0.42,1071,10.42.0.1,53,17,21/06/2017 08:59:09,280481,1,1,28.0,44.0,28.0,28.0,28.0,0.0,44.0,44.0,44.0,0.0,256.7018799847405,7.130607777353903,280481.0,0.0,280481.0,280481.0,0,0,0,0,0,0,0,0,0,0,0,0,0,0,44,32,3.5653038886769517,3.5653038886769517,28.0,44.0,33.333333333333336,9.237604307034012,85.33333333333333,0,0,0,0,0,0,0,0,1.0,50.0,28.0,44.0,44,0,0,0,0,0,0,1,28,1,44,-1,-1,0,44,0,0,0,0,0,0,0,0,BENIGN
10.42.0.1-10.42.0.42-53-21121-17,10.42.0.42,21121,10.42.0.1,53,17,21/06/2017 08:59:16,1842947,1,1,30.0,185.0,30.0,30.0,30.0,0.0,185.0,185.0,185.0,0.0,116.66097831353805,1.085218402916633,1842947.0,0.0,1842947.0,1842947.0,0,0,0,0,0,0,0,0,0,0,0,0,0,0,40,40,0.5426092014583165,0.5426092014583165,30.0,185.0,81.66666666666666,89.48929172439199,8008.333333333333,0,0,0,0,0,0,0,0,1.0,122.5,30.0,185.0,40,0,0,0,0,0,0,1,30,1,185,-1,-1,0,40,0,0,0,0,0,0,0,0,BENIGN
10.42.0.42-52.84.31.145-54194-443-6,52.84.31.145,443,10.42.0.42,54194,6,21/06/2017 09:02:44,29321,1,2,0.0,0.0,0.0,0.0,0.0,0.0,0.0,0.0,0.0,0.0,0.0,102.31574639336993,14660.5,20641.154049616507,29256.0,65.0,0,0,0,0,0,65.0,65.0,0.0,65.0,65.0,0,0,0,0,32,76,34.10524879778998,68.21049759557997,0.0,0.0,0.0,0.0,0.0,0,0,0,0,1,1,0,0,2.0,0.0,0.0,0.0,32,0,0,0,0,0,0,1,0,2,0,122,1641,0,32,0,0,0,0,0,0,0,0,BENIGN
10.42.0.42-104.192.110.245-45303-443-6,10.42.0.42,45303,104.192.110.245,443,6,21/06/2017 09:02:17,105855,3,1,0.0,0.0,0.0,0.0,0.0,0.0,0.0,0.0,0.0,0.0,0.0,37.787539558830474,35285.0,51087.112083185915,93881.0,90.0,105855.0,52927.5,74723.50910188841,105765.0,90.0,0,0,0,0,0,0,0,0,0,60,20,28.340654669122856,9.446884889707619,0.0,0.0,0.0,0.0,0.0,1,0,0,0,0,0,0,0,0.0,0.0,0.0,0.0,60,0,0,0,0,0,0,3,0,1,0,0,33,0,20,0,0,0,0,0,0,0,0,BENIGN
172.217.6.238-10.42.0.42-443-38008-17,10.42.0.42,38008,172.217.6.238,443,17,21/06/2017 08:59:23,235340,10,10,4020.0,2852.0,1350.0,35.0,402.0,512.5060433248026,1350.0,27.0,285.2,421.0227758420888,29200.305940341634,84.98342823149486,12386.315789473685,16568.606177724025,55068.0,29.0,235340.0,26148.88888888889,33731.39657442471,96066.0,193.0,167337.0,18593.0,21766.778344532293,55068.0,29.0,0,0,0,0,400,400,42.49171411574743,42.49171411574743,27.0,1350.0,391.52380952380946,499.60610675287177,249606.2619047619,0,0,0,0,0,0,0,0,1.0,411.1,402.0,285.2,400,0,0,0,0,0,0,10,4020,10,2852,-1,-1,9,40,0,0,0,0,0,0,0,0,BENIGN
10.42.0.42-52.84.40.197-47416-80-6,10.42.0.42,47416,52.84.40.197,80,6,21/06/2017 09:01:16,37874,2,0,0.0,0.0,0.0,0.0,0.0,0.0,0,0,0,0,0.0,52.80667476369013,37874.0,0.0,37874.0,37874.0,37874.0,37874.0,0.0,37874.0,37874.0,0,0,0,0,0,0,0,0,0,64,0,52.80667476369013,0.0,0.0,0.0,0.0,0.0,0.0,0,0,0,0,1,1,0,0,0.0,0.0,0.0,0.0,64,0,0,0,0,0,0,2,0,0,0,118,-1,0,32,0,0,0,0,0,0,0,0,BENIGN
10.42.0.42-69.147.82.61-35516-443-6,10.42.0.42,35516,69.147.82.61,443,6,21/06/2017 08:56:19,201156,8,9,324.0,5673.0,198.0,0.0,40.5,77.42092740338364,1448.0,0.0,630.3333333333334,676.88662270723,29812.682694028514,84.51152339477818,12572.249999999998,16117.43470283035,38046.0,4.0,201156.0,28736.57142857143,25674.23434013916,74638.0,531.0,103133.0,12891.625,24037.933378828555,61791.0,4.0,0,0,0,0,264,296,39.770128656366204,44.74139473841198,0.0,1448.0,333.16666666666663,558.2727827863365,311668.5,0,0,0,1,0,0,0,0,1.0,352.7647058823529,40.5,630.3333333333334,264,0,0,0,0,0,0,8,324,9,5673,65535,61,2,32,0,0,0,0,0,0,0,0,BENIGN
172.217.9.234-10.42.0.42-443-37268-6,10.42.0.42,37268,172.217.9.234,443,6,21/06/2017 09:00:29,192480,2,0,0.0,0.0,0.0,0.0,0.0,0.0,0,0,0,0,0.0,10.390689941812136,192480.0,0.0,192480.0,192480.0,192480.0,192480.0,0.0,192480.0,192480.0,0,0,0,0,0,0,0,0,0,64,0,10.390689941812136,0.0,0.0,0.0,0.0,0.0,0.0,0,0,0,0,1,1,0,0,0.0,0.0,0.0,0.0,64,0,0,0,0,0,0,2,0,0,0,1622,-1,0,32,0,0,0,0,0,0,0,0,BENIGN
10.42.0.42-125.88.193.249-49465-80-6,10.42.0.42,49465,125.88.193.249,80,6,21/06/2017 08:59:17,31084082,6,0,0.0,0.0,0.0,0.0,0.0,0.0,0,0,0,0,0.0,0.19302484146065502,6216816.4,6118857.349190557,1.6054153E7,1006763.0,3.1084082E7,6216816.4,6118857.349190557,1.6054153E7,1006763.0,0,0,0,0,0,0,0,0,0,240,0,0.19302484146065502,0.0,0.0,0.0,0.0,0.0,0.0,0,0,0,1,0,0,0,0,0.0,0.0,0.0,0.0,240,0,0,0,0,0,0,6,0,0,0,65535,-1,0,40,7020047.0,0.0,7020047.0,7020047.0,1.20320175E7,5688158.57380229,1.6054153E7,8009882.0,BENIGN
172.217.6.227-10.42.0.42-443-33084-17,10.42.0.42,33084,172.217.6.227,443,17,21/06/2017 08:56:21,3190130,14,9,10210.0,1875.0,1350.0,38.0,729.2857142857142,622.9697397974453,1350.0,27.0,208.33333333333334,433.64386309505176,3788.2468739518454,7.20973753420707,145005.9090909091,632931.939097638,2978153.0,5.0,3190130.0,245394.61538461538,821703.2755070955,2978153.0,5.0,3121278.0,390159.75,1072435.4361445261,3044199.0,30.0,0,0,0,0,448,288,4.388535890386912,2.821201643820158,27.0,1350.0,559.7916666666666,614.6011063507259,377734.51992753625,0,0,0,0,0,0,0,0,0.0,584.1304347826087,729.2857142857143,208.33333333333334,448,0,0,0,0,0,0,14,10210,9,1875,-1,-1,13,32,0,0,0,0,0,0,0,0,BENIGN
10.42.0.1-10.42.0.42-53-23589-17,10.42.0.42,23589,10.42.0.1,53,17,21/06/2017 08:56:22,48138,1,1,31.0,117.0,31.0,31.0,31.0,0.0,117.0,117.0,117.0,0.0,3074.494162615813,41.5472184137272,48138.0,0.0,48138.0,48138.0,0,0,0,0,0,0,0,0,0,0,0,0,0,0,32,32,20.7736092068636,20.7736092068636,31.0,117.0,59.66666666666667,49.652123150307816,2465.3333333333335,0,0,0,0,0,0,0,0,1.0,89.5,31.0,117.0,32,0,0,0,0,0,0,1,31,1,117,-1,-1,0,32,0,0,0,0,0,0,0,0,BENIGN
10.42.0.1-10.42.0.42-53-30923-17,10.42.0.42,30923,10.42.0.1,53,17,21/06/2017 09:00:45,49201,1,1,42.0,141.0,42.0,42.0,42.0,0.0,141.0,141.0,141.0,0.0,3719.436596817138,40.649580293083474,49201.0,0.0,49201.0,49201.0,0,0,0,0,0,0,0,0,0,0,0,0,0,0,32,32,20.324790146541737,20.324790146541737,42.0,141.0,75.0,57.15767664977295,3267.0,0,0,0,0,0,0,0,0,1.0,112.5,42.0,141.0,32,0,0,0,0,0,0,1,42,1,141,-1,-1,0,32,0,0,0,0,0,0,0,0,BENIGN
10.42.0.1-10.42.0.42-53-13393-17,10.42.0.42,13393,10.42.0.1,53,17,21/06/2017 08:57:22,201427,1,1,34.0,171.0,34.0,34.0,34.0,0.0,171.0,171.0,171.0,0.0,1017.7384362573042,9.929155475681016,201427.0,0.0,201427.0,201427.0,0,0,0,0,0,0,0,0,0,0,0,0,0,0,32,32,4.964577737840508,4.964577737840508,34.0,171.0,79.66666666666666,79.09698687897873,6256.333333333333,0,0,0,0,0,0,0,0,1.0,119.5,34.0,171.0,32,0,0,0,0,0,0,1,34,1,171,-1,-1,0,32,0,0,0,0,0,0,0,0,BENIGN
10.42.0.1-10.42.0.42-53-16887-17,10.42.0.42,16887,10.42.0.1,53,17,21/06/2017 08:59:16,98939,1,1,34.0,81.0,34.0,34.0,34.0,0.0,81.0,81.0,81.0,0.0,1162.3323461931088,20.21447558596711,98939.0,0.0,98939.0,98939.0,0,0,0,0,0,0,0,0,0,0,0,0,0,0,40,20,10.107237792983556,10.107237792983556,34.0,81.0,49.666666666666664,27.13546265191241,736.3333333333333,0,0,0,0,0,0,0,0,1.0,74.5,34.0,81.0,40,0,0,0,0,0,0,1,34,1,81,-1,-1,0,40,0,0,0,0,0,0,0,0,BENIGN
10.42.0.42-95.213.11.181-36897-80-6,95.213.11.181,80,10.42.0.42,36897,6,21/06/2017 08:59:09,98638,1,1,0.0,0.0,0.0,0.0,0.0,0.0,0.0,0.0,0.0,0.0,0.0,20.27616131713944,98638.0,0.0,98638.0,98638.0,0,0,0,0,0,0,0,0,0,0,0,0,0,0,32,32,10.13808065856972,10.13808065856972,0.0,0.0,0.0,0.0,0.0,0,0,0,0,1,1,0,0,1.0,0.0,0.0,0.0,32,0,0,0,0,0,0,1,0,1,0,110,1369,0,32,0,0,0,0,0,0,0,0,BENIGN
10.42.0.42-52.22.102.34-56710-443-6,52.22.102.34,443,10.42.0.42,56710,6,21/06/2017 09:01:51,7807,1,1,0.0,0.0,0.0,0.0,0.0,0.0,0.0,0.0,0.0,0.0,0.0,256.1803509670808,7807.0,0.0,7807.0,7807.0,0,0,0,0,0,0,0,0,0,0,0,0,0,0,32,44,128.0901754835404,128.0901754835404,0.0,0.0,0.0,0.0,0.0,0,0,0,0,1,1,0,0,1.0,0.0,0.0,0.0,32,0,0,0,0,0,0,1,0,1,0,79,1505,0,32,0,0,0,0,0,0,0,0,BENIGN
10.42.0.1-10.42.0.42-53-15194-17,10.42.0.42,15194,10.42.0.1,53,17,21/06/2017 08:59:15,1743214,1,1,30.0,185.0,30.0,30.0,30.0,0.0,185.0,185.0,185.0,0.0,123.33540230860926,1.147306067987063,1743214.0,0.0,1743214.0,1743214.0,0,0,0,0,0,0,0,0,0,0,0,0,0,0,20,20,0.5736530339935315,0.5736530339935315,30.0,185.0,81.66666666666666,89.48929172439199,8008.333333333333,0,0,0,0,0,0,0,0,1.0,122.5,30.0,185.0,20,0,0,0,0,0,0,1,30,1,185,-1,-1,0,20,0,0,0,0,0,0,0,0,BENIGN
172.217.3.100-10.42.0.42-443-35367-6,10.42.0.42,35367,172.217.3.100,443,6,21/06/2017 09:00:52,67200,2,0,0.0,0.0,0.0,0.0,0.0,0.0,0,0,0,0,0.0,29.761904761904763,67200.0,0.0,67200.0,67200.0,67200.0,67200.0,0.0,67200.0,67200.0,0,0,0,0,0,0,0,0,0,64,0,29.761904761904763,0.0,0.0,0.0,0.0,0.0,0.0,0,0,0,0,1,1,0,0,0.0,0.0,0.0,0.0,64,0,0,0,0,0,0,2,0,0,0,383,-1,0,32,0,0,0,0,0,0,0,0,BENIGN
